"","x","yplot","target","ftrue","fwrong"
"1",-4.93987975951904,-0.894948218383258,0.751503006012024,0.0611901942787207,0.257190194278721
"2",-4.71943887775551,-0.714121023611109,0.751503006012024,0.0611901942787207,0.257190194278721
"3",-4.39879759519038,-0.625577696727997,0.751503006012024,0.0611901942787207,0.257190194278721
"4",-3.99799599198397,-0.576005227264271,0.751503006012024,0.0611901942787207,0.257190194278721
"5",-3.67735470941884,-0.669165853018775,0.751503006012024,0.0611901942787207,0.257190194278721
"6",-3.45691382765531,-0.555359262214889,0.751503006012024,0.0611901942787207,0.257190194278721
"7",-3.35671342685371,-0.405984756304357,0.751503006012024,0.0611901942787207,0.257190194278721
"8",-3.2565130260521,-0.733220841441317,0.751503006012024,0.0611901942787207,0.257190194278721
"9",-3.23647294589178,-0.660060468457128,0.751503006012024,0.0611901942787207,0.257190194278721
"10",-3.17635270541082,-0.560933258376012,0.751503006012024,0.0611901942787207,0.257190194278721
"11",-2.69539078156313,-0.54153308675596,0.751503006012024,0.0611901942787207,0.257190194278721
"12",-2.29458917835671,-0.585365877420513,0.751503006012024,0.0611901942787207,0.257190194278721
"13",-1.8937875751503,-0.613905150318547,0.751503006012024,0.0611901942787207,0.257190194278721
"14",-1.35270541082164,-0.283630732557511,0.751503006012024,0.0611901942787207,0.257190194278721
"15",-0.671342685370742,-0.252133077617994,0.751503006012024,0.0611901942787207,0.257190194278721
"16",-0.290581162324649,-0.0397024858580738,0.751503006012024,0.0611901942787207,0.257190194278721
"17",-0.170340681362726,-0.175203809327508,0.751503006012024,0.0611901942787207,0.257190194278721
"18",0.170340681362725,-0.128106395136186,0.751503006012024,0.0611901942787207,0.257190194278721
"19",0.490981963927855,0.103476474402469,0.751503006012024,0.0611901942787207,0.257190194278721
"20",0.591182364729459,-0.0420889171186854,0.751503006012024,0.0611901942787207,0.257190194278721
"21",0.651302605210421,0.156884516865101,0.751503006012024,0.0611901942787207,0.257190194278721
"22",0.891783567134269,0.065499305082025,0.751503006012024,0.0611901942787207,0.257190194278721
"23",0.911823647294589,0.0207355926322887,0.751503006012024,0.0611901942787207,0.257190194278721
"24",1.07214428857715,0.245751558644515,0.751503006012024,0.0611901942787207,0.257190194278721
"25",1.4128256513026,0.168595000723101,0.751503006012024,0.0611901942787207,0.257190194278721
"26",1.45290581162325,0.0793957763572717,0.751503006012024,0.0611901942787207,0.257190194278721
"27",1.53306613226453,0.0406068350598488,0.751503006012024,0.0611901942787207,0.257190194278721
"28",1.61322645290581,0.272251025385221,0.751503006012024,0.0611901942787207,0.257190194278721
"29",2.17434869739479,0.374511055410749,0.751503006012024,0.0611901942787207,0.257190194278721
"30",2.4749498997996,0.43719660992975,0.751503006012024,0.0611901942787207,0.257190194278721
"31",2.5751503006012,0.408535747803035,0.751503006012024,0.0611901942787207,0.257190194278721
"32",2.75551102204409,0.552132610575334,0.751503006012024,0.0611901942787207,0.257190194278721
"33",3.23647294589178,0.524629712668902,0.751503006012024,0.0611901942787207,0.257190194278721
"34",3.53707414829659,0.654975411185989,0.751503006012024,0.0611901942787207,0.257190194278721
"35",4.13827655310621,0.868031198357265,0.751503006012024,0.0611901942787207,0.257190194278721
"36",4.35871743486974,0.733674976819548,0.751503006012024,0.0611901942787207,0.257190194278721
"37",4.43887775551102,0.793687671833013,0.751503006012024,0.0611901942787207,0.257190194278721
"38",4.49899799599198,0.650187259683258,0.751503006012024,0.0611901942787207,0.257190194278721
"39",4.61923847695391,0.619589386819521,0.751503006012024,0.0611901942787207,0.257190194278721
"40",4.77955911823647,0.693145816510771,0.751503006012024,0.0611901942787207,0.257190194278721
