"","x","yplot","target","ftrue","fwrong"
"1",-4.97995991983968,-0.864268996129261,-4.25851703406814,-0.698621340233832,-0.894621340233832
"2",-4.95991983967936,-0.911888145663402,-4.25851703406814,-0.698621340233832,-0.894621340233832
"3",-4.8997995991984,-0.84324851121195,-4.25851703406814,-0.698621340233832,-0.894621340233832
"4",-4.87975951903808,-0.805893676391774,-4.25851703406814,-0.698621340233832,-0.894621340233832
"5",-4.81963927855711,-0.751945719719828,-4.25851703406814,-0.698621340233832,-0.894621340233832
"6",-4.79959919839679,-0.809273425474277,-4.25851703406814,-0.698621340233832,-0.894621340233832
"7",-4.65931863727455,-0.774894032089846,-4.25851703406814,-0.698621340233832,-0.894621340233832
"8",-4.63927855711423,-0.768946813591631,-4.25851703406814,-0.698621340233832,-0.894621340233832
"9",-4.61923847695391,-0.652359741090336,-4.25851703406814,-0.698621340233832,-0.894621340233832
"10",-4.59919839679359,-0.715342408620626,-4.25851703406814,-0.698621340233832,-0.894621340233832
"11",-4.53907815631263,-1.01518963400112,-4.25851703406814,-0.698621340233832,-0.894621340233832
"12",-4.37875751503006,-0.868440050801411,-4.25851703406814,-0.698621340233832,-0.894621340233832
"13",-4.35871743486974,-0.721358697585737,-4.25851703406814,-0.698621340233832,-0.894621340233832
"14",-4.3186372745491,-0.859253701725992,-4.25851703406814,-0.698621340233832,-0.894621340233832
"15",-4.19839679358717,-0.749641201985443,-4.25851703406814,-0.698621340233832,-0.894621340233832
"16",-4.13827655310621,-0.651743180078495,-4.25851703406814,-0.698621340233832,-0.894621340233832
"17",-4.07815631262525,-0.510874727143628,-4.25851703406814,-0.698621340233832,-0.894621340233832
"18",-3.8376753507014,-0.535903524037374,-4.25851703406814,-0.698621340233832,-0.894621340233832
"19",-3.81763527054108,-0.564210416909665,-4.25851703406814,-0.698621340233832,-0.894621340233832
"20",-3.75751503006012,-0.543674040625214,-4.25851703406814,-0.698621340233832,-0.894621340233832
"21",-3.7374749498998,-0.695493629987868,-4.25851703406814,-0.698621340233832,-0.894621340233832
"22",-3.61723446893788,-0.611563134101367,-4.25851703406814,-0.698621340233832,-0.894621340233832
"23",-3.57715430861723,-0.639170141518441,-4.25851703406814,-0.698621340233832,-0.894621340233832
"24",-3.53707414829659,-0.660351793939385,-4.25851703406814,-0.698621340233832,-0.894621340233832
"25",-3.49699398797595,-0.634999636493414,-4.25851703406814,-0.698621340233832,-0.894621340233832
"26",-3.35671342685371,-0.591170148248391,-4.25851703406814,-0.698621340233832,-0.894621340233832
"27",-3.33667334669339,-0.52914823805438,-4.25851703406814,-0.698621340233832,-0.894621340233832
"28",-3.27655310621242,-0.412044238415092,-4.25851703406814,-0.698621340233832,-0.894621340233832
"29",-2.15430861723447,-0.227404404377124,-4.25851703406814,-0.698621340233832,-0.894621340233832
"30",-1.8937875751503,-0.218681189095349,-4.25851703406814,-0.698621340233832,-0.894621340233832
"31",-0.831663326653307,0.192984489923562,-4.25851703406814,-0.698621340233832,-0.894621340233832
"32",-0.571142284569138,0.470201118194215,-4.25851703406814,-0.698621340233832,-0.894621340233832
"33",1.43286573146293,0.788501131039067,-4.25851703406814,-0.698621340233832,-0.894621340233832
"34",1.83366733466934,0.807145155007461,-4.25851703406814,-0.698621340233832,-0.894621340233832
"35",2.69539078156313,0.775585660886117,-4.25851703406814,-0.698621340233832,-0.894621340233832
"36",2.79559118236473,0.950575223145796,-4.25851703406814,-0.698621340233832,-0.894621340233832
"37",2.91583166332665,0.935891776491664,-4.25851703406814,-0.698621340233832,-0.894621340233832
"38",3.57715430861723,0.945935522396009,-4.25851703406814,-0.698621340233832,-0.894621340233832
"39",3.61723446893788,1.00251556280267,-4.25851703406814,-0.698621340233832,-0.894621340233832
"40",4.07815631262525,0.745236758477375,-4.25851703406814,-0.698621340233832,-0.894621340233832
