"","x","yplot","target","ftrue","fwrong"
"1",-4.79959919839679,-1.02409357012055,-3.75751503006012,-0.836609179620037,-0.640609179620037
"2",-4.73947895791583,-0.83724136223235,-3.75751503006012,-0.836609179620037,-0.640609179620037
"3",-4.49899799599198,-1.0474104301888,-3.75751503006012,-0.836609179620037,-0.640609179620037
"4",-4.3186372745491,-1.03891576783925,-3.75751503006012,-0.836609179620037,-0.640609179620037
"5",-4.27855711422846,-0.812462021381487,-3.75751503006012,-0.836609179620037,-0.640609179620037
"6",-4.25851703406814,-0.866379105777731,-3.75751503006012,-0.836609179620037,-0.640609179620037
"7",-4.23847695390782,-0.663887427301969,-3.75751503006012,-0.836609179620037,-0.640609179620037
"8",-4.09819639278557,-0.934089242010679,-3.75751503006012,-0.836609179620037,-0.640609179620037
"9",-4.03807615230461,-0.746283158650588,-3.75751503006012,-0.836609179620037,-0.640609179620037
"10",-3.91783567134269,-0.921162775596646,-3.75751503006012,-0.836609179620037,-0.640609179620037
"11",-3.85771543086172,-0.724585843783318,-3.75751503006012,-0.836609179620037,-0.640609179620037
"12",-3.75751503006012,-0.80024225069556,-3.75751503006012,-0.836609179620037,-0.640609179620037
"13",-3.7374749498998,-0.95950359766556,-3.75751503006012,-0.836609179620037,-0.640609179620037
"14",-3.67735470941884,-0.691597143256632,-3.75751503006012,-0.836609179620037,-0.640609179620037
"15",-3.57715430861723,-0.796389706775266,-3.75751503006012,-0.836609179620037,-0.640609179620037
"16",-3.55711422845691,-0.698016144346005,-3.75751503006012,-0.836609179620037,-0.640609179620037
"17",-3.47695390781563,-0.780988303958268,-3.75751503006012,-0.836609179620037,-0.640609179620037
"18",-3.39679358717435,-0.750771624928047,-3.75751503006012,-0.836609179620037,-0.640609179620037
"19",-3.35671342685371,-0.73871560048644,-3.75751503006012,-0.836609179620037,-0.640609179620037
"20",-3.33667334669339,-1.06416330031351,-3.75751503006012,-0.836609179620037,-0.640609179620037
"21",-3.21643286573146,-0.921484026088633,-3.75751503006012,-0.836609179620037,-0.640609179620037
"22",-3.13627254509018,-0.901305534429022,-3.75751503006012,-0.836609179620037,-0.640609179620037
"23",-3.09619238476954,-0.945961268636272,-3.75751503006012,-0.836609179620037,-0.640609179620037
"24",-3.03607214428858,-0.715870148128366,-3.75751503006012,-0.836609179620037,-0.640609179620037
"25",-2.99599198396794,-0.917581090541399,-3.75751503006012,-0.836609179620037,-0.640609179620037
"26",-2.97595190380762,-0.912458580035181,-3.75751503006012,-0.836609179620037,-0.640609179620037
"27",-2.95591182364729,-0.631792409056708,-3.75751503006012,-0.836609179620037,-0.640609179620037
"28",-2.87575150300601,-0.490831443380643,-3.75751503006012,-0.836609179620037,-0.640609179620037
"29",-2.77555110220441,-0.906296875502596,-3.75751503006012,-0.836609179620037,-0.640609179620037
"30",-1.47294589178357,-0.555998488179025,-3.75751503006012,-0.836609179620037,-0.640609179620037
"31",-1.35270541082164,-0.6792695674238,-3.75751503006012,-0.836609179620037,-0.640609179620037
"32",1.17234468937876,-0.0424557618883754,-3.75751503006012,-0.836609179620037,-0.640609179620037
"33",1.87374749498998,0.0408903720874916,-3.75751503006012,-0.836609179620037,-0.640609179620037
"34",2.45490981963928,0.0212856755096304,-3.75751503006012,-0.836609179620037,-0.640609179620037
"35",2.71543086172345,0.0114089706291263,-3.75751503006012,-0.836609179620037,-0.640609179620037
"36",2.99599198396794,0.109872231968085,-3.75751503006012,-0.836609179620037,-0.640609179620037
"37",3.31663326653307,0.288494986605343,-3.75751503006012,-0.836609179620037,-0.640609179620037
"38",3.77755511022044,0.400438230578876,-3.75751503006012,-0.836609179620037,-0.640609179620037
"39",3.8376753507014,0.391711015541276,-3.75751503006012,-0.836609179620037,-0.640609179620037
"40",4.3186372745491,0.550583050561509,-3.75751503006012,-0.836609179620037,-0.640609179620037
