"","x","yplot","target","ftrue","fwrong"
"1",-4.69939879759519,0.844544948368849,3.0561122244489,-0.779624109844661,-0.975624109844661
"2",-4.49899799599198,0.912519747368221,3.0561122244489,-0.779624109844661,-0.975624109844661
"3",-4.05811623246493,0.76503859282319,3.0561122244489,-0.779624109844661,-0.975624109844661
"4",-3.71743486973948,0.947478757266931,3.0561122244489,-0.779624109844661,-0.975624109844661
"5",-3.59719438877756,0.658274483190391,3.0561122244489,-0.779624109844661,-0.975624109844661
"6",-3.47695390781563,0.642637055919834,3.0561122244489,-0.779624109844661,-0.975624109844661
"7",-2.85571142284569,0.472937739973563,3.0561122244489,-0.779624109844661,-0.975624109844661
"8",-2.81563126252505,0.371954259983986,3.0561122244489,-0.779624109844661,-0.975624109844661
"9",-2.73547094188377,0.40805492460564,3.0561122244489,-0.779624109844661,-0.975624109844661
"10",-2.65531062124249,0.554178335015179,3.0561122244489,-0.779624109844661,-0.975624109844661
"11",-2.45490981963928,0.400279146897945,3.0561122244489,-0.779624109844661,-0.975624109844661
"12",-2.31462925851703,0.41941353637792,3.0561122244489,-0.779624109844661,-0.975624109844661
"13",-1.8937875751503,0.167149007107588,3.0561122244489,-0.779624109844661,-0.975624109844661
"14",-1.65330661322645,0.183033662375127,3.0561122244489,-0.779624109844661,-0.975624109844661
"15",-1.45290581162325,0.077282983866674,3.0561122244489,-0.779624109844661,-0.975624109844661
"16",-1.2124248496994,0.167388130470137,3.0561122244489,-0.779624109844661,-0.975624109844661
"17",-0.751503006012024,0.155276990630583,3.0561122244489,-0.779624109844661,-0.975624109844661
"18",-0.170340681362726,-0.322863045374617,3.0561122244489,-0.779624109844661,-0.975624109844661
"19",0.711422845691382,-0.470249544248703,3.0561122244489,-0.779624109844661,-0.975624109844661
"20",1.2124248496994,-0.567225339325358,3.0561122244489,-0.779624109844661,-0.975624109844661
"21",1.4128256513026,-0.538417443127218,3.0561122244489,-0.779624109844661,-0.975624109844661
"22",1.53306613226453,-0.482146844419622,3.0561122244489,-0.779624109844661,-0.975624109844661
"23",1.95390781563126,-0.699477246703309,3.0561122244489,-0.779624109844661,-0.975624109844661
"24",2.05410821643287,-0.699752302700527,3.0561122244489,-0.779624109844661,-0.975624109844661
"25",2.07414829659319,-0.705670294040584,3.0561122244489,-0.779624109844661,-0.975624109844661
"26",2.43486973947896,-0.735641876386067,3.0561122244489,-0.779624109844661,-0.975624109844661
"27",2.55511022044088,-0.670257656263814,3.0561122244489,-0.779624109844661,-0.975624109844661
"28",2.63527054108216,-0.549652174169532,3.0561122244489,-0.779624109844661,-0.975624109844661
"29",2.69539078156313,-0.836032421734537,3.0561122244489,-0.779624109844661,-0.975624109844661
"30",2.71543086172345,-0.899040394208181,3.0561122244489,-0.779624109844661,-0.975624109844661
"31",3.17635270541082,-0.828049253005125,3.0561122244489,-0.779624109844661,-0.975624109844661
"32",3.23647294589178,-0.86750941873432,3.0561122244489,-0.779624109844661,-0.975624109844661
"33",3.39679358717435,-0.646162750253234,3.0561122244489,-0.779624109844661,-0.975624109844661
"34",3.43687374749499,-0.634774311366586,3.0561122244489,-0.779624109844661,-0.975624109844661
"35",3.79759519038076,-0.629550143483524,3.0561122244489,-0.779624109844661,-0.975624109844661
"36",3.99799599198397,-0.686466815074946,3.0561122244489,-0.779624109844661,-0.975624109844661
"37",4.19839679358717,-0.696089073276096,3.0561122244489,-0.779624109844661,-0.975624109844661
"38",4.3186372745491,-0.657507346945739,3.0561122244489,-0.779624109844661,-0.975624109844661
"39",4.35871743486974,-0.765866028656855,3.0561122244489,-0.779624109844661,-0.975624109844661
"40",4.59919839679359,-0.768325979144195,3.0561122244489,-0.779624109844661,-0.975624109844661
