"","x","yplot","target","ftrue","fwrong"
"1",-4.75951903807615,-0.850124976308756,2.83567134268537,0.589968750498776,0.393968750498776
"2",-2.65531062124249,0.850743550557418,2.83567134268537,0.589968750498776,0.393968750498776
"3",-2.09418837675351,0.457382807893056,2.83567134268537,0.589968750498776,0.393968750498776
"4",-1.91382765531062,0.24400575647854,2.83567134268537,0.589968750498776,0.393968750498776
"5",-1.01202404809619,-0.4730073917696,2.83567134268537,0.589968750498776,0.393968750498776
"6",-0.511022044088176,-0.695858382331054,2.83567134268537,0.589968750498776,0.393968750498776
"7",0.210420841683367,-0.702525946952325,2.83567134268537,0.589968750498776,0.393968750498776
"8",1.87374749498998,0.0639619825550708,2.83567134268537,0.589968750498776,0.393968750498776
"9",2.11422845691383,0.340406636290242,2.83567134268537,0.589968750498776,0.393968750498776
"10",3.53707414829659,0.721681390376789,2.83567134268537,0.589968750498776,0.393968750498776
