"","x","yplot","target","ftrue","fwrong"
"1",-4.97995991983968,-0.965762837015217,-4.67935871743487,-0.933670339879092,-1.12967033987909
"2",-4.65931863727455,-0.825189853136308,-4.67935871743487,-0.933670339879092,-1.12967033987909
"3",-4.39879759519038,-0.893765113014655,-4.67935871743487,-0.933670339879092,-1.12967033987909
"4",-4.33867735470942,-1.02281094364264,-4.67935871743487,-0.933670339879092,-1.12967033987909
"5",-4.25851703406814,-1.09975608742826,-4.67935871743487,-0.933670339879092,-1.12967033987909
"6",-4.09819639278557,-0.817306440740176,-4.67935871743487,-0.933670339879092,-1.12967033987909
"7",-3.69739478957916,-0.777850021750545,-4.67935871743487,-0.933670339879092,-1.12967033987909
"8",-3.51703406813627,-0.711607350122755,-4.67935871743487,-0.933670339879092,-1.12967033987909
"9",-1.9939879759519,-0.742168040757522,-4.67935871743487,-0.933670339879092,-1.12967033987909
"10",-0.250501002004008,-0.498953668998412,-4.67935871743487,-0.933670339879092,-1.12967033987909
