"","x","yplot","target","ftrue","fwrong"
"1",-1.81362725450902,0.191230272295038,4.57915831663327,0.260567901760587,0.456567901760587
"2",-0.511022044088176,0.392844553488479,4.57915831663327,0.260567901760587,0.456567901760587
"3",1.65330661322645,0.834096681202441,4.57915831663327,0.260567901760587,0.456567901760587
"4",3.77755511022044,0.431800928566342,4.57915831663327,0.260567901760587,0.456567901760587
"5",4.15831663326653,0.439407481534928,4.57915831663327,0.260567901760587,0.456567901760587
"6",4.53907815631263,0.215351414885904,4.57915831663327,0.260567901760587,0.456567901760587
"7",4.67935871743487,0.217032536055993,4.57915831663327,0.260567901760587,0.456567901760587
"8",4.71943887775551,0.342749717984297,4.57915831663327,0.260567901760587,0.456567901760587
"9",4.75951903807615,0.169295822861354,4.57915831663327,0.260567901760587,0.456567901760587
"10",4.85971943887776,0.2975046602096,4.57915831663327,0.260567901760587,0.456567901760587
