"","x","yplot","target","ftrue","fwrong"
"1",-2.55511022044088,0.883962468326536,0.290581162324649,-0.103866229703226,-0.299866229703226
"2",-0.551102204408818,0.091145182481552,0.290581162324649,-0.103866229703226,-0.299866229703226
"3",0.0501002004008013,0.051598705853323,0.290581162324649,-0.103866229703226,-0.299866229703226
"4",0.190380761523046,-0.2197999147794,0.290581162324649,-0.103866229703226,-0.299866229703226
"5",0.6312625250501,-0.26939334106272,0.290581162324649,-0.103866229703226,-0.299866229703226
"6",0.651302605210421,-0.213336561006365,0.290581162324649,-0.103866229703226,-0.299866229703226
"7",0.911823647294589,-0.142967514286602,0.290581162324649,-0.103866229703226,-0.299866229703226
"8",1.15230460921844,-0.0692231949441434,0.290581162324649,-0.103866229703226,-0.299866229703226
"9",2.27454909819639,-0.219264450507599,0.290581162324649,-0.103866229703226,-0.299866229703226
"10",2.77555110220441,-0.13125309845632,0.290581162324649,-0.103866229703226,-0.299866229703226
