"","x","yplot","target","ftrue","fwrong"
"1",-4.87975951903808,-0.198263119988082,-4.47895791583166,-0.0679635341771929,-0.263963534177193
"2",-4.85971943887776,-0.0157656263569274,-4.47895791583166,-0.0679635341771929,-0.263963534177193
"3",-4.71943887775551,-0.0492436054856788,-4.47895791583166,-0.0679635341771929,-0.263963534177193
"4",-4.69939879759519,0.0299439022489402,-4.47895791583166,-0.0679635341771929,-0.263963534177193
"5",-4.51903807615231,0.0646687646034643,-4.47895791583166,-0.0679635341771929,-0.263963534177193
"6",-4.49899799599198,-0.202616044788224,-4.47895791583166,-0.0679635341771929,-0.263963534177193
"7",-4.39879759519038,-0.207049656405118,-4.47895791583166,-0.0679635341771929,-0.263963534177193
"8",-3.91783567134269,-0.182364550612042,-4.47895791583166,-0.0679635341771929,-0.263963534177193
"9",-3.75751503006012,0.0200590744870114,-4.47895791583166,-0.0679635341771929,-0.263963534177193
"10",-2.51503006012024,-0.178767694003218,-4.47895791583166,-0.0679635341771929,-0.263963534177193
"11",-2.39478957915832,-0.228637053902359,-4.47895791583166,-0.0679635341771929,-0.263963534177193
"12",-1.85370741482966,-0.604114022332702,-4.47895791583166,-0.0679635341771929,-0.263963534177193
"13",-1.13226452905812,-0.752889200730456,-4.47895791583166,-0.0679635341771929,-0.263963534177193
"14",-0.95190380761523,-0.636627727275869,-4.47895791583166,-0.0679635341771929,-0.263963534177193
"15",-0.490981963927856,-0.444956509384368,-4.47895791583166,-0.0679635341771929,-0.263963534177193
"16",-0.430861723446894,-0.758599607869418,-4.47895791583166,-0.0679635341771929,-0.263963534177193
"17",-0.350701402805611,-0.582701201984179,-4.47895791583166,-0.0679635341771929,-0.263963534177193
"18",0.190380761523046,-0.446662443637053,-4.47895791583166,-0.0679635341771929,-0.263963534177193
"19",0.911823647294589,-0.259685913282991,-4.47895791583166,-0.0679635341771929,-0.263963534177193
"20",1.65330661322645,-0.504403310779866,-4.47895791583166,-0.0679635341771929,-0.263963534177193
"21",1.83366733466934,-0.6476170144253,-4.47895791583166,-0.0679635341771929,-0.263963534177193
"22",1.93386773547094,-0.504212773745015,-4.47895791583166,-0.0679635341771929,-0.263963534177193
"23",2.03406813627254,-0.550741987255681,-4.47895791583166,-0.0679635341771929,-0.263963534177193
"24",2.31462925851703,-0.578992425601251,-4.47895791583166,-0.0679635341771929,-0.263963534177193
"25",2.33466933867735,-0.57184705962489,-4.47895791583166,-0.0679635341771929,-0.263963534177193
"26",2.35470941883768,-0.656394137895377,-4.47895791583166,-0.0679635341771929,-0.263963534177193
"27",2.99599198396794,-0.415206927047808,-4.47895791583166,-0.0679635341771929,-0.263963534177193
"28",3.29659318637274,-0.403038318826275,-4.47895791583166,-0.0679635341771929,-0.263963534177193
"29",4.03807615230461,0.325133014376364,-4.47895791583166,-0.0679635341771929,-0.263963534177193
"30",4.97995991983968,0.628098797565543,-4.47895791583166,-0.0679635341771929,-0.263963534177193
