"","x","yplot","target","ftrue","fwrong"
"1",-4.61923847695391,0.787097345177181,2.03406813627254,0.699237256808781,0.503237256808781
"2",-4.05811623246493,0.894588137808996,2.03406813627254,0.699237256808781,0.503237256808781
"3",-3.67735470941884,0.887818169665292,2.03406813627254,0.699237256808781,0.503237256808781
"4",-2.87575150300601,0.828254279906562,2.03406813627254,0.699237256808781,0.503237256808781
"5",-1.91382765531062,0.299579889922908,2.03406813627254,0.699237256808781,0.503237256808781
"6",-1.81362725450902,0.153125973067482,2.03406813627254,0.699237256808781,0.503237256808781
"7",-1.73346693386774,0.168895517758424,2.03406813627254,0.699237256808781,0.503237256808781
"8",-1.19238476953908,-0.486907147142159,2.03406813627254,0.699237256808781,0.503237256808781
"9",-0.811623246492986,-0.639453326879052,2.03406813627254,0.699237256808781,0.503237256808781
"10",-0.531062124248497,-0.605263918747651,2.03406813627254,0.699237256808781,0.503237256808781
"11",0.250501002004007,-0.544983866761866,2.03406813627254,0.699237256808781,0.503237256808781
"12",0.831663326653306,0.0416528779596684,2.03406813627254,0.699237256808781,0.503237256808781
"13",1.05210420841683,0.292049666283011,2.03406813627254,0.699237256808781,0.503237256808781
"14",1.13226452905812,0.0742709595449236,2.03406813627254,0.699237256808781,0.503237256808781
"15",1.15230460921844,0.250957279378413,2.03406813627254,0.699237256808781,0.503237256808781
"16",1.19238476953908,0.122403284388155,2.03406813627254,0.699237256808781,0.503237256808781
"17",1.23246492985972,0.332229043100122,2.03406813627254,0.699237256808781,0.503237256808781
"18",1.25250501002004,0.411226073219953,2.03406813627254,0.699237256808781,0.503237256808781
"19",1.33266533066132,0.19791104715156,2.03406813627254,0.699237256808781,0.503237256808781
"20",1.35270541082164,0.21306083659198,2.03406813627254,0.699237256808781,0.503237256808781
"21",1.37274549098196,0.21163017067861,2.03406813627254,0.699237256808781,0.503237256808781
"22",1.43286573146293,0.415365589856454,2.03406813627254,0.699237256808781,0.503237256808781
"23",1.53306613226453,0.479538074753323,2.03406813627254,0.699237256808781,0.503237256808781
"24",1.61322645290581,0.582870985527655,2.03406813627254,0.699237256808781,0.503237256808781
"25",1.63326653306613,0.342609828552387,2.03406813627254,0.699237256808781,0.503237256808781
"26",1.71342685370741,0.437163357314742,2.03406813627254,0.699237256808781,0.503237256808781
"27",1.73346693386774,0.446927955726794,2.03406813627254,0.699237256808781,0.503237256808781
"28",1.81362725450902,0.633966396803065,2.03406813627254,0.699237256808781,0.503237256808781
"29",1.97394789579158,0.567838938775239,2.03406813627254,0.699237256808781,0.503237256808781
"30",2.01402805611222,0.667340942884717,2.03406813627254,0.699237256808781,0.503237256808781
"31",2.09418837675351,0.77315064651452,2.03406813627254,0.699237256808781,0.503237256808781
"32",2.13426853707415,0.863448893625619,2.03406813627254,0.699237256808781,0.503237256808781
"33",2.15430861723447,0.755101880419026,2.03406813627254,0.699237256808781,0.503237256808781
"34",2.17434869739479,0.602363985186957,2.03406813627254,0.699237256808781,0.503237256808781
"35",2.33466933867735,0.607838654115954,2.03406813627254,0.699237256808781,0.503237256808781
"36",2.39478957915832,0.650656775718431,2.03406813627254,0.699237256808781,0.503237256808781
"37",2.45490981963928,0.760683265544368,2.03406813627254,0.699237256808781,0.503237256808781
"38",2.49498997995992,0.837148805043418,2.03406813627254,0.699237256808781,0.503237256808781
"39",2.51503006012024,0.846026576835644,2.03406813627254,0.699237256808781,0.503237256808781
"40",2.53507014028056,0.703283264136655,2.03406813627254,0.699237256808781,0.503237256808781
"41",2.55511022044088,0.749758420512855,2.03406813627254,0.699237256808781,0.503237256808781
"42",2.59519038076152,0.83308209688189,2.03406813627254,0.699237256808781,0.503237256808781
"43",2.61523046092184,0.804407909420912,2.03406813627254,0.699237256808781,0.503237256808781
"44",2.69539078156313,0.885191489298056,2.03406813627254,0.699237256808781,0.503237256808781
"45",2.91583166332665,0.577134235032834,2.03406813627254,0.699237256808781,0.503237256808781
"46",2.99599198396794,0.78218835384136,2.03406813627254,0.699237256808781,0.503237256808781
"47",3.01603206412826,0.581657181049329,2.03406813627254,0.699237256808781,0.503237256808781
"48",3.21643286573146,0.391338847416846,2.03406813627254,0.699237256808781,0.503237256808781
"49",3.89779559118236,0.163434415595916,2.03406813627254,0.699237256808781,0.503237256808781
"50",4.11823647294589,0.167148965141843,2.03406813627254,0.699237256808781,0.503237256808781
