"","x","yplot","target","ftrue","fwrong"
"1",-4.27855711422846,0.246080330254344,4.19839679358717,-0.242932368629443,-0.0469323686294431
"2",-3.69739478957916,0.370497622305542,4.19839679358717,-0.242932368629443,-0.0469323686294431
"3",-3.37675350701403,0.423894457353649,4.19839679358717,-0.242932368629443,-0.0469323686294431
"4",-2.97595190380762,0.602015554713745,4.19839679358717,-0.242932368629443,-0.0469323686294431
"5",-2.59519038076152,0.66166739371529,4.19839679358717,-0.242932368629443,-0.0469323686294431
"6",-2.374749498998,0.619241578438511,4.19839679358717,-0.242932368629443,-0.0469323686294431
"7",-2.29458917835671,0.694398290918428,4.19839679358717,-0.242932368629443,-0.0469323686294431
"8",-2.09418837675351,0.722116990133861,4.19839679358717,-0.242932368629443,-0.0469323686294431
"9",-1.81362725450902,0.761452316086189,4.19839679358717,-0.242932368629443,-0.0469323686294431
"10",-1.61322645290581,0.920246835846014,4.19839679358717,-0.242932368629443,-0.0469323686294431
"11",-1.59318637274549,0.944536227460546,4.19839679358717,-0.242932368629443,-0.0469323686294431
"12",-1.01202404809619,0.859763552233846,4.19839679358717,-0.242932368629443,-0.0469323686294431
"13",-0.551102204408818,0.954998085431711,4.19839679358717,-0.242932368629443,-0.0469323686294431
"14",-0.511022044088176,0.996928398845726,4.19839679358717,-0.242932368629443,-0.0469323686294431
"15",-0.490981963927856,0.941720453192712,4.19839679358717,-0.242932368629443,-0.0469323686294431
"16",-0.430861723446894,0.885443105466635,4.19839679358717,-0.242932368629443,-0.0469323686294431
"17",0.110220440881763,0.844710837415416,4.19839679358717,-0.242932368629443,-0.0469323686294431
"18",0.170340681362725,0.960158906169632,4.19839679358717,-0.242932368629443,-0.0469323686294431
"19",0.591182364729459,0.729334013061191,4.19839679358717,-0.242932368629443,-0.0469323686294431
"20",1.07214428857715,0.730038711975087,4.19839679358717,-0.242932368629443,-0.0469323686294431
"21",1.312625250501,0.636456752138356,4.19839679358717,-0.242932368629443,-0.0469323686294431
"22",1.37274549098196,0.66122177208546,4.19839679358717,-0.242932368629443,-0.0469323686294431
"23",2.03406813627254,0.780080793280339,4.19839679358717,-0.242932368629443,-0.0469323686294431
"24",2.15430861723447,0.653302866977146,4.19839679358717,-0.242932368629443,-0.0469323686294431
"25",2.51503006012024,0.418673612508031,4.19839679358717,-0.242932368629443,-0.0469323686294431
"26",2.87575150300601,0.327813930174834,4.19839679358717,-0.242932368629443,-0.0469323686294431
"27",2.99599198396794,0.287531385592123,4.19839679358717,-0.242932368629443,-0.0469323686294431
"28",3.1563126252505,0.194929084113081,4.19839679358717,-0.242932368629443,-0.0469323686294431
"29",3.47695390781563,0.0947214428119083,4.19839679358717,-0.242932368629443,-0.0469323686294431
"30",3.61723446893788,0.0964441933526797,4.19839679358717,-0.242932368629443,-0.0469323686294431
"31",3.91783567134268,0.00223875366650914,4.19839679358717,-0.242932368629443,-0.0469323686294431
"32",4.11823647294589,-0.111840505973653,4.19839679358717,-0.242932368629443,-0.0469323686294431
"33",4.17835671342685,-0.369296350076172,4.19839679358717,-0.242932368629443,-0.0469323686294431
"34",4.25851703406814,-0.29036014813281,4.19839679358717,-0.242932368629443,-0.0469323686294431
"35",4.4188376753507,-0.359061403879531,4.19839679358717,-0.242932368629443,-0.0469323686294431
"36",4.43887775551102,-0.228942505945623,4.19839679358717,-0.242932368629443,-0.0469323686294431
"37",4.53907815631263,-0.332482127687778,4.19839679358717,-0.242932368629443,-0.0469323686294431
"38",4.63927855711423,-0.566048289349709,4.19839679358717,-0.242932368629443,-0.0469323686294431
"39",4.75951903807615,-0.290246523736813,4.19839679358717,-0.242932368629443,-0.0469323686294431
"40",4.81963927855711,-0.416443655193011,4.19839679358717,-0.242932368629443,-0.0469323686294431
