"","x","yplot","target","ftrue","fwrong"
"1",-4.83967935871743,0.773597051249066,0.6312625250501,0.726614266088771,0.530614266088771
"2",-4.19839679358717,0.739898653772403,0.6312625250501,0.726614266088771,0.530614266088771
"3",-3.93787575150301,0.707645961614588,0.6312625250501,0.726614266088771,0.530614266088771
"4",-2.01402805611222,1.00586715016381,0.6312625250501,0.726614266088771,0.530614266088771
"5",-0.31062124248497,0.766849568466709,0.6312625250501,0.726614266088771,0.530614266088771
"6",-0.270541082164329,0.830357066920247,0.6312625250501,0.726614266088771,0.530614266088771
"7",-0.210420841683367,0.767523756919387,0.6312625250501,0.726614266088771,0.530614266088771
"8",-0.0901803607214431,0.757999658382321,0.6312625250501,0.726614266088771,0.530614266088771
"9",-0.0100200400801604,0.900103613461584,0.6312625250501,0.726614266088771,0.530614266088771
"10",0.110220440881763,0.734456121195479,0.6312625250501,0.726614266088771,0.530614266088771
"11",0.210420841683367,0.903063767278666,0.6312625250501,0.726614266088771,0.530614266088771
"12",0.430861723446894,0.629977669706074,0.6312625250501,0.726614266088771,0.530614266088771
"13",0.691382765531062,0.577528388947071,0.6312625250501,0.726614266088771,0.530614266088771
"14",0.771543086172344,0.593286187598394,0.6312625250501,0.726614266088771,0.530614266088771
"15",0.811623246492986,0.721788465792845,0.6312625250501,0.726614266088771,0.530614266088771
"16",0.911823647294589,0.566465055894125,0.6312625250501,0.726614266088771,0.530614266088771
"17",1.07214428857715,0.596553743762009,0.6312625250501,0.726614266088771,0.530614266088771
"18",1.25250501002004,0.77413320292779,0.6312625250501,0.726614266088771,0.530614266088771
"19",4.55911823647295,-0.386304490921078,0.6312625250501,0.726614266088771,0.530614266088771
"20",4.69939879759519,-0.272034551357278,0.6312625250501,0.726614266088771,0.530614266088771
