"","x","yplot","target","ftrue","fwrong"
"1",-3.2565130260521,-0.114889100737011,-2.49498997995992,-0.411367898896774,-0.215367898896774
"2",-3.17635270541082,-0.286086414210765,-2.49498997995992,-0.411367898896774,-0.215367898896774
"3",-2.45490981963928,-0.335315396236571,-2.49498997995992,-0.411367898896774,-0.215367898896774
"4",-2.29458917835671,-0.394284016018161,-2.49498997995992,-0.411367898896774,-0.215367898896774
"5",-2.15430861723447,-0.339084831281784,-2.49498997995992,-0.411367898896774,-0.215367898896774
"6",-1.69338677354709,-0.63034565619026,-2.49498997995992,-0.411367898896774,-0.215367898896774
"7",-1.63326653306613,-0.59204408701106,-2.49498997995992,-0.411367898896774,-0.215367898896774
"8",1.23246492985972,-0.834820767226959,-2.49498997995992,-0.411367898896774,-0.215367898896774
"9",3.99799599198397,0.0962035616715868,-2.49498997995992,-0.411367898896774,-0.215367898896774
"10",4.95991983967936,0.415939454254632,-2.49498997995992,-0.411367898896774,-0.215367898896774
