"","x","yplot","target","ftrue","fwrong"
"1",-4.39879759519038,0.686296694254077,2.4749498997996,-0.212252581724814,-0.016252581724814
"2",-3.93787575150301,0.836599631212523,2.4749498997996,-0.212252581724814,-0.016252581724814
"3",-2.91583166332665,0.766898855845844,2.4749498997996,-0.212252581724814,-0.016252581724814
"4",-0.0901803607214431,0.340008649987883,2.4749498997996,-0.212252581724814,-0.016252581724814
"5",0.93186372745491,0.164787024115252,2.4749498997996,-0.212252581724814,-0.016252581724814
"6",1.51302605210421,0.0375859903351773,2.4749498997996,-0.212252581724814,-0.016252581724814
"7",2.89579158316633,-0.377006114329969,2.4749498997996,-0.212252581724814,-0.016252581724814
"8",3.45691382765531,-0.369284790813433,2.4749498997996,-0.212252581724814,-0.016252581724814
"9",4.21843687374749,-0.456321982194055,2.4749498997996,-0.212252581724814,-0.016252581724814
"10",4.33867735470942,-0.378049354281613,2.4749498997996,-0.212252581724814,-0.016252581724814
