"","x","yplot","target","ftrue","fwrong"
"1",-4.83967935871743,-0.535117011542013,0.0901803607214431,-0.479464920308539,-0.283464920308539
"2",-4.2184368737475,-0.714079141840627,0.0901803607214431,-0.479464920308539,-0.283464920308539
"3",-3.59719438877756,-0.683671295816835,0.0901803607214431,-0.479464920308539,-0.283464920308539
"4",-3.21643286573146,-0.88981705560017,0.0901803607214431,-0.479464920308539,-0.283464920308539
"5",-2.65531062124249,-0.953362171840256,0.0901803607214431,-0.479464920308539,-0.283464920308539
"6",-2.15430861723447,-0.95747335595989,0.0901803607214431,-0.479464920308539,-0.283464920308539
"7",-1.63326653306613,-0.865217504742188,0.0901803607214431,-0.479464920308539,-0.283464920308539
"8",-1.49298597194389,-0.573516582613049,0.0901803607214431,-0.479464920308539,-0.283464920308539
"9",-0.851703406813628,-0.851918334972851,0.0901803607214431,-0.479464920308539,-0.283464920308539
"10",-0.831663326653307,-0.64216500036819,0.0901803607214431,-0.479464920308539,-0.283464920308539
"11",-0.811623246492986,-0.760405659230544,0.0901803607214431,-0.479464920308539,-0.283464920308539
"12",-0.731462925851703,-0.892378964951123,0.0901803607214431,-0.479464920308539,-0.283464920308539
"13",-0.691382765531062,-0.542594996481312,0.0901803607214431,-0.479464920308539,-0.283464920308539
"14",-0.651302605210421,-0.542375165469849,0.0901803607214431,-0.479464920308539,-0.283464920308539
"15",-0.631262525050101,-0.598403506001101,0.0901803607214431,-0.479464920308539,-0.283464920308539
"16",-0.61122244488978,-0.617560483841025,0.0901803607214431,-0.479464920308539,-0.283464920308539
"17",-0.551102204408818,-0.981530259877262,0.0901803607214431,-0.479464920308539,-0.283464920308539
"18",-0.511022044088176,-0.648470518727879,0.0901803607214431,-0.479464920308539,-0.283464920308539
"19",-0.470941883767535,-0.661515420241956,0.0901803607214431,-0.479464920308539,-0.283464920308539
"20",-0.330661322645291,-0.663546699048577,0.0901803607214431,-0.479464920308539,-0.283464920308539
"21",-0.290581162324649,-0.589788942038454,0.0901803607214431,-0.479464920308539,-0.283464920308539
"22",-0.270541082164329,-0.497150119913632,0.0901803607214431,-0.479464920308539,-0.283464920308539
"23",-0.250501002004008,-0.636053998756402,0.0901803607214431,-0.479464920308539,-0.283464920308539
"24",-0.130260521042084,-0.643704964362207,0.0901803607214431,-0.479464920308539,-0.283464920308539
"25",-0.0501002004008022,-0.265196500973097,0.0901803607214431,-0.479464920308539,-0.283464920308539
"26",-0.0300601202404813,-0.673469035588781,0.0901803607214431,-0.479464920308539,-0.283464920308539
"27",-0.0100200400801604,-0.577323090274088,0.0901803607214431,-0.479464920308539,-0.283464920308539
"28",0.170340681362725,-0.358673160036536,0.0901803607214431,-0.479464920308539,-0.283464920308539
"29",0.230460921843687,-0.394602558946337,0.0901803607214431,-0.479464920308539,-0.283464920308539
"30",0.31062124248497,-0.409195375802934,0.0901803607214431,-0.479464920308539,-0.283464920308539
"31",0.350701402805611,-0.53304864639919,0.0901803607214431,-0.479464920308539,-0.283464920308539
"32",0.370741482965932,-0.525425113679926,0.0901803607214431,-0.479464920308539,-0.283464920308539
"33",0.450901803607215,-0.383511145627804,0.0901803607214431,-0.479464920308539,-0.283464920308539
"34",0.470941883767535,-0.422713775310792,0.0901803607214431,-0.479464920308539,-0.283464920308539
"35",0.551102204408817,-0.220760243192308,0.0901803607214431,-0.479464920308539,-0.283464920308539
"36",0.591182364729459,-0.40799483896851,0.0901803607214431,-0.479464920308539,-0.283464920308539
"37",0.611222444889779,-0.453305218534278,0.0901803607214431,-0.479464920308539,-0.283464920308539
"38",0.6312625250501,-0.200582881165675,0.0901803607214431,-0.479464920308539,-0.283464920308539
"39",0.651302605210421,-0.101095434706832,0.0901803607214431,-0.479464920308539,-0.283464920308539
"40",0.791583166332665,-0.292549414594547,0.0901803607214431,-0.479464920308539,-0.283464920308539
"41",0.871743486973948,-0.244794916734227,0.0901803607214431,-0.479464920308539,-0.283464920308539
"42",0.891783567134269,-0.117204570938159,0.0901803607214431,-0.479464920308539,-0.283464920308539
"43",1.01202404809619,-0.26679623189736,0.0901803607214431,-0.479464920308539,-0.283464920308539
"44",1.91382765531062,0.0969063174272468,0.0901803607214431,-0.479464920308539,-0.283464920308539
"45",1.97394789579158,-0.0172562597742656,0.0901803607214431,-0.479464920308539,-0.283464920308539
"46",2.33466933867735,-0.0779597743826329,0.0901803607214431,-0.479464920308539,-0.283464920308539
"47",3.7374749498998,0.584769463309846,0.0901803607214431,-0.479464920308539,-0.283464920308539
"48",4.57915831663327,0.492109965008957,0.0901803607214431,-0.479464920308539,-0.283464920308539
"49",4.81963927855711,0.398742652673026,0.0901803607214431,-0.479464920308539,-0.283464920308539
"50",4.97995991983968,0.460880101257575,0.0901803607214431,-0.479464920308539,-0.283464920308539
