"","x","yplot","target","ftrue","fwrong"
"1",-4.59919839679359,-0.752480239845488,-4.49899799599198,-0.81010825038747,-0.61410825038747
"2",-4.53907815631263,-0.786315007162107,-4.49899799599198,-0.81010825038747,-0.61410825038747
"3",-4.27855711422846,-0.779513294621035,-4.49899799599198,-0.81010825038747,-0.61410825038747
"4",-3.2565130260521,-0.809361272453329,-4.49899799599198,-0.81010825038747,-0.61410825038747
"5",-0.430861723446894,-0.431732908466029,-4.49899799599198,-0.81010825038747,-0.61410825038747
"6",1.312625250501,-0.439043574944504,-4.49899799599198,-0.81010825038747,-0.61410825038747
"7",1.69338677354709,-0.363446521222832,-4.49899799599198,-0.81010825038747,-0.61410825038747
"8",2.73547094188377,0.307338812137317,-4.49899799599198,-0.81010825038747,-0.61410825038747
"9",3.65731462925852,0.44080604073604,-4.49899799599198,-0.81010825038747,-0.61410825038747
"10",4.5190380761523,0.507610597220898,-4.49899799599198,-0.81010825038747,-0.61410825038747
