"","x","yplot","target","ftrue","fwrong"
"1",-4.81963927855711,-0.717826550353108,-0.93186372745491,-0.134697155279507,0.061302844720493
"2",-4.73947895791583,-0.882891996205153,-0.93186372745491,-0.134697155279507,0.061302844720493
"3",-4.67935871743487,-0.723510897649637,-0.93186372745491,-0.134697155279507,0.061302844720493
"4",-4.57915831663327,-0.630206700565669,-0.93186372745491,-0.134697155279507,0.061302844720493
"5",-4.47895791583166,-0.469210802899872,-0.93186372745491,-0.134697155279507,0.061302844720493
"6",-4.27855711422846,-0.338167410659861,-0.93186372745491,-0.134697155279507,0.061302844720493
"7",-4.2184368737475,-0.238148973210602,-0.93186372745491,-0.134697155279507,0.061302844720493
"8",-3.33667334669339,0.412461550536361,-0.93186372745491,-0.134697155279507,0.061302844720493
"9",-3.23647294589178,0.501534686561373,-0.93186372745491,-0.134697155279507,0.061302844720493
"10",-3.19639278557114,0.491839305025983,-0.93186372745491,-0.134697155279507,0.061302844720493
"11",-3.01603206412826,0.487329259192603,-0.93186372745491,-0.134697155279507,0.061302844720493
"12",-2.89579158316633,0.558479568890727,-0.93186372745491,-0.134697155279507,0.061302844720493
"13",-2.77555110220441,0.773256566123427,-0.93186372745491,-0.134697155279507,0.061302844720493
"14",-2.51503006012024,0.658949322721162,-0.93186372745491,-0.134697155279507,0.061302844720493
"15",-2.17434869739479,0.50285915553023,-0.93186372745491,-0.134697155279507,0.061302844720493
"16",-1.71342685370742,0.468784763636939,-0.93186372745491,-0.134697155279507,0.061302844720493
"17",-1.47294589178357,0.114429640731214,-0.93186372745491,-0.134697155279507,0.061302844720493
"18",-1.45290581162325,0.0597475426918664,-0.93186372745491,-0.134697155279507,0.061302844720493
"19",-1.39278557114228,0.142994280376433,-0.93186372745491,-0.134697155279507,0.061302844720493
"20",-1.312625250501,0.29187309334513,-0.93186372745491,-0.134697155279507,0.061302844720493
"21",-1.29258517034068,0.261818070634336,-0.93186372745491,-0.134697155279507,0.061302844720493
"22",-1.2124248496994,0.0713823651407231,-0.93186372745491,-0.134697155279507,0.061302844720493
"23",-1.17234468937876,0.0417554686298455,-0.93186372745491,-0.134697155279507,0.061302844720493
"24",-1.15230460921844,0.226681405207216,-0.93186372745491,-0.134697155279507,0.061302844720493
"25",-0.91182364729459,-0.0884499473636616,-0.93186372745491,-0.134697155279507,0.061302844720493
"26",-0.791583166332665,-0.158728509624644,-0.93186372745491,-0.134697155279507,0.061302844720493
"27",-0.671342685370742,-0.242981202348326,-0.93186372745491,-0.134697155279507,0.061302844720493
"28",-0.350701402805611,-0.377105447013264,-0.93186372745491,-0.134697155279507,0.061302844720493
"29",0.0100200400801604,-0.5530650507906,-0.93186372745491,-0.134697155279507,0.061302844720493
"30",0.0501002004008013,-0.579921860774556,-0.93186372745491,-0.134697155279507,0.061302844720493
"31",0.0901803607214431,-0.419619520645551,-0.93186372745491,-0.134697155279507,0.061302844720493
"32",0.370741482965932,-0.559666489376133,-0.93186372745491,-0.134697155279507,0.061302844720493
"33",0.571142284569138,-0.631857914746009,-0.93186372745491,-0.134697155279507,0.061302844720493
"34",0.671342685370742,-0.483324831198606,-0.93186372745491,-0.134697155279507,0.061302844720493
"35",1.01202404809619,-0.365454956919869,-0.93186372745491,-0.134697155279507,0.061302844720493
"36",1.4128256513026,-0.574697909462574,-0.93186372745491,-0.134697155279507,0.061302844720493
"37",1.43286573146293,-0.631440754660124,-0.93186372745491,-0.134697155279507,0.061302844720493
"38",1.45290581162325,-0.650304416849151,-0.93186372745491,-0.134697155279507,0.061302844720493
"39",2.51503006012024,-0.778677171476444,-0.93186372745491,-0.134697155279507,0.061302844720493
"40",2.61523046092184,-0.69463331714133,-0.93186372745491,-0.134697155279507,0.061302844720493
"41",2.69539078156313,-0.648612513710349,-0.93186372745491,-0.134697155279507,0.061302844720493
"42",2.99599198396794,-0.833740449848647,-0.93186372745491,-0.134697155279507,0.061302844720493
"43",3.39679358717435,-0.731465925235245,-0.93186372745491,-0.134697155279507,0.061302844720493
"44",3.6372745490982,-0.716908926064937,-0.93186372745491,-0.134697155279507,0.061302844720493
"45",3.65731462925852,-0.544906513848516,-0.93186372745491,-0.134697155279507,0.061302844720493
"46",3.79759519038076,-0.632048563406649,-0.93186372745491,-0.134697155279507,0.061302844720493
"47",3.87775551102204,-0.587380099433132,-0.93186372745491,-0.134697155279507,0.061302844720493
"48",4.13827655310621,-0.805726722017345,-0.93186372745491,-0.134697155279507,0.061302844720493
"49",4.5190380761523,-0.568309189978107,-0.93186372745491,-0.134697155279507,0.061302844720493
"50",4.65931863727455,-0.760125560609186,-0.93186372745491,-0.134697155279507,0.061302844720493
