"","x","yplot","target","ftrue","fwrong"
"1",-4.37875751503006,-0.294309218000723,3.7374749498998,-0.315928918710362,-0.511928918710362
"2",1.69338677354709,0.601679901406028,3.7374749498998,-0.315928918710362,-0.511928918710362
"3",1.93386773547094,0.561467415585514,3.7374749498998,-0.315928918710362,-0.511928918710362
"4",2.87575150300601,-0.0214468065356785,3.7374749498998,-0.315928918710362,-0.511928918710362
"5",3.93787575150301,-0.161505864995088,3.7374749498998,-0.315928918710362,-0.511928918710362
"6",4.03807615230461,-0.412806520654391,3.7374749498998,-0.315928918710362,-0.511928918710362
"7",4.4188376753507,-0.235727561159844,3.7374749498998,-0.315928918710362,-0.511928918710362
"8",4.45891783567134,-0.267862755395801,3.7374749498998,-0.315928918710362,-0.511928918710362
"9",4.61923847695391,-0.284539037009459,3.7374749498998,-0.315928918710362,-0.511928918710362
"10",4.71943887775551,-0.127123029346574,3.7374749498998,-0.315928918710362,-0.511928918710362
