"","x","yplot","target","ftrue","fwrong"
"1",-4.63927855711423,0.695456806447676,3.2565130260521,-0.469632100081892,-0.665632100081892
"2",-4.4188376753507,0.696755831596331,3.2565130260521,-0.469632100081892,-0.665632100081892
"3",-3.77755511022044,0.686184618734283,3.2565130260521,-0.469632100081892,-0.665632100081892
"4",-2.77555110220441,0.638015137855574,3.2565130260521,-0.469632100081892,-0.665632100081892
"5",-2.63527054108216,0.608921328225104,3.2565130260521,-0.469632100081892,-0.665632100081892
"6",-1.97394789579158,0.594407975931468,3.2565130260521,-0.469632100081892,-0.665632100081892
"7",-1.91382765531062,0.527488081147612,3.2565130260521,-0.469632100081892,-0.665632100081892
"8",-1.73346693386774,0.592925462386866,3.2565130260521,-0.469632100081892,-0.665632100081892
"9",-1.43286573146293,0.683882072382839,3.2565130260521,-0.469632100081892,-0.665632100081892
"10",-0.971943887775551,0.422413139899516,3.2565130260521,-0.469632100081892,-0.665632100081892
"11",-0.0901803607214431,0.341740650596489,3.2565130260521,-0.469632100081892,-0.665632100081892
"12",-0.0300601202404813,0.235971783009036,3.2565130260521,-0.469632100081892,-0.665632100081892
"13",0.150300601202405,0.178631626491039,3.2565130260521,-0.469632100081892,-0.665632100081892
"14",0.31062124248497,0.0378307693766196,3.2565130260521,-0.469632100081892,-0.665632100081892
"15",0.33066132264529,0.159083703978135,3.2565130260521,-0.469632100081892,-0.665632100081892
"16",1.15230460921844,-0.147587019706939,3.2565130260521,-0.469632100081892,-0.665632100081892
"17",1.19238476953908,-0.011044351742834,3.2565130260521,-0.469632100081892,-0.665632100081892
"18",1.312625250501,-0.17520578536812,3.2565130260521,-0.469632100081892,-0.665632100081892
"19",1.75350701402806,-0.428458580926146,3.2565130260521,-0.469632100081892,-0.665632100081892
"20",2.15430861723447,-0.159980243549238,3.2565130260521,-0.469632100081892,-0.665632100081892
"21",2.19438877755511,-0.141054257160433,3.2565130260521,-0.469632100081892,-0.665632100081892
"22",2.51503006012024,-0.313254150665618,3.2565130260521,-0.469632100081892,-0.665632100081892
"23",2.73547094188377,-0.254981090130862,3.2565130260521,-0.469632100081892,-0.665632100081892
"24",3.2565130260521,-0.580106382824862,3.2565130260521,-0.469632100081892,-0.665632100081892
"25",3.35671342685371,-0.474646710527878,3.2565130260521,-0.469632100081892,-0.665632100081892
"26",3.55711422845691,-0.503149419368529,3.2565130260521,-0.469632100081892,-0.665632100081892
"27",3.79759519038076,-0.521050325669736,3.2565130260521,-0.469632100081892,-0.665632100081892
"28",3.81763527054108,-0.369787634158473,3.2565130260521,-0.469632100081892,-0.665632100081892
"29",4.07815631262525,-0.659627081737361,3.2565130260521,-0.469632100081892,-0.665632100081892
"30",4.23847695390782,-0.344791763791842,3.2565130260521,-0.469632100081892,-0.665632100081892
