"","x","yplot","target","ftrue","fwrong"
"1",-4.97995991983968,-0.461325280260212,-4.69939879759519,-0.539362187689716,-0.343362187689716
"2",-4.8997995991984,-0.641614030806559,-4.69939879759519,-0.539362187689716,-0.343362187689716
"3",-4.87975951903808,-0.456600633524526,-4.69939879759519,-0.539362187689716,-0.343362187689716
"4",-4.85971943887776,-0.565955814123072,-4.69939879759519,-0.539362187689716,-0.343362187689716
"5",-4.83967935871743,-0.644965304539986,-4.69939879759519,-0.539362187689716,-0.343362187689716
"6",-4.81963927855711,-0.637440468162516,-4.69939879759519,-0.539362187689716,-0.343362187689716
"7",-4.75951903807615,-0.592264043464118,-4.69939879759519,-0.539362187689716,-0.343362187689716
"8",-4.63927855711423,-0.75326495923637,-4.69939879759519,-0.539362187689716,-0.343362187689716
"9",-4.61923847695391,-0.511725273961396,-4.69939879759519,-0.539362187689716,-0.343362187689716
"10",-4.59919839679359,-0.430495321143299,-4.69939879759519,-0.539362187689716,-0.343362187689716
"11",-4.57915831663327,-0.339086235296885,-4.69939879759519,-0.539362187689716,-0.343362187689716
"12",-4.53907815631263,-0.417194081049851,-4.69939879759519,-0.539362187689716,-0.343362187689716
"13",-4.49899799599198,-0.733825991520698,-4.69939879759519,-0.539362187689716,-0.343362187689716
"14",-4.45891783567134,-0.547126473793109,-4.69939879759519,-0.539362187689716,-0.343362187689716
"15",-4.39879759519038,-0.665040439932952,-4.69939879759519,-0.539362187689716,-0.343362187689716
"16",-4.3186372745491,-0.433619996817613,-4.69939879759519,-0.539362187689716,-0.343362187689716
"17",-4.27855711422846,-0.705283448703139,-4.69939879759519,-0.539362187689716,-0.343362187689716
"18",-4.25851703406814,-0.586438104807938,-4.69939879759519,-0.539362187689716,-0.343362187689716
"19",-4.17835671342685,-0.491965450126063,-4.69939879759519,-0.539362187689716,-0.343362187689716
"20",-4.11823647294589,-0.505500989953454,-4.69939879759519,-0.539362187689716,-0.343362187689716
"21",-4.07815631262525,-0.583512798596869,-4.69939879759519,-0.539362187689716,-0.343362187689716
"22",-4.01803607214429,-0.672508240613277,-4.69939879759519,-0.539362187689716,-0.343362187689716
"23",-3.97795591182365,-0.636204472487892,-4.69939879759519,-0.539362187689716,-0.343362187689716
"24",-3.95791583166333,-0.646437126021178,-4.69939879759519,-0.539362187689716,-0.343362187689716
"25",-3.85771543086172,-0.607021143779424,-4.69939879759519,-0.539362187689716,-0.343362187689716
"26",-3.8376753507014,-0.676094012320861,-4.69939879759519,-0.539362187689716,-0.343362187689716
"27",-3.75751503006012,-0.733113928481005,-4.69939879759519,-0.539362187689716,-0.343362187689716
"28",-3.71743486973948,-0.878627680625652,-4.69939879759519,-0.539362187689716,-0.343362187689716
"29",-3.21643286573146,-0.805134746530407,-4.69939879759519,-0.539362187689716,-0.343362187689716
"30",-2.77555110220441,-0.720029006869693,-4.69939879759519,-0.539362187689716,-0.343362187689716
"31",-1.91382765531062,-0.711385695907669,-4.69939879759519,-0.539362187689716,-0.343362187689716
"32",-0.95190380761523,-0.604011075440807,-4.69939879759519,-0.539362187689716,-0.343362187689716
"33",-0.0501002004008022,-0.250041711555595,-4.69939879759519,-0.539362187689716,-0.343362187689716
"34",0.290581162324649,-0.405371191496129,-4.69939879759519,-0.539362187689716,-0.343362187689716
"35",0.771543086172344,-0.0822123632545772,-4.69939879759519,-0.539362187689716,-0.343362187689716
"36",0.971943887775551,-0.168113857004297,-4.69939879759519,-0.539362187689716,-0.343362187689716
"37",1.05210420841683,0.0974866341456658,-4.69939879759519,-0.539362187689716,-0.343362187689716
"38",1.09218436873747,-0.0421812310702022,-4.69939879759519,-0.539362187689716,-0.343362187689716
"39",3.31663326653307,0.447656609494338,-4.69939879759519,-0.539362187689716,-0.343362187689716
"40",4.71943887775551,0.93195264483893,-4.69939879759519,-0.539362187689716,-0.343362187689716
