"","x","yplot","target","ftrue","fwrong"
"1",-4.97995991983968,-0.595523389047873,3.8376753507014,0.84653389514232,0.65053389514232
"2",-4.83967935871743,-0.657285957806915,3.8376753507014,0.84653389514232,0.65053389514232
"3",-4.69939879759519,-0.809120619216095,3.8376753507014,0.84653389514232,0.65053389514232
"4",-3.81763527054108,-0.607196813916364,3.8376753507014,0.84653389514232,0.65053389514232
"5",-3.19639278557114,-0.376376709288839,3.8376753507014,0.84653389514232,0.65053389514232
"6",-3.09619238476954,-0.515559057791476,3.8376753507014,0.84653389514232,0.65053389514232
"7",-2.99599198396794,-0.38393362065308,3.8376753507014,0.84653389514232,0.65053389514232
"8",-2.71543086172345,-0.532383379069273,3.8376753507014,0.84653389514232,0.65053389514232
"9",-2.55511022044088,-0.49013164646711,3.8376753507014,0.84653389514232,0.65053389514232
"10",-2.17434869739479,-0.463140310573424,3.8376753507014,0.84653389514232,0.65053389514232
"11",-2.03406813627255,-0.483534360124403,3.8376753507014,0.84653389514232,0.65053389514232
"12",-1.95390781563126,-0.263934143676595,3.8376753507014,0.84653389514232,0.65053389514232
"13",-1.87374749498998,-0.338070967361209,3.8376753507014,0.84653389514232,0.65053389514232
"14",-1.73346693386774,-0.344162672626131,3.8376753507014,0.84653389514232,0.65053389514232
"15",-1.63326653306613,-0.230182875816673,3.8376753507014,0.84653389514232,0.65053389514232
"16",-1.47294589178357,-0.271488917084048,3.8376753507014,0.84653389514232,0.65053389514232
"17",-0.93186372745491,-0.174630959811296,3.8376753507014,0.84653389514232,0.65053389514232
"18",-0.871743486973948,-0.0458329187152784,3.8376753507014,0.84653389514232,0.65053389514232
"19",-0.490981963927856,0.0779122784341084,3.8376753507014,0.84653389514232,0.65053389514232
"20",-0.250501002004008,0.0519545972758668,3.8376753507014,0.84653389514232,0.65053389514232
"21",-0.0501002004008022,-0.00248371964449434,3.8376753507014,0.84653389514232,0.65053389514232
"22",0.0701402805611222,0.180471545971969,3.8376753507014,0.84653389514232,0.65053389514232
"23",0.410821643286573,0.335900199551742,3.8376753507014,0.84653389514232,0.65053389514232
"24",0.511022044088176,0.0674107417360567,3.8376753507014,0.84653389514232,0.65053389514232
"25",0.611222444889779,0.310037188564161,3.8376753507014,0.84653389514232,0.65053389514232
"26",0.771543086172344,0.581468426898161,3.8376753507014,0.84653389514232,0.65053389514232
"27",0.811623246492986,0.38828005336669,3.8376753507014,0.84653389514232,0.65053389514232
"28",0.891783567134269,0.318027735712085,3.8376753507014,0.84653389514232,0.65053389514232
"29",2.29458917835671,0.746748566442258,3.8376753507014,0.84653389514232,0.65053389514232
"30",2.41482965931864,0.753619790640369,3.8376753507014,0.84653389514232,0.65053389514232
"31",2.4749498997996,0.588622130702438,3.8376753507014,0.84653389514232,0.65053389514232
"32",2.55511022044088,0.78342827716622,3.8376753507014,0.84653389514232,0.65053389514232
"33",2.77555110220441,0.833282879959177,3.8376753507014,0.84653389514232,0.65053389514232
"34",2.79559118236473,0.509550648758472,3.8376753507014,0.84653389514232,0.65053389514232
"35",2.81563126252505,0.807476537607841,3.8376753507014,0.84653389514232,0.65053389514232
"36",2.89579158316633,0.688442922694458,3.8376753507014,0.84653389514232,0.65053389514232
"37",3.01603206412826,0.70996627406192,3.8376753507014,0.84653389514232,0.65053389514232
"38",3.03607214428858,0.850774556363753,3.8376753507014,0.84653389514232,0.65053389514232
"39",3.0561122244489,0.829504250577297,3.8376753507014,0.84653389514232,0.65053389514232
"40",3.19639278557114,0.689205966538475,3.8376753507014,0.84653389514232,0.65053389514232
"41",3.37675350701403,0.768556178270802,3.8376753507014,0.84653389514232,0.65053389514232
"42",3.47695390781563,0.702927553134261,3.8376753507014,0.84653389514232,0.65053389514232
"43",3.6372745490982,0.820863371204055,3.8376753507014,0.84653389514232,0.65053389514232
"44",3.7374749498998,0.90253619886255,3.8376753507014,0.84653389514232,0.65053389514232
"45",3.75751503006012,0.828094582774456,3.8376753507014,0.84653389514232,0.65053389514232
"46",3.89779559118236,0.869564379766276,3.8376753507014,0.84653389514232,0.65053389514232
"47",3.95791583166333,0.854032696604085,3.8376753507014,0.84653389514232,0.65053389514232
"48",4.07815631262525,0.867309458147805,3.8376753507014,0.84653389514232,0.65053389514232
"49",4.29859719438878,1.05575970077096,3.8376753507014,0.84653389514232,0.65053389514232
"50",4.63927855711423,0.754254581741581,3.8376753507014,0.84653389514232,0.65053389514232
