"","x","yplot","target","ftrue","fwrong"
"1",-3.49699398797595,0.880579898704441,1.01202404809619,0.0870108740866203,0.28301087408662
"2",-3.35671342685371,0.783053949790943,1.01202404809619,0.0870108740866203,0.28301087408662
"3",-3.31663326653307,0.786711527481176,1.01202404809619,0.0870108740866203,0.28301087408662
"4",-2.95591182364729,0.569754146561839,1.01202404809619,0.0870108740866203,0.28301087408662
"5",-2.11422845691383,0.0195931219340697,1.01202404809619,0.0870108740866203,0.28301087408662
"6",-1.13226452905812,-0.38641486052998,1.01202404809619,0.0870108740866203,0.28301087408662
"7",0.210420841683367,-0.295672771066109,1.01202404809619,0.0870108740866203,0.28301087408662
"8",0.230460921843687,-0.169372255867693,1.01202404809619,0.0870108740866203,0.28301087408662
"9",0.370741482965932,-0.14030329437682,1.01202404809619,0.0870108740866203,0.28301087408662
"10",0.390781563126252,-0.127480919902567,1.01202404809619,0.0870108740866203,0.28301087408662
"11",0.511022044088176,-0.00833608678191876,1.01202404809619,0.0870108740866203,0.28301087408662
"12",0.611222444889779,-0.0775572770208733,1.01202404809619,0.0870108740866203,0.28301087408662
"13",0.771543086172344,0.176954108120046,1.01202404809619,0.0870108740866203,0.28301087408662
"14",0.811623246492986,-0.0530226749801277,1.01202404809619,0.0870108740866203,0.28301087408662
"15",0.871743486973948,-0.0134575595877803,1.01202404809619,0.0870108740866203,0.28301087408662
"16",0.891783567134269,0.0324542887817819,1.01202404809619,0.0870108740866203,0.28301087408662
"17",1.05210420841683,0.0636727535663299,1.01202404809619,0.0870108740866203,0.28301087408662
"18",1.07214428857715,-0.04984543501564,1.01202404809619,0.0870108740866203,0.28301087408662
"19",1.15230460921844,-0.0546881948604627,1.01202404809619,0.0870108740866203,0.28301087408662
"20",1.19238476953908,0.0782344641084328,1.01202404809619,0.0870108740866203,0.28301087408662
"21",1.2124248496994,0.0207190991439055,1.01202404809619,0.0870108740866203,0.28301087408662
"22",1.29258517034068,0.209118748094157,1.01202404809619,0.0870108740866203,0.28301087408662
"23",1.312625250501,0.00283814136364555,1.01202404809619,0.0870108740866203,0.28301087408662
"24",1.37274549098196,0.269840971459079,1.01202404809619,0.0870108740866203,0.28301087408662
"25",1.51302605210421,0.233074753958474,1.01202404809619,0.0870108740866203,0.28301087408662
"26",1.57314629258517,0.264256462124736,1.01202404809619,0.0870108740866203,0.28301087408662
"27",1.65330661322645,0.22086413985114,1.01202404809619,0.0870108740866203,0.28301087408662
"28",1.67334669338677,0.0605330003108112,1.01202404809619,0.0870108740866203,0.28301087408662
"29",1.75350701402806,0.236086409677007,1.01202404809619,0.0870108740866203,0.28301087408662
"30",1.77354709418838,0.368889509749687,1.01202404809619,0.0870108740866203,0.28301087408662
"31",1.7935871743487,0.102755713346881,1.01202404809619,0.0870108740866203,0.28301087408662
"32",1.81362725450902,0.370525867896705,1.01202404809619,0.0870108740866203,0.28301087408662
"33",1.8937875751503,0.183338683967779,1.01202404809619,0.0870108740866203,0.28301087408662
"34",1.93386773547094,0.134714415844621,1.01202404809619,0.0870108740866203,0.28301087408662
"35",2.41482965931864,0.0725880903589697,1.01202404809619,0.0870108740866203,0.28301087408662
"36",2.63527054108216,0.465707244153578,1.01202404809619,0.0870108740866203,0.28301087408662
"37",2.85571142284569,0.0477392360771037,1.01202404809619,0.0870108740866203,0.28301087408662
"38",3.13627254509018,0.11394897139565,1.01202404809619,0.0870108740866203,0.28301087408662
"39",3.81763527054108,1.07328680313823e-05,1.01202404809619,0.0870108740866203,0.28301087408662
"40",4.23847695390782,0.341222799239989,1.01202404809619,0.0870108740866203,0.28301087408662
