"","x","yplot","target","ftrue","fwrong"
"1",-4.77955911823647,0.859378898582437,1.59318637274549,-0.586408673134313,-0.390408673134313
"2",-4.73947895791583,0.779068241832893,1.59318637274549,-0.586408673134313,-0.390408673134313
"3",-4.19839679358717,0.637712903117467,1.59318637274549,-0.586408673134313,-0.390408673134313
"4",-2.77555110220441,0.392629098294641,1.59318637274549,-0.586408673134313,-0.390408673134313
"5",-2.69539078156313,0.158901455467419,1.59318637274549,-0.586408673134313,-0.390408673134313
"6",-2.43486973947896,0.331889567901421,1.59318637274549,-0.586408673134313,-0.390408673134313
"7",-1.91382765531062,0.0441753858769202,1.59318637274549,-0.586408673134313,-0.390408673134313
"8",-1.25250501002004,-0.0977769363302864,1.59318637274549,-0.586408673134313,-0.390408673134313
"9",-1.23246492985972,0.0432470961084175,1.59318637274549,-0.586408673134313,-0.390408673134313
"10",-0.591182364729459,-0.35359490089543,1.59318637274549,-0.586408673134313,-0.390408673134313
"11",-0.230460921843687,-0.396544806364265,1.59318637274549,-0.586408673134313,-0.390408673134313
"12",-0.0300601202404813,-0.38485243996587,1.59318637274549,-0.586408673134313,-0.390408673134313
"13",0.470941883767535,-0.369653221653509,1.59318637274549,-0.586408673134313,-0.390408673134313
"14",0.591182364729459,-0.344593941367721,1.59318637274549,-0.586408673134313,-0.390408673134313
"15",0.751503006012024,-0.565094292124648,1.59318637274549,-0.586408673134313,-0.390408673134313
"16",1.1122244488978,-0.428266187835961,1.59318637274549,-0.586408673134313,-0.390408673134313
"17",1.13226452905812,-0.586913152199133,1.59318637274549,-0.586408673134313,-0.390408673134313
"18",1.35270541082164,-0.523167926374491,1.59318637274549,-0.586408673134313,-0.390408673134313
"19",1.47294589178357,-0.462100939595764,1.59318637274549,-0.586408673134313,-0.390408673134313
"20",1.57314629258517,-0.55644517734783,1.59318637274549,-0.586408673134313,-0.390408673134313
"21",1.77354709418838,-0.552372417449707,1.59318637274549,-0.586408673134313,-0.390408673134313
"22",1.7935871743487,-0.631859514288687,1.59318637274549,-0.586408673134313,-0.390408673134313
"23",1.83366733466934,-0.612007466220547,1.59318637274549,-0.586408673134313,-0.390408673134313
"24",2.73547094188377,-0.75821472170256,1.59318637274549,-0.586408673134313,-0.390408673134313
"25",3.85771543086172,-0.264468166942239,1.59318637274549,-0.586408673134313,-0.390408673134313
"26",4.21843687374749,-0.309597313125666,1.59318637274549,-0.586408673134313,-0.390408673134313
"27",4.39879759519038,-0.360817307700666,1.59318637274549,-0.586408673134313,-0.390408673134313
"28",4.43887775551102,-0.124369946334744,1.59318637274549,-0.586408673134313,-0.390408673134313
"29",4.79959919839679,-0.0382606408325132,1.59318637274549,-0.586408673134313,-0.390408673134313
"30",4.93987975951904,-0.354846791703733,1.59318637274549,-0.586408673134313,-0.390408673134313
