"","x","yplot","target","ftrue","fwrong"
"1",-3.75751503006012,0.25704206791468,-1.2124248496994,0.453841330616041,0.649841330616041
"2",-3.13627254509018,0.846049123543992,-1.2124248496994,0.453841330616041,0.649841330616041
"3",-2.19438877755511,1.02039899035447,-1.2124248496994,0.453841330616041,0.649841330616041
"4",-2.17434869739479,0.981580552430233,-1.2124248496994,0.453841330616041,0.649841330616041
"5",-2.09418837675351,0.887839894773802,-1.2124248496994,0.453841330616041,0.649841330616041
"6",-1.91382765531062,0.947090929625627,-1.2124248496994,0.453841330616041,0.649841330616041
"7",-1.71342685370742,0.70645168757002,-1.2124248496994,0.453841330616041,0.649841330616041
"8",-1.65330661322645,0.743614131865826,-1.2124248496994,0.453841330616041,0.649841330616041
"9",-1.57314629258517,0.73585857261784,-1.2124248496994,0.453841330616041,0.649841330616041
"10",-1.47294589178357,0.536691358182034,-1.2124248496994,0.453841330616041,0.649841330616041
"11",-1.43286573146293,0.418236492639187,-1.2124248496994,0.453841330616041,0.649841330616041
"12",-1.41282565130261,0.676653296321337,-1.2124248496994,0.453841330616041,0.649841330616041
"13",-1.35270541082164,0.487212538546849,-1.2124248496994,0.453841330616041,0.649841330616041
"14",-1.33266533066132,0.363711662906631,-1.2124248496994,0.453841330616041,0.649841330616041
"15",-1.23246492985972,0.422367676729572,-1.2124248496994,0.453841330616041,0.649841330616041
"16",-0.95190380761523,0.173232409590155,-1.2124248496994,0.453841330616041,0.649841330616041
"17",-0.93186372745491,0.0191486905570388,-1.2124248496994,0.453841330616041,0.649841330616041
"18",-0.871743486973948,0.299330396979277,-1.2124248496994,0.453841330616041,0.649841330616041
"19",-0.711422845691383,0.105615286646279,-1.2124248496994,0.453841330616041,0.649841330616041
"20",-0.61122244488978,-0.0323254253503646,-1.2124248496994,0.453841330616041,0.649841330616041
"21",-0.571142284569138,0.0551774644885624,-1.2124248496994,0.453841330616041,0.649841330616041
"22",-0.531062124248497,-0.000529326126619323,-1.2124248496994,0.453841330616041,0.649841330616041
"23",-0.350701402805611,-0.059628381335651,-1.2124248496994,0.453841330616041,0.649841330616041
"24",0.110220440881763,-0.353180970851726,-1.2124248496994,0.453841330616041,0.649841330616041
"25",0.31062124248497,-0.1763681598766,-1.2124248496994,0.453841330616041,0.649841330616041
"26",1.91382765531062,0.143350885483341,-1.2124248496994,0.453841330616041,0.649841330616041
"27",2.75551102204409,0.169993815338165,-1.2124248496994,0.453841330616041,0.649841330616041
"28",2.85571142284569,0.189981747950546,-1.2124248496994,0.453841330616041,0.649841330616041
"29",3.7374749498998,0.467703286499808,-1.2124248496994,0.453841330616041,0.649841330616041
"30",4.81963927855711,0.48418015497825,-1.2124248496994,0.453841330616041,0.649841330616041
