"","x","yplot","target","ftrue","fwrong"
"1",-4.69939879759519,0.447434802520956,1.7935871743487,-0.804126989125976,-0.608126989125976
"2",-4.61923847695391,0.464739236797066,1.7935871743487,-0.804126989125976,-0.608126989125976
"3",-3.19639278557114,-0.220984539978308,1.7935871743487,-0.804126989125976,-0.608126989125976
"4",-2.73547094188377,-0.24114452558693,1.7935871743487,-0.804126989125976,-0.608126989125976
"5",-2.61523046092184,-0.233686534730715,1.7935871743487,-0.804126989125976,-0.608126989125976
"6",-1.35270541082164,-0.755926818227386,1.7935871743487,-0.804126989125976,-0.608126989125976
"7",0.6312625250501,-0.837951337941707,1.7935871743487,-0.804126989125976,-0.608126989125976
"8",0.831663326653306,-0.805484543300797,1.7935871743487,-0.804126989125976,-0.608126989125976
"9",0.851703406813627,-0.866448942167725,1.7935871743487,-0.804126989125976,-0.608126989125976
"10",0.871743486973948,-0.798740215913997,1.7935871743487,-0.804126989125976,-0.608126989125976
"11",0.93186372745491,-0.720876242848998,1.7935871743487,-0.804126989125976,-0.608126989125976
"12",1.05210420841683,-0.724190772265352,1.7935871743487,-0.804126989125976,-0.608126989125976
"13",1.07214428857715,-0.872019924099781,1.7935871743487,-0.804126989125976,-0.608126989125976
"14",1.2124248496994,-0.926633113033098,1.7935871743487,-0.804126989125976,-0.608126989125976
"15",1.25250501002004,-0.744386635321444,1.7935871743487,-0.804126989125976,-0.608126989125976
"16",1.312625250501,-1.02177810577915,1.7935871743487,-0.804126989125976,-0.608126989125976
"17",1.35270541082164,-0.761309236755588,1.7935871743487,-0.804126989125976,-0.608126989125976
"18",1.43286573146293,-0.863424411770681,1.7935871743487,-0.804126989125976,-0.608126989125976
"19",1.55310621242485,-0.81544763432141,1.7935871743487,-0.804126989125976,-0.608126989125976
"20",1.63326653306613,-0.839574757147598,1.7935871743487,-0.804126989125976,-0.608126989125976
"21",1.71342685370741,-0.7614809606964,1.7935871743487,-0.804126989125976,-0.608126989125976
"22",1.73346693386774,-0.801878155093588,1.7935871743487,-0.804126989125976,-0.608126989125976
"23",1.85370741482966,-0.916044135158571,1.7935871743487,-0.804126989125976,-0.608126989125976
"24",1.9939879759519,-0.813803527361069,1.7935871743487,-0.804126989125976,-0.608126989125976
"25",2.01402805611222,-0.748044473717308,1.7935871743487,-0.804126989125976,-0.608126989125976
"26",2.03406813627254,-0.706996414016007,1.7935871743487,-0.804126989125976,-0.608126989125976
"27",2.09418837675351,-0.852985451559674,1.7935871743487,-0.804126989125976,-0.608126989125976
"28",2.15430861723447,-0.566753337390001,1.7935871743487,-0.804126989125976,-0.608126989125976
"29",2.374749498998,-1.00173164358471,1.7935871743487,-0.804126989125976,-0.608126989125976
"30",2.39478957915832,-0.766944584114982,1.7935871743487,-0.804126989125976,-0.608126989125976
"31",2.43486973947896,-0.867370291695855,1.7935871743487,-0.804126989125976,-0.608126989125976
"32",2.49498997995992,-0.91999724462048,1.7935871743487,-0.804126989125976,-0.608126989125976
"33",2.51503006012024,-0.768768972020852,1.7935871743487,-0.804126989125976,-0.608126989125976
"34",2.55511022044088,-0.634854111623399,1.7935871743487,-0.804126989125976,-0.608126989125976
"35",2.59519038076152,-0.914032919393115,1.7935871743487,-0.804126989125976,-0.608126989125976
"36",2.93587174348697,-0.896038605781211,1.7935871743487,-0.804126989125976,-0.608126989125976
"37",3.45691382765531,-0.688221471195711,1.7935871743487,-0.804126989125976,-0.608126989125976
"38",3.61723446893788,-0.707680467844252,1.7935871743487,-0.804126989125976,-0.608126989125976
"39",3.67735470941884,-0.823298229268763,1.7935871743487,-0.804126989125976,-0.608126989125976
"40",3.8376753507014,-0.623497828018949,1.7935871743487,-0.804126989125976,-0.608126989125976
