"","x","yplot","target","ftrue","fwrong"
"1",-4.8997995991984,-0.396505937440782,4.43887775551102,0.671592470634347,0.867592470634347
"2",-4.83967935871743,-0.354070807887151,4.43887775551102,0.671592470634347,0.867592470634347
"3",-4.77955911823647,-0.26756145751357,4.43887775551102,0.671592470634347,0.867592470634347
"4",-4.75951903807615,-0.310231480058631,4.43887775551102,0.671592470634347,0.867592470634347
"5",-4.65931863727455,-0.282236080755182,4.43887775551102,0.671592470634347,0.867592470634347
"6",-4.23847695390782,-0.369378779557105,4.43887775551102,0.671592470634347,0.867592470634347
"7",-3.33667334669339,-0.341768946821655,4.43887775551102,0.671592470634347,0.867592470634347
"8",-3.21643286573146,-0.280252553763024,4.43887775551102,0.671592470634347,0.867592470634347
"9",-2.45490981963928,-0.238970782398497,4.43887775551102,0.671592470634347,0.867592470634347
"10",-2.27454909819639,-0.177361012982694,4.43887775551102,0.671592470634347,0.867592470634347
"11",-2.17434869739479,-0.257965888035097,4.43887775551102,0.671592470634347,0.867592470634347
"12",-2.15430861723447,-0.201728012261641,4.43887775551102,0.671592470634347,0.867592470634347
"13",-2.01402805611222,-0.133944178774268,4.43887775551102,0.671592470634347,0.867592470634347
"14",-1.81362725450902,-0.138748143463756,4.43887775551102,0.671592470634347,0.867592470634347
"15",-1.59318637274549,-0.0766588447576281,4.43887775551102,0.671592470634347,0.867592470634347
"16",-1.25250501002004,-0.0125545428134238,4.43887775551102,0.671592470634347,0.867592470634347
"17",-0.971943887775551,-0.0158187042039393,4.43887775551102,0.671592470634347,0.867592470634347
"18",-0.95190380761523,-0.0306511796639836,4.43887775551102,0.671592470634347,0.867592470634347
"19",-0.771543086172345,-0.141387919765857,4.43887775551102,0.671592470634347,0.867592470634347
"20",0.671342685370742,0.100825945662645,4.43887775551102,0.671592470634347,0.867592470634347
"21",1.05210420841683,-0.0278716409074086,4.43887775551102,0.671592470634347,0.867592470634347
"22",2.21442885771543,0.191186647049791,4.43887775551102,0.671592470634347,0.867592470634347
"23",2.27454909819639,0.0362406233662201,4.43887775551102,0.671592470634347,0.867592470634347
"24",2.33466933867735,0.32895736555659,4.43887775551102,0.671592470634347,0.867592470634347
"25",2.4749498997996,0.27849539222474,4.43887775551102,0.671592470634347,0.867592470634347
"26",3.21643286573146,0.574876972388932,4.43887775551102,0.671592470634347,0.867592470634347
"27",3.39679358717435,0.43083114219915,4.43887775551102,0.671592470634347,0.867592470634347
"28",3.43687374749499,0.642903509930163,4.43887775551102,0.671592470634347,0.867592470634347
"29",3.77755511022044,0.477428288696589,4.43887775551102,0.671592470634347,0.867592470634347
"30",3.79759519038076,0.666672483389906,4.43887775551102,0.671592470634347,0.867592470634347
"31",3.85771543086172,0.616882818426863,4.43887775551102,0.671592470634347,0.867592470634347
"32",3.87775551102204,0.525298999322918,4.43887775551102,0.671592470634347,0.867592470634347
"33",3.91783567134268,0.576742433211627,4.43887775551102,0.671592470634347,0.867592470634347
"34",3.99799599198397,0.586369077164134,4.43887775551102,0.671592470634347,0.867592470634347
"35",4.71943887775551,0.861382004417268,4.43887775551102,0.671592470634347,0.867592470634347
"36",4.73947895791583,0.856787602681879,4.43887775551102,0.671592470634347,0.867592470634347
"37",4.75951903807615,0.85319038819768,4.43887775551102,0.671592470634347,0.867592470634347
"38",4.77955911823647,0.786150155635936,4.43887775551102,0.671592470634347,0.867592470634347
"39",4.81963927855711,0.723701363549505,4.43887775551102,0.671592470634347,0.867592470634347
"40",4.93987975951904,0.816964734048435,4.43887775551102,0.671592470634347,0.867592470634347
