"","x","yplot","target","ftrue","fwrong"
"1",-4.37875751503006,-0.827883113179275,-2.31462925851703,-0.537707024762881,-0.341707024762881
"2",-4.27855711422846,-0.579382230700529,-2.31462925851703,-0.537707024762881,-0.341707024762881
"3",-2.87575150300601,-0.86136017672576,-2.31462925851703,-0.537707024762881,-0.341707024762881
"4",-2.49498997995992,-0.678935637981392,-2.31462925851703,-0.537707024762881,-0.341707024762881
"5",-2.43486973947896,-0.605514722399679,-2.31462925851703,-0.537707024762881,-0.341707024762881
"6",-2.27454909819639,-0.531645223096819,-2.31462925851703,-0.537707024762881,-0.341707024762881
"7",-2.13426853707415,-0.483307164960853,-2.31462925851703,-0.537707024762881,-0.341707024762881
"8",-2.07414829659319,-0.469074293634852,-2.31462925851703,-0.537707024762881,-0.341707024762881
"9",-1.57314629258517,-0.0987563851474968,-2.31462925851703,-0.537707024762881,-0.341707024762881
"10",-1.45290581162325,-0.0135909018280253,-2.31462925851703,-0.537707024762881,-0.341707024762881
"11",-1.33266533066132,0.0865453854641001,-2.31462925851703,-0.537707024762881,-0.341707024762881
"12",-1.05210420841683,0.176726612395091,-2.31462925851703,-0.537707024762881,-0.341707024762881
"13",-0.971943887775551,0.149932735662145,-2.31462925851703,-0.537707024762881,-0.341707024762881
"14",-0.531062124248497,0.299441161255079,-2.31462925851703,-0.537707024762881,-0.341707024762881
"15",-0.350701402805611,0.221582000186605,-2.31462925851703,-0.537707024762881,-0.341707024762881
"16",-0.0300601202404813,0.200167645679751,-2.31462925851703,-0.537707024762881,-0.341707024762881
"17",0.150300601202405,0.208703408732855,-2.31462925851703,-0.537707024762881,-0.341707024762881
"18",0.350701402805611,0.153360458144094,-2.31462925851703,-0.537707024762881,-0.341707024762881
"19",0.551102204408817,0.292556947967658,-2.31462925851703,-0.537707024762881,-0.341707024762881
"20",1.37274549098196,0.48240657159938,-2.31462925851703,-0.537707024762881,-0.341707024762881
"21",1.9939879759519,0.608154231955089,-2.31462925851703,-0.537707024762881,-0.341707024762881
"22",2.41482965931864,0.795881451198785,-2.31462925851703,-0.537707024762881,-0.341707024762881
"23",2.43486973947896,0.550721050732578,-2.31462925851703,-0.537707024762881,-0.341707024762881
"24",2.75551102204409,0.495751965544381,-2.31462925851703,-0.537707024762881,-0.341707024762881
"25",2.95591182364729,0.625959105001349,-2.31462925851703,-0.537707024762881,-0.341707024762881
"26",3.47695390781563,0.519607561417815,-2.31462925851703,-0.537707024762881,-0.341707024762881
"27",3.53707414829659,0.525710470900428,-2.31462925851703,-0.537707024762881,-0.341707024762881
"28",4.29859719438878,0.128447846044525,-2.31462925851703,-0.537707024762881,-0.341707024762881
"29",4.37875751503006,0.194904863499482,-2.31462925851703,-0.537707024762881,-0.341707024762881
"30",4.93987975951904,0.0481942853466047,-2.31462925851703,-0.537707024762881,-0.341707024762881
