"","x","yplot","target","ftrue","fwrong"
"1",-4.71943887775551,-0.785896296087346,3.51703406813627,0.288759699547136,0.484759699547136
"2",-4.53907815631263,-0.854646940286711,3.51703406813627,0.288759699547136,0.484759699547136
"3",-4.51903807615231,-0.903072008618005,3.51703406813627,0.288759699547136,0.484759699547136
"4",-4.23847695390782,-0.777225660160219,3.51703406813627,0.288759699547136,0.484759699547136
"5",-4.07815631262525,-1.00643083503901,3.51703406813627,0.288759699547136,0.484759699547136
"6",-3.67735470941884,-0.766137280817987,3.51703406813627,0.288759699547136,0.484759699547136
"7",-2.55511022044088,-0.603140653173621,3.51703406813627,0.288759699547136,0.484759699547136
"8",-2.11422845691383,-0.687791258319811,3.51703406813627,0.288759699547136,0.484759699547136
"9",-1.8937875751503,-0.631277934141849,3.51703406813627,0.288759699547136,0.484759699547136
"10",-1.83366733466934,-0.720767626446385,3.51703406813627,0.288759699547136,0.484759699547136
"11",-1.57314629258517,-0.885091980646981,3.51703406813627,0.288759699547136,0.484759699547136
"12",-0.831663326653307,-0.609596355896696,3.51703406813627,0.288759699547136,0.484759699547136
"13",-0.811623246492986,-0.553305223939502,3.51703406813627,0.288759699547136,0.484759699547136
"14",-0.631262525050101,-0.616151694838914,3.51703406813627,0.288759699547136,0.484759699547136
"15",-0.0701402805611222,-0.562407644483315,3.51703406813627,0.288759699547136,0.484759699547136
"16",0.0100200400801604,-0.491095055030877,3.51703406813627,0.288759699547136,0.484759699547136
"17",0.511022044088176,-0.651456187915033,3.51703406813627,0.288759699547136,0.484759699547136
"18",1.63326653306613,-0.148653446924958,3.51703406813627,0.288759699547136,0.484759699547136
"19",2.41482965931864,-0.0640127241437324,3.51703406813627,0.288759699547136,0.484759699547136
"20",2.71543086172345,0.186792532133067,3.51703406813627,0.288759699547136,0.484759699547136
"21",2.75551102204409,0.0673390551182954,3.51703406813627,0.288759699547136,0.484759699547136
"22",3.29659318637274,0.321753261673485,3.51703406813627,0.288759699547136,0.484759699547136
"23",3.87775551102204,0.363809843849372,3.51703406813627,0.288759699547136,0.484759699547136
"24",4.15831663326653,0.523429622391997,3.51703406813627,0.288759699547136,0.484759699547136
"25",4.19839679358717,0.231648897360648,3.51703406813627,0.288759699547136,0.484759699547136
"26",4.25851703406814,0.402030162240706,3.51703406813627,0.288759699547136,0.484759699547136
"27",4.47895791583166,0.482702065799373,3.51703406813627,0.288759699547136,0.484759699547136
"28",4.49899799599198,0.644811876288825,3.51703406813627,0.288759699547136,0.484759699547136
"29",4.59919839679359,0.540657132092874,3.51703406813627,0.288759699547136,0.484759699547136
"30",4.81963927855711,0.387715420239573,3.51703406813627,0.288759699547136,0.484759699547136
