"","x","yplot","target","ftrue","fwrong"
"1",-4.79959919839679,0.285674234595711,3.17635270541082,0.123333546358819,-0.0726664536411812
"2",-4.35871743486974,0.194678723118672,3.17635270541082,0.123333546358819,-0.0726664536411812
"3",-3.41683366733467,-0.16503030292427,3.17635270541082,0.123333546358819,-0.0726664536411812
"4",-0.731462925851703,-0.65786684970357,3.17635270541082,0.123333546358819,-0.0726664536411812
"5",0.390781563126252,-0.567049447041355,3.17635270541082,0.123333546358819,-0.0726664536411812
"6",1.75350701402806,-0.39857921058391,3.17635270541082,0.123333546358819,-0.0726664536411812
"7",2.43486973947896,0.161071909573906,3.17635270541082,0.123333546358819,-0.0726664536411812
"8",2.4749498997996,-0.17490375134685,3.17635270541082,0.123333546358819,-0.0726664536411812
"9",2.75551102204409,-0.033169710714961,3.17635270541082,0.123333546358819,-0.0726664536411812
"10",3.01603206412826,0.0407530133911649,3.17635270541082,0.123333546358819,-0.0726664536411812
"11",3.07615230460922,0.145719710723601,3.17635270541082,0.123333546358819,-0.0726664536411812
"12",3.09619238476954,0.118252912978887,3.17635270541082,0.123333546358819,-0.0726664536411812
"13",3.11623246492986,0.182356245154237,3.17635270541082,0.123333546358819,-0.0726664536411812
"14",3.13627254509018,0.129539689342951,3.17635270541082,0.123333546358819,-0.0726664536411812
"15",3.19639278557114,0.0689653031952453,3.17635270541082,0.123333546358819,-0.0726664536411812
"16",3.21643286573146,0.081935084987964,3.17635270541082,0.123333546358819,-0.0726664536411812
"17",3.2565130260521,0.0653938711175752,3.17635270541082,0.123333546358819,-0.0726664536411812
"18",3.31663326653307,0.227481369299398,3.17635270541082,0.123333546358819,-0.0726664536411812
"19",3.49699398797595,0.225903836025762,3.17635270541082,0.123333546358819,-0.0726664536411812
"20",3.59719438877755,0.436267639924739,3.17635270541082,0.123333546358819,-0.0726664536411812
"21",3.61723446893788,0.226716488805501,3.17635270541082,0.123333546358819,-0.0726664536411812
"22",3.71743486973948,0.388485134223593,3.17635270541082,0.123333546358819,-0.0726664536411812
"23",3.77755511022044,0.192981105800746,3.17635270541082,0.123333546358819,-0.0726664536411812
"24",4.01803607214429,0.468769337527162,3.17635270541082,0.123333546358819,-0.0726664536411812
"25",4.03807615230461,0.348495785341618,3.17635270541082,0.123333546358819,-0.0726664536411812
"26",4.05811623246493,0.354237281985871,3.17635270541082,0.123333546358819,-0.0726664536411812
"27",4.09819639278557,0.370762608903007,3.17635270541082,0.123333546358819,-0.0726664536411812
"28",4.57915831663327,0.58991125671542,3.17635270541082,0.123333546358819,-0.0726664536411812
"29",4.81963927855711,0.555054665614339,3.17635270541082,0.123333546358819,-0.0726664536411812
"30",4.8997995991984,0.543488482320639,3.17635270541082,0.123333546358819,-0.0726664536411812
