"","x","yplot","target","ftrue","fwrong"
"1",-3.33667334669339,-0.133373108300212,4.69939879759519,0.160941800508281,0.356941800508281
"2",-1.63326653306613,-0.786846516857072,4.69939879759519,0.160941800508281,0.356941800508281
"3",1.37274549098196,-0.172827116276407,4.69939879759519,0.160941800508281,0.356941800508281
"4",1.43286573146293,-0.148708404935634,4.69939879759519,0.160941800508281,0.356941800508281
"5",2.27454909819639,0.217825198578202,4.69939879759519,0.160941800508281,0.356941800508281
"6",3.17635270541082,0.495876054417449,4.69939879759519,0.160941800508281,0.356941800508281
"7",3.67735470941884,0.251800208919091,4.69939879759519,0.160941800508281,0.356941800508281
"8",4.05811623246493,0.365580018521494,4.69939879759519,0.160941800508281,0.356941800508281
"9",4.17835671342685,0.279041629945445,4.69939879759519,0.160941800508281,0.356941800508281
"10",4.27855711422846,0.247234539831461,4.69939879759519,0.160941800508281,0.356941800508281
