"","x","yplot","target","ftrue","fwrong"
"1",-3.87775551102204,-0.8718752749518,2.4749498997996,0.108894712081389,-0.0871052879186112
"2",-3.85771543086172,-1.03236378083497,2.4749498997996,0.108894712081389,-0.0871052879186112
"3",-2.77555110220441,-0.926908983184333,2.4749498997996,0.108894712081389,-0.0871052879186112
"4",-2.41482965931864,-0.958415390202348,2.4749498997996,0.108894712081389,-0.0871052879186112
"5",-1.69338677354709,-1.10042259256434,2.4749498997996,0.108894712081389,-0.0871052879186112
"6",-0.851703406813628,-0.685166885830347,2.4749498997996,0.108894712081389,-0.0871052879186112
"7",-0.811623246492986,-0.750231716570041,2.4749498997996,0.108894712081389,-0.0871052879186112
"8",-0.130260521042084,-0.522826157040391,2.4749498997996,0.108894712081389,-0.0871052879186112
"9",0.871743486973948,-0.168627857916436,2.4749498997996,0.108894712081389,-0.0871052879186112
"10",1.05210420841683,-0.281883024168656,2.4749498997996,0.108894712081389,-0.0871052879186112
"11",1.15230460921844,-0.234714148139754,2.4749498997996,0.108894712081389,-0.0871052879186112
"12",1.59318637274549,-0.301569999197761,2.4749498997996,0.108894712081389,-0.0871052879186112
"13",1.65330661322645,0.0900529465261225,2.4749498997996,0.108894712081389,-0.0871052879186112
"14",1.75350701402806,-0.117405542931646,2.4749498997996,0.108894712081389,-0.0871052879186112
"15",1.77354709418838,-0.0527802300910394,2.4749498997996,0.108894712081389,-0.0871052879186112
"16",1.7935871743487,-0.163601232817511,2.4749498997996,0.108894712081389,-0.0871052879186112
"17",1.81362725450902,-2.18617583770397e-05,2.4749498997996,0.108894712081389,-0.0871052879186112
"18",1.85370741482966,-0.141214216918382,2.4749498997996,0.108894712081389,-0.0871052879186112
"19",1.87374749498998,0.0869924191238785,2.4749498997996,0.108894712081389,-0.0871052879186112
"20",1.91382765531062,0.0566734569189567,2.4749498997996,0.108894712081389,-0.0871052879186112
"21",1.93386773547094,0.143363841468433,2.4749498997996,0.108894712081389,-0.0871052879186112
"22",1.97394789579158,0.0201896335626655,2.4749498997996,0.108894712081389,-0.0871052879186112
"23",1.9939879759519,-0.122151164415149,2.4749498997996,0.108894712081389,-0.0871052879186112
"24",2.01402805611222,0.0421414511204635,2.4749498997996,0.108894712081389,-0.0871052879186112
"25",2.15430861723447,-0.0452071230733553,2.4749498997996,0.108894712081389,-0.0871052879186112
"26",2.17434869739479,-0.0384532431781352,2.4749498997996,0.108894712081389,-0.0871052879186112
"27",2.23446893787575,0.269747481923565,2.4749498997996,0.108894712081389,-0.0871052879186112
"28",2.27454909819639,0.125375710638668,2.4749498997996,0.108894712081389,-0.0871052879186112
"29",2.31462925851703,0.173383460049977,2.4749498997996,0.108894712081389,-0.0871052879186112
"30",2.374749498998,0.148443317501246,2.4749498997996,0.108894712081389,-0.0871052879186112
"31",2.39478957915832,0.107253810432546,2.4749498997996,0.108894712081389,-0.0871052879186112
"32",2.43486973947896,-0.219933576462316,2.4749498997996,0.108894712081389,-0.0871052879186112
"33",2.59519038076152,0.121963891828607,2.4749498997996,0.108894712081389,-0.0871052879186112
"34",2.61523046092184,-0.0260359024184723,2.4749498997996,0.108894712081389,-0.0871052879186112
"35",2.73547094188377,0.270543926949023,2.4749498997996,0.108894712081389,-0.0871052879186112
"36",2.81563126252505,0.128283113420276,2.4749498997996,0.108894712081389,-0.0871052879186112
"37",2.85571142284569,0.247824164073107,2.4749498997996,0.108894712081389,-0.0871052879186112
"38",2.91583166332665,0.186117314873085,2.4749498997996,0.108894712081389,-0.0871052879186112
"39",3.11623246492986,0.486187344942178,2.4749498997996,0.108894712081389,-0.0871052879186112
"40",3.13627254509018,0.254511717048171,2.4749498997996,0.108894712081389,-0.0871052879186112
"41",3.27655310621243,0.256097326703346,2.4749498997996,0.108894712081389,-0.0871052879186112
"42",3.31663326653307,0.349375454962424,2.4749498997996,0.108894712081389,-0.0871052879186112
"43",3.33667334669339,0.1613698703775,2.4749498997996,0.108894712081389,-0.0871052879186112
"44",3.41683366733467,0.243757096550735,2.4749498997996,0.108894712081389,-0.0871052879186112
"45",3.43687374749499,0.260395909655779,2.4749498997996,0.108894712081389,-0.0871052879186112
"46",3.45691382765531,0.140301624412072,2.4749498997996,0.108894712081389,-0.0871052879186112
"47",3.59719438877755,0.274400176475033,2.4749498997996,0.108894712081389,-0.0871052879186112
"48",4.45891783567134,0.54106873235938,2.4749498997996,0.108894712081389,-0.0871052879186112
"49",4.5190380761523,0.555599998431915,2.4749498997996,0.108894712081389,-0.0871052879186112
"50",4.87975951903808,0.571288736492274,2.4749498997996,0.108894712081389,-0.0871052879186112
