"","x","yplot","target","ftrue","fwrong"
"1",-2.35470941883768,0.511659385604235,3.21643286573146,0.0784261152299785,0.274426115229979
"2",-1.63326653306613,0.286585819584731,3.21643286573146,0.0784261152299785,0.274426115229979
"3",-1.37274549098196,0.205587285844994,3.21643286573146,0.0784261152299785,0.274426115229979
"4",-0.751503006012024,-0.294310934846347,3.21643286573146,0.0784261152299785,0.274426115229979
"5",-0.511022044088176,-0.472270062563441,3.21643286573146,0.0784261152299785,0.274426115229979
"6",0.290581162324649,-0.78820367620785,3.21643286573146,0.0784261152299785,0.274426115229979
"7",2.31462925851703,-0.231001944264493,3.21643286573146,0.0784261152299785,0.274426115229979
"8",2.97595190380761,0.0810879434476365,3.21643286573146,0.0784261152299785,0.274426115229979
"9",3.01603206412826,-0.101766982115759,3.21643286573146,0.0784261152299785,0.274426115229979
"10",4.57915831663327,0.68086511772203,3.21643286573146,0.0784261152299785,0.274426115229979
