"","x","yplot","target","ftrue","fwrong"
"1",-4.95991983967936,0.143155802079985,-3.49699398797595,-0.0592303586311594,0.136769641368841
"2",-4.73947895791583,0.218507774631275,-3.49699398797595,-0.0592303586311594,0.136769641368841
"3",-4.33867735470942,0.493480157626354,-3.49699398797595,-0.0592303586311594,0.136769641368841
"4",-4.13827655310621,0.26244700393782,-3.49699398797595,-0.0592303586311594,0.136769641368841
"5",-4.05811623246493,0.0938466095240045,-3.49699398797595,-0.0592303586311594,0.136769641368841
"6",-3.97795591182365,0.0799723807192575,-3.49699398797595,-0.0592303586311594,0.136769641368841
"7",-3.91783567134269,0.0994446851104297,-3.49699398797595,-0.0592303586311594,0.136769641368841
"8",-3.81763527054108,-0.0407612407570685,-3.49699398797595,-0.0592303586311594,0.136769641368841
"9",-3.79759519038076,0.0648006433101488,-3.49699398797595,-0.0592303586311594,0.136769641368841
"10",-3.69739478957916,0.232338035082927,-3.49699398797595,-0.0592303586311594,0.136769641368841
"11",-3.65731462925852,0.101809469994873,-3.49699398797595,-0.0592303586311594,0.136769641368841
"12",-3.51703406813627,-0.169445270886441,-3.49699398797595,-0.0592303586311594,0.136769641368841
"13",-3.49699398797595,-0.000630563015095308,-3.49699398797595,-0.0592303586311594,0.136769641368841
"14",-3.47695390781563,0.0286734673859706,-3.49699398797595,-0.0592303586311594,0.136769641368841
"15",-3.33667334669339,-0.170837519198067,-3.49699398797595,-0.0592303586311594,0.136769641368841
"16",-3.2565130260521,-0.0757308907673963,-3.49699398797595,-0.0592303586311594,0.136769641368841
"17",-3.17635270541082,-0.171627747464546,-3.49699398797595,-0.0592303586311594,0.136769641368841
"18",-3.01603206412826,-0.143926916837112,-3.49699398797595,-0.0592303586311594,0.136769641368841
"19",-2.91583166332665,-0.206282853536145,-3.49699398797595,-0.0592303586311594,0.136769641368841
"20",-2.89579158316633,-0.27743658791383,-3.49699398797595,-0.0592303586311594,0.136769641368841
"21",-2.83567134268537,-0.301938679084253,-3.49699398797595,-0.0592303586311594,0.136769641368841
"22",-2.81563126252505,-0.270775118115103,-3.49699398797595,-0.0592303586311594,0.136769641368841
"23",-2.77555110220441,-0.179704256468204,-3.49699398797595,-0.0592303586311594,0.136769641368841
"24",-2.73547094188377,-0.246090315761446,-3.49699398797595,-0.0592303586311594,0.136769641368841
"25",-2.65531062124249,-0.212313017976619,-3.49699398797595,-0.0592303586311594,0.136769641368841
"26",-2.61523046092184,-0.294104623796711,-3.49699398797595,-0.0592303586311594,0.136769641368841
"27",-2.59519038076152,-0.491445459992791,-3.49699398797595,-0.0592303586311594,0.136769641368841
"28",-2.55511022044088,-0.317341927874687,-3.49699398797595,-0.0592303586311594,0.136769641368841
"29",-2.53507014028056,-0.209860696724261,-3.49699398797595,-0.0592303586311594,0.136769641368841
"30",-2.51503006012024,-0.480138575669088,-3.49699398797595,-0.0592303586311594,0.136769641368841
"31",-2.29458917835671,-0.318309878482149,-3.49699398797595,-0.0592303586311594,0.136769641368841
"32",-1.67334669338677,-0.59945409593994,-3.49699398797595,-0.0592303586311594,0.136769641368841
"33",-0.891783567134269,-0.785787842554956,-3.49699398797595,-0.0592303586311594,0.136769641368841
"34",-0.0701402805611222,-0.697072042686208,-3.49699398797595,-0.0592303586311594,0.136769641368841
"35",0.430861723446894,-0.868476167888326,-3.49699398797595,-0.0592303586311594,0.136769641368841
"36",0.531062124248497,-0.832884440725214,-3.49699398797595,-0.0592303586311594,0.136769641368841
"37",1.03206412825651,-1.01288250013737,-3.49699398797595,-0.0592303586311594,0.136769641368841
"38",3.61723446893788,-0.384153376509156,-3.49699398797595,-0.0592303586311594,0.136769641368841
"39",4.5190380761523,-0.337679367579897,-3.49699398797595,-0.0592303586311594,0.136769641368841
"40",4.79959919839679,-0.00700159493867401,-3.49699398797595,-0.0592303586311594,0.136769641368841
