"","x","yplot","target","ftrue","fwrong"
"1",-4.71943887775551,-0.728097968471747,-2.27454909819639,-0.425546223052427,-0.229546223052427
"2",-3.09619238476954,-0.605582809295769,-2.27454909819639,-0.425546223052427,-0.229546223052427
"3",-3.0561122244489,-0.775163962341822,-2.27454909819639,-0.425546223052427,-0.229546223052427
"4",-2.39478957915832,-0.270264981964952,-2.27454909819639,-0.425546223052427,-0.229546223052427
"5",-2.374749498998,-0.392671575253833,-2.27454909819639,-0.425546223052427,-0.229546223052427
"6",-2.19438877755511,-0.534301879969971,-2.27454909819639,-0.425546223052427,-0.229546223052427
"7",-2.03406813627255,-0.265955102408211,-2.27454909819639,-0.425546223052427,-0.229546223052427
"8",-1.53306613226453,-0.171394202344456,-2.27454909819639,-0.425546223052427,-0.229546223052427
"9",3.95791583166333,0.452045558196313,-2.27454909819639,-0.425546223052427,-0.229546223052427
"10",4.79959919839679,0.728624807647473,-2.27454909819639,-0.425546223052427,-0.229546223052427
