"","x","yplot","target","ftrue","fwrong"
"1",-4.81963927855711,-0.66208648504003,-3.29659318637275,-0.0321511740977529,0.163848825902247
"2",-4.79959919839679,-0.614908425771121,-3.29659318637275,-0.0321511740977529,0.163848825902247
"3",-4.3186372745491,-0.446287376620433,-3.29659318637275,-0.0321511740977529,0.163848825902247
"4",-4.17835671342685,-0.28472598637377,-3.29659318637275,-0.0321511740977529,0.163848825902247
"5",-3.21643286573146,-0.0250894494076495,-3.29659318637275,-0.0321511740977529,0.163848825902247
"6",-2.99599198396794,0.0357208994709765,-3.29659318637275,-0.0321511740977529,0.163848825902247
"7",-2.83567134268537,0.166035416711589,-3.29659318637275,-0.0321511740977529,0.163848825902247
"8",-2.61523046092184,0.198002259876291,-3.29659318637275,-0.0321511740977529,0.163848825902247
"9",-2.31462925851703,0.379966082485855,-3.29659318637275,-0.0321511740977529,0.163848825902247
"10",-2.03406813627255,0.481554219084412,-3.29659318637275,-0.0321511740977529,0.163848825902247
"11",0.0901803607214431,0.756792638618952,-3.29659318637275,-0.0321511740977529,0.163848825902247
"12",1.09218436873747,0.764067733368534,-3.29659318637275,-0.0321511740977529,0.163848825902247
"13",1.27254509018036,0.841182384414658,-3.29659318637275,-0.0321511740977529,0.163848825902247
"14",1.45290581162325,0.589968277824132,-3.29659318637275,-0.0321511740977529,0.163848825902247
"15",2.77555110220441,0.554342616525005,-3.29659318637275,-0.0321511740977529,0.163848825902247
"16",3.0561122244489,0.447259804445304,-3.29659318637275,-0.0321511740977529,0.163848825902247
"17",3.89779559118236,0.131598980459959,-3.29659318637275,-0.0321511740977529,0.163848825902247
"18",3.97795591182365,0.105056087154541,-3.29659318637275,-0.0321511740977529,0.163848825902247
"19",4.3186372745491,0.114906357971167,-3.29659318637275,-0.0321511740977529,0.163848825902247
"20",4.77955911823647,-0.280828052603866,-3.29659318637275,-0.0321511740977529,0.163848825902247
