"","x","yplot","target","ftrue","fwrong"
"1",-4.83967935871743,0.0739554690537183,2.25450901803607,0.321088818935146,0.517088818935146
"2",-4.71943887775551,0.217162515764479,2.25450901803607,0.321088818935146,0.517088818935146
"3",-3.1563126252505,0.0495086093731382,2.25450901803607,0.321088818935146,0.517088818935146
"4",-2.01402805611222,0.152893067588938,2.25450901803607,0.321088818935146,0.517088818935146
"5",-0.731462925851703,0.360341400942368,2.25450901803607,0.321088818935146,0.517088818935146
"6",0.370741482965932,0.798881414193816,2.25450901803607,0.321088818935146,0.517088818935146
"7",0.751503006012024,0.401324632965433,2.25450901803607,0.321088818935146,0.517088818935146
"8",1.47294589178357,0.412717088024527,2.25450901803607,0.321088818935146,0.517088818935146
"9",1.51302605210421,0.301837176653677,2.25450901803607,0.321088818935146,0.517088818935146
"10",1.55310621242485,0.337072075176741,2.25450901803607,0.321088818935146,0.517088818935146
"11",1.75350701402806,0.462089599652417,2.25450901803607,0.321088818935146,0.517088818935146
"12",1.7935871743487,0.294754207040602,2.25450901803607,0.321088818935146,0.517088818935146
"13",1.85370741482966,0.221981132681059,2.25450901803607,0.321088818935146,0.517088818935146
"14",1.8937875751503,0.363903843987597,2.25450901803607,0.321088818935146,0.517088818935146
"15",1.91382765531062,0.273733473423454,2.25450901803607,0.321088818935146,0.517088818935146
"16",1.97394789579158,0.409810473757569,2.25450901803607,0.321088818935146,0.517088818935146
"17",1.9939879759519,0.287793758522225,2.25450901803607,0.321088818935146,0.517088818935146
"18",2.03406813627254,0.380293180770867,2.25450901803607,0.321088818935146,0.517088818935146
"19",2.07414829659319,0.331160542423131,2.25450901803607,0.321088818935146,0.517088818935146
"20",2.09418837675351,0.362558964525237,2.25450901803607,0.321088818935146,0.517088818935146
"21",2.19438877755511,0.377182926294283,2.25450901803607,0.321088818935146,0.517088818935146
"22",2.23446893787575,0.27054046907042,2.25450901803607,0.321088818935146,0.517088818935146
"23",2.31462925851703,0.170717865051281,2.25450901803607,0.321088818935146,0.517088818935146
"24",2.43486973947896,0.154568237938095,2.25450901803607,0.321088818935146,0.517088818935146
"25",2.45490981963928,0.367826626095079,2.25450901803607,0.321088818935146,0.517088818935146
"26",2.53507014028056,0.297339293718856,2.25450901803607,0.321088818935146,0.517088818935146
"27",2.5751503006012,0.317235321249876,2.25450901803607,0.321088818935146,0.517088818935146
"28",2.73547094188377,0.199261929702095,2.25450901803607,0.321088818935146,0.517088818935146
"29",2.83567134268537,0.186815641277277,2.25450901803607,0.321088818935146,0.517088818935146
"30",2.95591182364729,0.123346775079239,2.25450901803607,0.321088818935146,0.517088818935146
"31",2.97595190380761,0.0472749731340518,2.25450901803607,0.321088818935146,0.517088818935146
"32",3.01603206412826,0.0200702379426319,2.25450901803607,0.321088818935146,0.517088818935146
"33",3.0561122244489,0.0122423708984327,2.25450901803607,0.321088818935146,0.517088818935146
"34",3.07615230460922,0.127165588434876,2.25450901803607,0.321088818935146,0.517088818935146
"35",3.09619238476954,0.23561394608139,2.25450901803607,0.321088818935146,0.517088818935146
"36",3.39679358717435,-0.103835963469126,2.25450901803607,0.321088818935146,0.517088818935146
"37",3.55711422845691,-0.0945853325216326,2.25450901803607,0.321088818935146,0.517088818935146
"38",4.15831663326653,-0.368238803386757,2.25450901803607,0.321088818935146,0.517088818935146
"39",4.35871743486974,-0.376619087770098,2.25450901803607,0.321088818935146,0.517088818935146
"40",4.95991983967936,-0.638947805755302,2.25450901803607,0.321088818935146,0.517088818935146
