"","x","yplot","target","ftrue","fwrong"
"1",-3.61723446893788,-0.373103064910874,0.95190380761523,0.727977441580242,0.923977441580242
"2",-2.89579158316633,-0.820418004063836,0.95190380761523,0.727977441580242,0.923977441580242
"3",-2.23446893787575,-0.241282674253516,0.95190380761523,0.727977441580242,0.923977441580242
"4",-2.21442885771543,-0.0154665682044082,0.95190380761523,0.727977441580242,0.923977441580242
"5",-1.33266533066132,0.633650867284551,0.95190380761523,0.727977441580242,0.923977441580242
"6",-1.312625250501,0.574641227055695,0.95190380761523,0.727977441580242,0.923977441580242
"7",-0.811623246492986,0.777274505021537,0.95190380761523,0.727977441580242,0.923977441580242
"8",-0.430861723446894,0.898230044297095,0.95190380761523,0.727977441580242,0.923977441580242
"9",-0.250501002004008,1.05392839189765,0.95190380761523,0.727977441580242,0.923977441580242
"10",0.0701402805611222,0.981780548796689,0.95190380761523,0.727977441580242,0.923977441580242
"11",0.0901803607214431,0.865372208771521,0.95190380761523,0.727977441580242,0.923977441580242
"12",0.130260521042084,0.925297971462429,0.95190380761523,0.727977441580242,0.923977441580242
"13",0.170340681362725,0.967532313150795,0.95190380761523,0.727977441580242,0.923977441580242
"14",0.290581162324649,0.87568712673973,0.95190380761523,0.727977441580242,0.923977441580242
"15",0.33066132264529,0.81433978319194,0.95190380761523,0.727977441580242,0.923977441580242
"16",0.350701402805611,0.832727264366173,0.95190380761523,0.727977441580242,0.923977441580242
"17",0.531062124248497,0.857164305459914,0.95190380761523,0.727977441580242,0.923977441580242
"18",0.6312625250501,0.81772348510373,0.95190380761523,0.727977441580242,0.923977441580242
"19",0.731462925851703,0.851171139872806,0.95190380761523,0.727977441580242,0.923977441580242
"20",0.771543086172344,0.84174607020538,0.95190380761523,0.727977441580242,0.923977441580242
"21",0.831663326653306,1.00527212614936,0.95190380761523,0.727977441580242,0.923977441580242
"22",0.891783567134269,0.644379926338561,0.95190380761523,0.727977441580242,0.923977441580242
"23",0.911823647294589,0.937262219266259,0.95190380761523,0.727977441580242,0.923977441580242
"24",0.95190380761523,0.966278836211962,0.95190380761523,0.727977441580242,0.923977441580242
"25",1.01202404809619,0.540307031312754,0.95190380761523,0.727977441580242,0.923977441580242
"26",1.05210420841683,0.714039097562809,0.95190380761523,0.727977441580242,0.923977441580242
"27",1.19238476953908,0.609130218354713,0.95190380761523,0.727977441580242,0.923977441580242
"28",1.23246492985972,0.569580229879388,0.95190380761523,0.727977441580242,0.923977441580242
"29",1.25250501002004,0.633114973799604,0.95190380761523,0.727977441580242,0.923977441580242
"30",1.27254509018036,0.540207542195373,0.95190380761523,0.727977441580242,0.923977441580242
"31",1.33266533066132,0.447660695788564,0.95190380761523,0.727977441580242,0.923977441580242
"32",1.37274549098196,0.534204718828842,0.95190380761523,0.727977441580242,0.923977441580242
"33",1.61322645290581,0.365040535259551,0.95190380761523,0.727977441580242,0.923977441580242
"34",1.67334669338677,0.4318490106581,0.95190380761523,0.727977441580242,0.923977441580242
"35",1.73346693386774,0.468202089709218,0.95190380761523,0.727977441580242,0.923977441580242
"36",1.81362725450902,0.412021727515217,0.95190380761523,0.727977441580242,0.923977441580242
"37",1.91382765531062,0.329638584069959,0.95190380761523,0.727977441580242,0.923977441580242
"38",3.35671342685371,0.151659595760063,0.95190380761523,0.727977441580242,0.923977441580242
"39",4.8997995991984,-0.0963912210063283,0.95190380761523,0.727977441580242,0.923977441580242
"40",5,0.165587425892834,0.95190380761523,0.727977441580242,0.923977441580242
