"","x","yplot","target","ftrue","fwrong"
"1",-4.75951903807615,-0.877819651286968,3.21643286573146,0.485377367166393,0.681377367166393
"2",-2.99599198396794,-1.01683821309544,3.21643286573146,0.485377367166393,0.681377367166393
"3",-1.87374749498998,-0.81946459534188,3.21643286573146,0.485377367166393,0.681377367166393
"4",-0.150300601202405,-0.548566293349934,3.21643286573146,0.485377367166393,0.681377367166393
"5",0.771543086172344,-0.0145773510234339,3.21643286573146,0.485377367166393,0.681377367166393
"6",2.27454909819639,0.28659360806793,3.21643286573146,0.485377367166393,0.681377367166393
"7",2.33466933867735,0.433731895825688,3.21643286573146,0.485377367166393,0.681377367166393
"8",2.43486973947896,0.483681412558806,3.21643286573146,0.485377367166393,0.681377367166393
"9",2.65531062124249,0.274135027975445,3.21643286573146,0.485377367166393,0.681377367166393
"10",2.89579158316633,0.399481538706662,3.21643286573146,0.485377367166393,0.681377367166393
"11",3.01603206412826,0.418709382241547,3.21643286573146,0.485377367166393,0.681377367166393
"12",3.29659318637274,0.51904663339255,3.21643286573146,0.485377367166393,0.681377367166393
"13",3.39679358717435,0.589476395853452,3.21643286573146,0.485377367166393,0.681377367166393
"14",3.45691382765531,0.447229564615349,3.21643286573146,0.485377367166393,0.681377367166393
"15",3.67735470941884,0.652717006679317,3.21643286573146,0.485377367166393,0.681377367166393
"16",3.7374749498998,0.444178661919373,3.21643286573146,0.485377367166393,0.681377367166393
"17",3.75751503006012,0.551082999682062,3.21643286573146,0.485377367166393,0.681377367166393
"18",3.89779559118236,0.561294871268252,3.21643286573146,0.485377367166393,0.681377367166393
"19",3.91783567134268,0.785229221210081,3.21643286573146,0.485377367166393,0.681377367166393
"20",4.33867735470942,0.66265284676094,3.21643286573146,0.485377367166393,0.681377367166393
