"","x","yplot","target","ftrue","fwrong"
"1",-4.97995991983968,-0.032949556390867,-3.45691382765531,-0.323438629846039,-0.519438629846039
"2",-4.95991983967936,0.0447720225034065,-3.45691382765531,-0.323438629846039,-0.519438629846039
"3",-4.81963927855711,0.0782225317923772,-3.45691382765531,-0.323438629846039,-0.519438629846039
"4",-4.71943887775551,0.020148769675682,-3.45691382765531,-0.323438629846039,-0.519438629846039
"5",-4.51903807615231,0.0155695330149359,-3.45691382765531,-0.323438629846039,-0.519438629846039
"6",-4.47895791583166,-0.0143000425917632,-3.45691382765531,-0.323438629846039,-0.519438629846039
"7",-4.39879759519038,-0.144821603382335,-3.45691382765531,-0.323438629846039,-0.519438629846039
"8",-4.29859719438878,-0.102957777595342,-3.45691382765531,-0.323438629846039,-0.519438629846039
"9",-4.03807615230461,-0.0424419602617281,-3.45691382765531,-0.323438629846039,-0.519438629846039
"10",-3.97795591182365,-0.147807370616689,-3.45691382765531,-0.323438629846039,-0.519438629846039
"11",-3.87775551102204,-0.281015123865082,-3.45691382765531,-0.323438629846039,-0.519438629846039
"12",-3.85771543086172,-0.268608031775305,-3.45691382765531,-0.323438629846039,-0.519438629846039
"13",-3.75751503006012,-0.178585969770122,-3.45691382765531,-0.323438629846039,-0.519438629846039
"14",-3.67735470941884,-0.194976709934169,-3.45691382765531,-0.323438629846039,-0.519438629846039
"15",-3.57715430861723,-0.202065312869275,-3.45691382765531,-0.323438629846039,-0.519438629846039
"16",-3.39679358717435,-0.411288590724098,-3.45691382765531,-0.323438629846039,-0.519438629846039
"17",-3.27655310621242,-0.273895703848741,-3.45691382765531,-0.323438629846039,-0.519438629846039
"18",-3.21643286573146,-0.227807171421855,-3.45691382765531,-0.323438629846039,-0.519438629846039
"19",-3.09619238476954,-0.409784239326617,-3.45691382765531,-0.323438629846039,-0.519438629846039
"20",-2.89579158316633,-0.522146912239896,-3.45691382765531,-0.323438629846039,-0.519438629846039
"21",-2.81563126252505,-0.402806796982014,-3.45691382765531,-0.323438629846039,-0.519438629846039
"22",-2.45490981963928,-0.3486536194585,-3.45691382765531,-0.323438629846039,-0.519438629846039
"23",-1.7935871743487,-0.176033935638557,-3.45691382765531,-0.323438629846039,-0.519438629846039
"24",-1.47294589178357,-0.303657971416229,-3.45691382765531,-0.323438629846039,-0.519438629846039
"25",-1.35270541082164,-0.277402581141166,-3.45691382765531,-0.323438629846039,-0.519438629846039
"26",-1.29258517034068,-0.191306493313062,-3.45691382765531,-0.323438629846039,-0.519438629846039
"27",-1.17234468937876,-0.262862530123953,-3.45691382765531,-0.323438629846039,-0.519438629846039
"28",-1.07214428857715,-0.147250796274659,-3.45691382765531,-0.323438629846039,-0.519438629846039
"29",-0.93186372745491,-0.163915228629262,-3.45691382765531,-0.323438629846039,-0.519438629846039
"30",-0.771543086172345,-0.239027359612782,-3.45691382765531,-0.323438629846039,-0.519438629846039
"31",-0.490981963927856,-0.259243546886743,-3.45691382765531,-0.323438629846039,-0.519438629846039
"32",-0.450901803607215,-0.380158117808835,-3.45691382765531,-0.323438629846039,-0.519438629846039
"33",-0.150300601202405,-0.317048687579096,-3.45691382765531,-0.323438629846039,-0.519438629846039
"34",-0.130260521042084,-0.436882496857599,-3.45691382765531,-0.323438629846039,-0.519438629846039
"35",-0.0100200400801604,-0.507570227681896,-3.45691382765531,-0.323438629846039,-0.519438629846039
"36",0.611222444889779,-0.559819357997742,-3.45691382765531,-0.323438629846039,-0.519438629846039
"37",0.851703406813627,-0.417005310057988,-3.45691382765531,-0.323438629846039,-0.519438629846039
"38",1.05210420841683,-0.451152393329344,-3.45691382765531,-0.323438629846039,-0.519438629846039
"39",1.2124248496994,-0.279465850812841,-3.45691382765531,-0.323438629846039,-0.519438629846039
"40",1.69338677354709,-0.00755806242366603,-3.45691382765531,-0.323438629846039,-0.519438629846039
"41",1.73346693386774,-0.064030840883689,-3.45691382765531,-0.323438629846039,-0.519438629846039
"42",1.87374749498998,0.080140008119962,-3.45691382765531,-0.323438629846039,-0.519438629846039
"43",2.07414829659319,0.266826000002735,-3.45691382765531,-0.323438629846039,-0.519438629846039
"44",2.25450901803607,0.342446855418785,-3.45691382765531,-0.323438629846039,-0.519438629846039
"45",2.27454909819639,0.448209371769399,-3.45691382765531,-0.323438629846039,-0.519438629846039
"46",2.97595190380761,0.518900604672778,-3.45691382765531,-0.323438629846039,-0.519438629846039
"47",3.33667334669339,0.540978784128641,-3.45691382765531,-0.323438629846039,-0.519438629846039
"48",4.01803607214429,0.341480817651776,-3.45691382765531,-0.323438629846039,-0.519438629846039
"49",4.45891783567134,-0.0570971770133411,-3.45691382765531,-0.323438629846039,-0.519438629846039
"50",4.93987975951904,-0.526513247232799,-3.45691382765531,-0.323438629846039,-0.519438629846039
