"","x","yplot","target","ftrue","fwrong"
"1",-4.57915831663327,0.764193250871092,-2.5751503006012,0.755462032846371,0.951462032846371
"2",-4.23847695390782,0.631460953080008,-2.5751503006012,0.755462032846371,0.951462032846371
"3",-3.47695390781563,0.899069878106301,-2.5751503006012,0.755462032846371,0.951462032846371
"4",-3.43687374749499,0.890470171907104,-2.5751503006012,0.755462032846371,0.951462032846371
"5",-3.37675350701403,0.853423705328654,-2.5751503006012,0.755462032846371,0.951462032846371
"6",-3.33667334669339,0.746105645008728,-2.5751503006012,0.755462032846371,0.951462032846371
"7",-3.29659318637275,0.798803244941628,-2.5751503006012,0.755462032846371,0.951462032846371
"8",-3.13627254509018,0.84770207222938,-2.5751503006012,0.755462032846371,0.951462032846371
"9",-3.09619238476954,0.732459096806148,-2.5751503006012,0.755462032846371,0.951462032846371
"10",-2.77555110220441,0.778670991771988,-2.5751503006012,0.755462032846371,0.951462032846371
"11",-2.63527054108216,0.806285807163476,-2.5751503006012,0.755462032846371,0.951462032846371
"12",-2.5751503006012,0.656040334224933,-2.5751503006012,0.755462032846371,0.951462032846371
"13",-2.55511022044088,0.559853332031297,-2.5751503006012,0.755462032846371,0.951462032846371
"14",-2.51503006012024,0.686114813772523,-2.5751503006012,0.755462032846371,0.951462032846371
"15",-2.49498997995992,0.786729897038505,-2.5751503006012,0.755462032846371,0.951462032846371
"16",-2.45490981963928,0.715573400605101,-2.5751503006012,0.755462032846371,0.951462032846371
"17",-2.43486973947896,0.499531832004579,-2.5751503006012,0.755462032846371,0.951462032846371
"18",-2.41482965931864,0.4824190963981,-2.5751503006012,0.755462032846371,0.951462032846371
"19",-2.374749498998,0.574718388280575,-2.5751503006012,0.755462032846371,0.951462032846371
"20",-2.33466933867735,0.46434381322102,-2.5751503006012,0.755462032846371,0.951462032846371
"21",-2.31462925851703,0.838222107828909,-2.5751503006012,0.755462032846371,0.951462032846371
"22",-2.21442885771543,0.486952145988136,-2.5751503006012,0.755462032846371,0.951462032846371
"23",-2.17434869739479,0.637209432579248,-2.5751503006012,0.755462032846371,0.951462032846371
"24",-2.13426853707415,0.722978778660666,-2.5751503006012,0.755462032846371,0.951462032846371
"25",-2.03406813627255,0.432551844253875,-2.5751503006012,0.755462032846371,0.951462032846371
"26",-1.9939879759519,0.504444915636009,-2.5751503006012,0.755462032846371,0.951462032846371
"27",-1.85370741482966,0.264144375547443,-2.5751503006012,0.755462032846371,0.951462032846371
"28",-1.75350701402806,0.211838227846381,-2.5751503006012,0.755462032846371,0.951462032846371
"29",-1.67334669338677,0.33101036743445,-2.5751503006012,0.755462032846371,0.951462032846371
"30",-1.59318637274549,0.338791717062651,-2.5751503006012,0.755462032846371,0.951462032846371
"31",-1.25250501002004,0.0788061973034003,-2.5751503006012,0.755462032846371,0.951462032846371
"32",-0.631262525050101,-0.493281411479124,-2.5751503006012,0.755462032846371,0.951462032846371
"33",-0.170340681362726,-0.605742274575793,-2.5751503006012,0.755462032846371,0.951462032846371
"34",1.39278557114228,-0.403193331255359,-2.5751503006012,0.755462032846371,0.951462032846371
"35",2.05410821643287,0.117373643338926,-2.5751503006012,0.755462032846371,0.951462032846371
"36",2.4749498997996,0.399924139195674,-2.5751503006012,0.755462032846371,0.951462032846371
"37",3.39679358717435,0.0834387851665248,-2.5751503006012,0.755462032846371,0.951462032846371
"38",3.67735470941884,-0.0407034310516859,-2.5751503006012,0.755462032846371,0.951462032846371
"39",4.5190380761523,-0.571535229651432,-2.5751503006012,0.755462032846371,0.951462032846371
"40",4.97995991983968,-0.851455494844454,-2.5751503006012,0.755462032846371,0.951462032846371
