"","x","yplot","target","ftrue","fwrong"
"1",-4.93987975951904,-0.453759331471096,-4.55911823647295,-0.145492318520836,0.0505076814791637
"2",-4.91983967935872,-0.366451163703832,-4.55911823647295,-0.145492318520836,0.0505076814791637
"3",-4.8997995991984,-0.318534598526011,-4.55911823647295,-0.145492318520836,0.0505076814791637
"4",-4.83967935871743,-0.223259443942369,-4.55911823647295,-0.145492318520836,0.0505076814791637
"5",-4.81963927855711,-0.3076009224006,-4.55911823647295,-0.145492318520836,0.0505076814791637
"6",-4.79959919839679,-0.149947892523731,-4.55911823647295,-0.145492318520836,0.0505076814791637
"7",-4.77955911823647,-0.370003285930385,-4.55911823647295,-0.145492318520836,0.0505076814791637
"8",-4.75951903807615,-0.208664539685856,-4.55911823647295,-0.145492318520836,0.0505076814791637
"9",-4.67935871743487,-0.271072810796564,-4.55911823647295,-0.145492318520836,0.0505076814791637
"10",-4.65931863727455,-0.272093426606794,-4.55911823647295,-0.145492318520836,0.0505076814791637
"11",-4.61923847695391,-0.242335754795928,-4.55911823647295,-0.145492318520836,0.0505076814791637
"12",-4.55911823647295,-0.300843992845784,-4.55911823647295,-0.145492318520836,0.0505076814791637
"13",-4.53907815631263,-0.143753210236252,-4.55911823647295,-0.145492318520836,0.0505076814791637
"14",-4.47895791583166,-0.156106377743014,-4.55911823647295,-0.145492318520836,0.0505076814791637
"15",-4.45891783567134,-0.0628906468152788,-4.55911823647295,-0.145492318520836,0.0505076814791637
"16",-4.39879759519038,-0.11314391048643,-4.55911823647295,-0.145492318520836,0.0505076814791637
"17",-4.37875751503006,-0.160128751668782,-4.55911823647295,-0.145492318520836,0.0505076814791637
"18",-4.23847695390782,0.131601633130113,-4.55911823647295,-0.145492318520836,0.0505076814791637
"19",-4.2184368737475,0.157419563820649,-4.55911823647295,-0.145492318520836,0.0505076814791637
"20",-4.17835671342685,0.151499564899992,-4.55911823647295,-0.145492318520836,0.0505076814791637
"21",-4.11823647294589,0.154209953173072,-4.55911823647295,-0.145492318520836,0.0505076814791637
"22",-4.09819639278557,0.1494038547662,-4.55911823647295,-0.145492318520836,0.0505076814791637
"23",-4.07815631262525,0.149462006768455,-4.55911823647295,-0.145492318520836,0.0505076814791637
"24",-4.05811623246493,0.176884821313237,-4.55911823647295,-0.145492318520836,0.0505076814791637
"25",-3.95791583166333,0.170615267473971,-4.55911823647295,-0.145492318520836,0.0505076814791637
"26",-3.93787575150301,0.173281627491404,-4.55911823647295,-0.145492318520836,0.0505076814791637
"27",-3.87775551102204,0.130977751929139,-4.55911823647295,-0.145492318520836,0.0505076814791637
"28",-3.8376753507014,0.384726604579617,-4.55911823647295,-0.145492318520836,0.0505076814791637
"29",-3.81763527054108,0.0762984546409122,-4.55911823647295,-0.145492318520836,0.0505076814791637
"30",-3.77755511022044,0.414353750751389,-4.55911823647295,-0.145492318520836,0.0505076814791637
"31",-3.75751503006012,0.31309809299144,-4.55911823647295,-0.145492318520836,0.0505076814791637
"32",-3.7374749498998,0.18975427744995,-4.55911823647295,-0.145492318520836,0.0505076814791637
"33",-3.71743486973948,0.531973459624431,-4.55911823647295,-0.145492318520836,0.0505076814791637
"34",-3.65731462925852,0.62695211314763,-4.55911823647295,-0.145492318520836,0.0505076814791637
"35",-3.61723446893788,0.631897154080704,-4.55911823647295,-0.145492318520836,0.0505076814791637
"36",-2.5751503006012,0.777183857205692,-4.55911823647295,-0.145492318520836,0.0505076814791637
"37",-2.39478957915832,1.05277407721614,-4.55911823647295,-0.145492318520836,0.0505076814791637
"38",-1.57314629258517,0.636345476882869,-4.55911823647295,-0.145492318520836,0.0505076814791637
"39",-1.49298597194389,0.590696840961451,-4.55911823647295,-0.145492318520836,0.0505076814791637
"40",-1.39278557114228,0.696324563396226,-4.55911823647295,-0.145492318520836,0.0505076814791637
"41",0.851703406813627,-0.377824704371952,-4.55911823647295,-0.145492318520836,0.0505076814791637
"42",1.19238476953908,-0.533639039003509,-4.55911823647295,-0.145492318520836,0.0505076814791637
"43",1.37274549098196,-0.385547592853454,-4.55911823647295,-0.145492318520836,0.0505076814791637
"44",2.33466933867735,-0.234268386003406,-4.55911823647295,-0.145492318520836,0.0505076814791637
"45",2.5751503006012,0.0235375620814565,-4.55911823647295,-0.145492318520836,0.0505076814791637
"46",3.03607214428858,-0.0738503798859183,-4.55911823647295,-0.145492318520836,0.0505076814791637
"47",3.11623246492986,0.0437597837540477,-4.55911823647295,-0.145492318520836,0.0505076814791637
"48",3.67735470941884,0.1006304637862,-4.55911823647295,-0.145492318520836,0.0505076814791637
"49",3.79759519038076,0.26516414245936,-4.55911823647295,-0.145492318520836,0.0505076814791637
"50",4.03807615230461,0.430122257255487,-4.55911823647295,-0.145492318520836,0.0505076814791637
