"","x","yplot","target","ftrue","fwrong"
"1",-4.93987975951904,0.229676150931262,-4.45891783567134,0.265994467380994,0.461994467380994
"2",-4.85971943887776,0.16767176302713,-4.45891783567134,0.265994467380994,0.461994467380994
"3",-4.61923847695391,0.219572279199861,-4.45891783567134,0.265994467380994,0.461994467380994
"4",-4.35871743486974,0.297808563701769,-4.45891783567134,0.265994467380994,0.461994467380994
"5",-4.3186372745491,0.134974095568878,-4.45891783567134,0.265994467380994,0.461994467380994
"6",-4.27855711422846,0.413167932418641,-4.45891783567134,0.265994467380994,0.461994467380994
"7",-4.15831663326653,0.402302754014883,-4.45891783567134,0.265994467380994,0.461994467380994
"8",-3.99799599198397,0.25342114455305,-4.45891783567134,0.265994467380994,0.461994467380994
"9",-3.95791583166333,0.343872216019844,-4.45891783567134,0.265994467380994,0.461994467380994
"10",-3.69739478957916,0.334624702935171,-4.45891783567134,0.265994467380994,0.461994467380994
"11",-3.6372745490982,0.381878137669141,-4.45891783567134,0.265994467380994,0.461994467380994
"12",-3.55711422845691,0.350000850356709,-4.45891783567134,0.265994467380994,0.461994467380994
"13",-3.39679358717435,0.354662824847027,-4.45891783567134,0.265994467380994,0.461994467380994
"14",-2.43486973947896,0.356690269412081,-4.45891783567134,0.265994467380994,0.461994467380994
"15",-2.39478957915832,0.325010916638634,-4.45891783567134,0.265994467380994,0.461994467380994
"16",-2.23446893787575,0.436906204876654,-4.45891783567134,0.265994467380994,0.461994467380994
"17",-2.21442885771543,0.341780632525247,-4.45891783567134,0.265994467380994,0.461994467380994
"18",-1.83366733466934,0.478299570451326,-4.45891783567134,0.265994467380994,0.461994467380994
"19",-1.81362725450902,0.524045049816606,-4.45891783567134,0.265994467380994,0.461994467380994
"20",-1.13226452905812,0.186903823781072,-4.45891783567134,0.265994467380994,0.461994467380994
"21",-1.1122244488978,0.4209493130561,-4.45891783567134,0.265994467380994,0.461994467380994
"22",-1.09218436873748,0.351950546966969,-4.45891783567134,0.265994467380994,0.461994467380994
"23",-1.05210420841683,0.255775999373108,-4.45891783567134,0.265994467380994,0.461994467380994
"24",-0.651302605210421,0.388254444504572,-4.45891783567134,0.265994467380994,0.461994467380994
"25",0.150300601202405,-0.15591515729374,-4.45891783567134,0.265994467380994,0.461994467380994
"26",0.33066132264529,0.0199847090113729,-4.45891783567134,0.265994467380994,0.461994467380994
"27",0.93186372745491,-0.404124744476535,-4.45891783567134,0.265994467380994,0.461994467380994
"28",1.13226452905812,-0.311667773886213,-4.45891783567134,0.265994467380994,0.461994467380994
"29",1.51302605210421,-0.568562745634177,-4.45891783567134,0.265994467380994,0.461994467380994
"30",2.07414829659319,-0.50869856490075,-4.45891783567134,0.265994467380994,0.461994467380994
"31",2.21442885771543,-0.494360076851268,-4.45891783567134,0.265994467380994,0.461994467380994
"32",2.63527054108216,-0.703069270822482,-4.45891783567134,0.265994467380994,0.461994467380994
"33",2.81563126252505,-0.733341210774623,-4.45891783567134,0.265994467380994,0.461994467380994
"34",2.91583166332665,-0.915725143831206,-4.45891783567134,0.265994467380994,0.461994467380994
"35",2.99599198396794,-0.706424545987454,-4.45891783567134,0.265994467380994,0.461994467380994
"36",3.09619238476954,-0.876178773177393,-4.45891783567134,0.265994467380994,0.461994467380994
"37",3.71743486973948,-0.669064501137736,-4.45891783567134,0.265994467380994,0.461994467380994
"38",4.13827655310621,-0.92183609478493,-4.45891783567134,0.265994467380994,0.461994467380994
"39",4.15831663326653,-0.736763735538253,-4.45891783567134,0.265994467380994,0.461994467380994
"40",4.47895791583166,-0.772224755629142,-4.45891783567134,0.265994467380994,0.461994467380994
