"","x","yplot","target","ftrue","fwrong"
"1",-4.81963927855711,0.541226426873432,-3.03607214428858,-0.70177702369232,-0.89777702369232
"2",-4.45891783567134,0.155966684713493,-3.03607214428858,-0.70177702369232,-0.89777702369232
"3",-4.27855711422846,-0.0549378158263033,-3.03607214428858,-0.70177702369232,-0.89777702369232
"4",-4.03807615230461,-0.434744359855583,-3.03607214428858,-0.70177702369232,-0.89777702369232
"5",-4.01803607214429,-0.253191763651526,-3.03607214428858,-0.70177702369232,-0.89777702369232
"6",-3.93787575150301,-0.247754825125774,-3.03607214428858,-0.70177702369232,-0.89777702369232
"7",-3.85771543086172,-0.480903451857062,-3.03607214428858,-0.70177702369232,-0.89777702369232
"8",-3.81763527054108,-0.497157789107024,-3.03607214428858,-0.70177702369232,-0.89777702369232
"9",-3.77755511022044,-0.342004453446201,-3.03607214428858,-0.70177702369232,-0.89777702369232
"10",-3.71743486973948,-0.45720221274783,-3.03607214428858,-0.70177702369232,-0.89777702369232
"11",-3.6372745490982,-0.558760153129095,-3.03607214428858,-0.70177702369232,-0.89777702369232
"12",-3.57715430861723,-0.560476845605356,-3.03607214428858,-0.70177702369232,-0.89777702369232
"13",-3.55711422845691,-0.592720624962077,-3.03607214428858,-0.70177702369232,-0.89777702369232
"14",-3.45691382765531,-0.670899572085271,-3.03607214428858,-0.70177702369232,-0.89777702369232
"15",-3.35671342685371,-0.630514452248392,-3.03607214428858,-0.70177702369232,-0.89777702369232
"16",-3.31663326653307,-0.636679903372635,-3.03607214428858,-0.70177702369232,-0.89777702369232
"17",-3.29659318637275,-0.744866006373853,-3.03607214428858,-0.70177702369232,-0.89777702369232
"18",-3.23647294589178,-0.843155940131487,-3.03607214428858,-0.70177702369232,-0.89777702369232
"19",-3.09619238476954,-0.629402234257458,-3.03607214428858,-0.70177702369232,-0.89777702369232
"20",-3.07615230460922,-0.798097921699663,-3.03607214428858,-0.70177702369232,-0.89777702369232
"21",-3.01603206412826,-0.677317191930347,-3.03607214428858,-0.70177702369232,-0.89777702369232
"22",-2.93587174348697,-0.771477690818071,-3.03607214428858,-0.70177702369232,-0.89777702369232
"23",-2.91583166332665,-0.778045532275564,-3.03607214428858,-0.70177702369232,-0.89777702369232
"24",-2.71543086172345,-0.814224709888512,-3.03607214428858,-0.70177702369232,-0.89777702369232
"25",-2.67535070140281,-0.527722548955142,-3.03607214428858,-0.70177702369232,-0.89777702369232
"26",-2.61523046092184,-0.690562486036687,-3.03607214428858,-0.70177702369232,-0.89777702369232
"27",-2.51503006012024,-0.432463094509966,-3.03607214428858,-0.70177702369232,-0.89777702369232
"28",-2.4749498997996,-0.504505516527188,-3.03607214428858,-0.70177702369232,-0.89777702369232
"29",-2.43486973947896,-0.707430789164899,-3.03607214428858,-0.70177702369232,-0.89777702369232
"30",-2.17434869739479,-0.389949800117188,-3.03607214428858,-0.70177702369232,-0.89777702369232
"31",-2.15430861723447,-0.426724329332892,-3.03607214428858,-0.70177702369232,-0.89777702369232
"32",-2.05410821643287,-0.315482740866054,-3.03607214428858,-0.70177702369232,-0.89777702369232
"33",-1.29258517034068,0.317131863644995,-3.03607214428858,-0.70177702369232,-0.89777702369232
"34",1.05210420841683,-0.155616419879788,-3.03607214428858,-0.70177702369232,-0.89777702369232
"35",1.19238476953908,-0.175391398170819,-3.03607214428858,-0.70177702369232,-0.89777702369232
"36",1.37274549098196,-0.522663202162862,-3.03607214428858,-0.70177702369232,-0.89777702369232
"37",1.61322645290581,-0.208900872911674,-3.03607214428858,-0.70177702369232,-0.89777702369232
"38",3.29659318637274,0.0904809623390003,-3.03607214428858,-0.70177702369232,-0.89777702369232
"39",3.69739478957916,0.451390613445325,-3.03607214428858,-0.70177702369232,-0.89777702369232
"40",3.93787575150301,0.410022129671898,-3.03607214428858,-0.70177702369232,-0.89777702369232
