"","x","yplot","target","ftrue","fwrong"
"1",-4.2184368737475,-0.565611134659829,1.05210420841683,0.560189441787586,0.756189441787587
"2",-1.91382765531062,0.287831859303565,1.05210420841683,0.560189441787586,0.756189441787587
"3",0.150300601202405,0.653224415486568,1.05210420841683,0.560189441787586,0.756189441787587
"4",0.93186372745491,0.571652555645077,1.05210420841683,0.560189441787586,0.756189441787587
"5",1.312625250501,0.660125151913568,1.05210420841683,0.560189441787586,0.756189441787587
"6",1.35270541082164,0.584831696872135,1.05210420841683,0.560189441787586,0.756189441787587
"7",1.57314629258517,0.5529081032335,1.05210420841683,0.560189441787586,0.756189441787587
"8",1.87374749498998,0.369253391083652,1.05210420841683,0.560189441787586,0.756189441787587
"9",1.95390781563126,0.667064506729298,1.05210420841683,0.560189441787586,0.756189441787587
"10",3.39679358717435,0.257832937616127,1.05210420841683,0.560189441787586,0.756189441787587
