"","x","yplot","target","ftrue","fwrong"
"1",-1.71342685370742,-0.560649468558443,-0.811623246492986,0.0631859715750476,0.259185971575048
"2",-1.23246492985972,-0.211872982295003,-0.811623246492986,0.0631859715750476,0.259185971575048
"3",-0.791583166332665,0.0870457474083184,-0.811623246492986,0.0631859715750476,0.259185971575048
"4",-0.410821643286574,0.216629425661083,-0.811623246492986,0.0631859715750476,0.259185971575048
"5",-0.31062124248497,0.298560283058445,-0.811623246492986,0.0631859715750476,0.259185971575048
"6",-0.130260521042084,0.434912692857344,-0.811623246492986,0.0631859715750476,0.259185971575048
"7",-0.0100200400801604,0.429946250247525,-0.811623246492986,0.0631859715750476,0.259185971575048
"8",0.250501002004007,0.669681262734443,-0.811623246492986,0.0631859715750476,0.259185971575048
"9",1.63326653306613,1.07155122687754,-0.811623246492986,0.0631859715750476,0.259185971575048
"10",4.4188376753507,-0.0215436499414041,-0.811623246492986,0.0631859715750476,0.259185971575048
