"","x","yplot","target","ftrue","fwrong"
"1",-4.55911823647295,0.891633774470934,-3.71743486973948,0.810389508105877,1.00638950810588
"2",-4.53907815631263,0.88642275114163,-3.71743486973948,0.810389508105877,1.00638950810588
"3",-4.19839679358717,0.96409724011167,-3.71743486973948,0.810389508105877,1.00638950810588
"4",-3.67735470941884,0.812548839188979,-3.71743486973948,0.810389508105877,1.00638950810588
"5",-3.6372745490982,1.0196745346896,-3.71743486973948,0.810389508105877,1.00638950810588
"6",-3.29659318637275,0.791563176140311,-3.71743486973948,0.810389508105877,1.00638950810588
"7",-3.23647294589178,0.622362472538551,-3.71743486973948,0.810389508105877,1.00638950810588
"8",-3.09619238476954,0.626665354985565,-3.71743486973948,0.810389508105877,1.00638950810588
"9",-2.99599198396794,0.767563885941893,-3.71743486973948,0.810389508105877,1.00638950810588
"10",-2.39478957915832,0.444856389965772,-3.71743486973948,0.810389508105877,1.00638950810588
"11",-1.19238476953908,0.339263657114885,-3.71743486973948,0.810389508105877,1.00638950810588
"12",-1.05210420841683,0.421488140381958,-3.71743486973948,0.810389508105877,1.00638950810588
"13",-0.95190380761523,0.0999912060304992,-3.71743486973948,0.810389508105877,1.00638950810588
"14",-0.751503006012024,0.27427394642901,-3.71743486973948,0.810389508105877,1.00638950810588
"15",-0.671342685370742,0.149835013399623,-3.71743486973948,0.810389508105877,1.00638950810588
"16",-0.651302605210421,0.2419269344894,-3.71743486973948,0.810389508105877,1.00638950810588
"17",-0.0100200400801604,0.113955375072941,-3.71743486973948,0.810389508105877,1.00638950810588
"18",0.0100200400801604,0.204719140450613,-3.71743486973948,0.810389508105877,1.00638950810588
"19",0.0701402805611222,-0.131699235075544,-3.71743486973948,0.810389508105877,1.00638950810588
"20",0.571142284569138,-0.140786859610975,-3.71743486973948,0.810389508105877,1.00638950810588
"21",0.751503006012024,-0.215396473815925,-3.71743486973948,0.810389508105877,1.00638950810588
"22",0.871743486973948,-0.239843827263949,-3.71743486973948,0.810389508105877,1.00638950810588
"23",1.35270541082164,-0.182146959916894,-3.71743486973948,0.810389508105877,1.00638950810588
"24",1.69338677354709,-0.432561983312041,-3.71743486973948,0.810389508105877,1.00638950810588
"25",2.23446893787575,-0.227523685481578,-3.71743486973948,0.810389508105877,1.00638950810588
"26",3.13627254509018,-0.25958735627452,-3.71743486973948,0.810389508105877,1.00638950810588
"27",3.27655310621243,-0.312765321890177,-3.71743486973948,0.810389508105877,1.00638950810588
"28",3.55711422845691,-0.270025880765403,-3.71743486973948,0.810389508105877,1.00638950810588
"29",4.4188376753507,-0.000334247026802237,-3.71743486973948,0.810389508105877,1.00638950810588
"30",4.79959919839679,-0.24501863378075,-3.71743486973948,0.810389508105877,1.00638950810588
