"","x","yplot","target","ftrue","fwrong"
"1",-4.57915831663327,1.0163655281979,2.45490981963928,-0.189405244393966,-0.385405244393966
"2",-3.57715430861723,0.776488325660454,2.45490981963928,-0.189405244393966,-0.385405244393966
"3",-2.69539078156313,0.912232938875528,2.45490981963928,-0.189405244393966,-0.385405244393966
"4",-2.51503006012024,0.725586469896561,2.45490981963928,-0.189405244393966,-0.385405244393966
"5",-1.81362725450902,0.521644383556657,2.45490981963928,-0.189405244393966,-0.385405244393966
"6",-0.751503006012024,0.586383619706911,2.45490981963928,-0.189405244393966,-0.385405244393966
"7",-0.731462925851703,0.40647350252823,2.45490981963928,-0.189405244393966,-0.385405244393966
"8",-0.531062124248497,0.284529997200934,2.45490981963928,-0.189405244393966,-0.385405244393966
"9",0.290581162324649,0.147016257643707,2.45490981963928,-0.189405244393966,-0.385405244393966
"10",1.17234468937876,-0.0288745825364464,2.45490981963928,-0.189405244393966,-0.385405244393966
"11",1.47294589178357,0.0920243503769076,2.45490981963928,-0.189405244393966,-0.385405244393966
"12",1.51302605210421,0.047097007188233,2.45490981963928,-0.189405244393966,-0.385405244393966
"13",1.57314629258517,0.0059901026046084,2.45490981963928,-0.189405244393966,-0.385405244393966
"14",1.59318637274549,-0.0587099457531656,2.45490981963928,-0.189405244393966,-0.385405244393966
"15",1.61322645290581,0.0366577060174487,2.45490981963928,-0.189405244393966,-0.385405244393966
"16",1.67334669338677,-0.0753721570929672,2.45490981963928,-0.189405244393966,-0.385405244393966
"17",1.69338677354709,-0.0615385866945679,2.45490981963928,-0.189405244393966,-0.385405244393966
"18",2.09418837675351,-0.19400338624288,2.45490981963928,-0.189405244393966,-0.385405244393966
"19",2.11422845691383,-0.363472115759784,2.45490981963928,-0.189405244393966,-0.385405244393966
"20",2.13426853707415,-0.0964491035766069,2.45490981963928,-0.189405244393966,-0.385405244393966
"21",2.15430861723447,0.0647082112174316,2.45490981963928,-0.189405244393966,-0.385405244393966
"22",2.27454909819639,-0.0734406890594741,2.45490981963928,-0.189405244393966,-0.385405244393966
"23",2.39478957915832,0.0307606360570929,2.45490981963928,-0.189405244393966,-0.385405244393966
"24",2.41482965931864,-0.166788729928864,2.45490981963928,-0.189405244393966,-0.385405244393966
"25",2.43486973947896,-0.280656596098425,2.45490981963928,-0.189405244393966,-0.385405244393966
"26",2.4749498997996,-0.163525118465781,2.45490981963928,-0.189405244393966,-0.385405244393966
"27",2.55511022044088,-0.270569074661924,2.45490981963928,-0.189405244393966,-0.385405244393966
"28",2.61523046092184,-0.159615674134158,2.45490981963928,-0.189405244393966,-0.385405244393966
"29",2.63527054108216,-0.244493677419301,2.45490981963928,-0.189405244393966,-0.385405244393966
"30",2.67535070140281,-0.216432267714559,2.45490981963928,-0.189405244393966,-0.385405244393966
"31",2.73547094188377,-0.391252015079525,2.45490981963928,-0.189405244393966,-0.385405244393966
"32",2.87575150300601,-0.229811875589303,2.45490981963928,-0.189405244393966,-0.385405244393966
"33",3.01603206412826,-0.399050697647528,2.45490981963928,-0.189405244393966,-0.385405244393966
"34",3.23647294589178,-0.418411266850463,2.45490981963928,-0.189405244393966,-0.385405244393966
"35",3.2565130260521,-0.431826423161235,2.45490981963928,-0.189405244393966,-0.385405244393966
"36",3.31663326653307,-0.1316228039403,2.45490981963928,-0.189405244393966,-0.385405244393966
"37",3.39679358717435,-0.289600863221359,2.45490981963928,-0.189405244393966,-0.385405244393966
"38",3.41683366733467,-0.153843314241348,2.45490981963928,-0.189405244393966,-0.385405244393966
"39",3.59719438877755,-0.201182979831805,2.45490981963928,-0.189405244393966,-0.385405244393966
"40",4.37875751503006,-0.193473876769479,2.45490981963928,-0.189405244393966,-0.385405244393966
