"","x","yplot","target","ftrue","fwrong"
"1",-4.07815631262525,-0.778762118506126,3.61723446893788,0.281120956412874,0.477120956412874
"2",-3.13627254509018,-0.20834073309593,3.61723446893788,0.281120956412874,0.477120956412874
"3",-3.11623246492986,-0.00501203388226823,3.61723446893788,0.281120956412874,0.477120956412874
"4",-1.77354709418838,0.63074601278123,3.61723446893788,0.281120956412874,0.477120956412874
"5",-1.23246492985972,0.810105594526612,3.61723446893788,0.281120956412874,0.477120956412874
"6",-1.07214428857715,0.851594630024568,3.61723446893788,0.281120956412874,0.477120956412874
"7",-0.410821643286574,1.06915417847057,3.61723446893788,0.281120956412874,0.477120956412874
"8",-0.190380761523047,1.04352549908832,3.61723446893788,0.281120956412874,0.477120956412874
"9",-0.170340681362726,0.973185500947981,3.61723446893788,0.281120956412874,0.477120956412874
"10",0.811623246492986,1.01641143948137,3.61723446893788,0.281120956412874,0.477120956412874
"11",1.03206412825651,0.94950227243142,3.61723446893788,0.281120956412874,0.477120956412874
"12",1.91382765531062,0.797269008261075,3.61723446893788,0.281120956412874,0.477120956412874
"13",2.09418837675351,0.95729092339714,3.61723446893788,0.281120956412874,0.477120956412874
"14",2.43486973947896,0.712702790829981,3.61723446893788,0.281120956412874,0.477120956412874
"15",2.71543086172345,0.49664108408048,3.61723446893788,0.281120956412874,0.477120956412874
"16",3.23647294589178,0.381210936283581,3.61723446893788,0.281120956412874,0.477120956412874
"17",3.53707414829659,0.239478569767377,3.61723446893788,0.281120956412874,0.477120956412874
"18",3.87775551102204,0.293970612807306,3.61723446893788,0.281120956412874,0.477120956412874
"19",3.95791583166333,0.278537608248998,3.61723446893788,0.281120956412874,0.477120956412874
"20",4.13827655310621,0.151509527438383,3.61723446893788,0.281120956412874,0.477120956412874
