"","x","yplot","target","ftrue","fwrong"
"1",-4.33867735470942,-0.346320039532316,2.91583166332665,0.672307240657767,0.868307240657767
"2",-3.0561122244489,0.488907921267153,2.91583166332665,0.672307240657767,0.868307240657767
"3",-2.07414829659319,0.300887721598688,2.91583166332665,0.672307240657767,0.868307240657767
"4",-2.03406813627255,0.440824880296759,2.91583166332665,0.672307240657767,0.868307240657767
"5",-1.75350701402806,0.526906914354313,2.91583166332665,0.672307240657767,0.868307240657767
"6",-1.09218436873748,0.883467667547134,2.91583166332665,0.672307240657767,0.868307240657767
"7",1.95390781563126,0.85131750325692,2.91583166332665,0.672307240657767,0.868307240657767
"8",2.15430861723447,0.762584207808993,2.91583166332665,0.672307240657767,0.868307240657767
"9",2.19438877755511,0.869399540807451,2.91583166332665,0.672307240657767,0.868307240657767
"10",2.31462925851703,0.823713753294671,2.91583166332665,0.672307240657767,0.868307240657767
"11",2.59519038076152,0.667249705244006,2.91583166332665,0.672307240657767,0.868307240657767
"12",2.61523046092184,0.518790112821339,2.91583166332665,0.672307240657767,0.868307240657767
"13",2.93587174348697,0.577278528708816,2.91583166332665,0.672307240657767,0.868307240657767
"14",3.45691382765531,0.70387642169818,2.91583166332665,0.672307240657767,0.868307240657767
"15",3.47695390781563,0.575172287186866,2.91583166332665,0.672307240657767,0.868307240657767
"16",3.49699398797595,0.476461664709456,2.91583166332665,0.672307240657767,0.868307240657767
"17",3.53707414829659,0.574951197398315,2.91583166332665,0.672307240657767,0.868307240657767
"18",3.67735470941884,0.342131594369196,2.91583166332665,0.672307240657767,0.868307240657767
"19",3.7374749498998,0.539839646048285,2.91583166332665,0.672307240657767,0.868307240657767
"20",3.77755511022044,0.512232909327735,2.91583166332665,0.672307240657767,0.868307240657767
