"","x","yplot","target","ftrue","fwrong"
"1",-4.83967935871743,-0.463225052780661,2.45490981963928,-0.591641907898904,-0.395641907898904
"2",-4.11823647294589,-0.555516105351888,2.45490981963928,-0.591641907898904,-0.395641907898904
"3",-3.11623246492986,-0.198113314833128,2.45490981963928,-0.591641907898904,-0.395641907898904
"4",-2.59519038076152,0.0255997215161642,2.45490981963928,-0.591641907898904,-0.395641907898904
"5",-1.312625250501,-0.132045049141636,2.45490981963928,-0.591641907898904,-0.395641907898904
"6",1.63326653306613,-0.857847325848643,2.45490981963928,-0.591641907898904,-0.395641907898904
"7",1.67334669338677,-0.834464493529816,2.45490981963928,-0.591641907898904,-0.395641907898904
"8",1.95390781563126,-0.653317773209291,2.45490981963928,-0.591641907898904,-0.395641907898904
"9",2.19438877755511,-0.560803249860856,2.45490981963928,-0.591641907898904,-0.395641907898904
"10",2.35470941883768,-0.63191377519918,2.45490981963928,-0.591641907898904,-0.395641907898904
"11",2.374749498998,-0.699084207556733,2.45490981963928,-0.591641907898904,-0.395641907898904
"12",2.4749498997996,-0.587440171630907,2.45490981963928,-0.591641907898904,-0.395641907898904
"13",2.65531062124249,-0.646075606463229,2.45490981963928,-0.591641907898904,-0.395641907898904
"14",2.67535070140281,-0.645239523003151,2.45490981963928,-0.591641907898904,-0.395641907898904
"15",2.69539078156313,-0.483714787311448,2.45490981963928,-0.591641907898904,-0.395641907898904
"16",2.95591182364729,-0.331983975717683,2.45490981963928,-0.591641907898904,-0.395641907898904
"17",3.17635270541082,-0.368146066008505,2.45490981963928,-0.591641907898904,-0.395641907898904
"18",3.19639278557114,-0.183024935193937,2.45490981963928,-0.591641907898904,-0.395641907898904
"19",3.33667334669339,-0.240437293271706,2.45490981963928,-0.591641907898904,-0.395641907898904
"20",4.63927855711423,0.424025675346559,2.45490981963928,-0.591641907898904,-0.395641907898904
