"","x","yplot","target","ftrue","fwrong"
"1",-3.87775551102204,0.827581929556426,-3.69739478957916,0.802646065598228,0.606646065598228
"2",-3.8376753507014,0.706043304075099,-3.69739478957916,0.802646065598228,0.606646065598228
"3",-3.67735470941884,0.813720531905438,-3.69739478957916,0.802646065598228,0.606646065598228
"4",-3.55711422845691,0.810620180802816,-3.69739478957916,0.802646065598228,0.606646065598228
"5",-2.95591182364729,0.683600768258916,-3.69739478957916,0.802646065598228,0.606646065598228
"6",-2.81563126252505,0.633778724084294,-3.69739478957916,0.802646065598228,0.606646065598228
"7",-2.71543086172345,0.698760832476642,-3.69739478957916,0.802646065598228,0.606646065598228
"8",-2.45490981963928,0.60887248991198,-3.69739478957916,0.802646065598228,0.606646065598228
"9",2.05410821643287,-0.614079017540391,-3.69739478957916,0.802646065598228,0.606646065598228
"10",3.8376753507014,-0.620674771372006,-3.69739478957916,0.802646065598228,0.606646065598228
