"","x","yplot","target","ftrue","fwrong"
"1",-4.07815631262525,-0.610596290340762,4.73947895791583,0.860594717319332,0.664594717319332
"2",0.851703406813627,0.662860396815531,4.73947895791583,0.860594717319332,0.664594717319332
"3",1.55310621242485,0.474331881223941,4.73947895791583,0.860594717319332,0.664594717319332
"4",2.13426853707415,0.741930323943294,4.73947895791583,0.860594717319332,0.664594717319332
"5",3.41683366733467,0.934079431319988,4.73947895791583,0.860594717319332,0.664594717319332
"6",3.47695390781563,0.825160988586033,4.73947895791583,0.860594717319332,0.664594717319332
"7",3.51703406813627,0.606144959116098,4.73947895791583,0.860594717319332,0.664594717319332
"8",4.13827655310621,0.689742206201094,4.73947895791583,0.860594717319332,0.664594717319332
"9",4.39879759519038,0.848008012605876,4.73947895791583,0.860594717319332,0.664594717319332
"10",4.57915831663327,0.815566199885661,4.73947895791583,0.860594717319332,0.664594717319332
