"","x","yplot","target","ftrue","fwrong"
"1",-4.97995991983968,0.489901655970195,-4.87975951903808,0.662783639600789,0.85878363960079
"2",-4.95991983967936,0.734885388053096,-4.87975951903808,0.662783639600789,0.85878363960079
"3",-4.91983967935872,0.734183021583991,-4.87975951903808,0.662783639600789,0.85878363960079
"4",-4.87975951903808,0.681321549340164,-4.87975951903808,0.662783639600789,0.85878363960079
"5",-4.85971943887776,0.700647334822036,-4.87975951903808,0.662783639600789,0.85878363960079
"6",-4.81963927855711,0.647187922423469,-4.87975951903808,0.662783639600789,0.85878363960079
"7",-4.77955911823647,0.742495563114087,-4.87975951903808,0.662783639600789,0.85878363960079
"8",-4.71943887775551,0.585601895464016,-4.87975951903808,0.662783639600789,0.85878363960079
"9",-4.69939879759519,0.614075944529424,-4.87975951903808,0.662783639600789,0.85878363960079
"10",-4.65931863727455,0.520497583044845,-4.87975951903808,0.662783639600789,0.85878363960079
"11",-4.63927855711423,0.373544341198815,-4.87975951903808,0.662783639600789,0.85878363960079
"12",-4.59919839679359,0.637487831521609,-4.87975951903808,0.662783639600789,0.85878363960079
"13",-4.57915831663327,0.518840291455086,-4.87975951903808,0.662783639600789,0.85878363960079
"14",-4.49899799599198,0.473332140715063,-4.87975951903808,0.662783639600789,0.85878363960079
"15",-4.43887775551102,0.549922157593379,-4.87975951903808,0.662783639600789,0.85878363960079
"16",-4.4188376753507,0.431174913207298,-4.87975951903808,0.662783639600789,0.85878363960079
"17",-4.39879759519038,0.469807047529632,-4.87975951903808,0.662783639600789,0.85878363960079
"18",-4.37875751503006,0.288775406440151,-4.87975951903808,0.662783639600789,0.85878363960079
"19",-4.33867735470942,0.591610094277256,-4.87975951903808,0.662783639600789,0.85878363960079
"20",-4.3186372745491,0.325739741042412,-4.87975951903808,0.662783639600789,0.85878363960079
"21",-4.27855711422846,0.53714464568522,-4.87975951903808,0.662783639600789,0.85878363960079
"22",-4.2184368737475,0.21112043756902,-4.87975951903808,0.662783639600789,0.85878363960079
"23",-4.17835671342685,0.292159399246659,-4.87975951903808,0.662783639600789,0.85878363960079
"24",-4.11823647294589,0.390552982282462,-4.87975951903808,0.662783639600789,0.85878363960079
"25",-4.09819639278557,0.341120541644123,-4.87975951903808,0.662783639600789,0.85878363960079
"26",-4.07815631262525,0.368517965815219,-4.87975951903808,0.662783639600789,0.85878363960079
"27",-4.05811623246493,0.179389383333405,-4.87975951903808,0.662783639600789,0.85878363960079
"28",-3.95791583166333,0.245232708496779,-4.87975951903808,0.662783639600789,0.85878363960079
"29",-1.67334669338677,-0.178000497929551,-4.87975951903808,0.662783639600789,0.85878363960079
"30",-1.25250501002004,-0.406675513924825,-4.87975951903808,0.662783639600789,0.85878363960079
"31",-0.150300601202405,-0.462978005803231,-4.87975951903808,0.662783639600789,0.85878363960079
"32",0.110220440881763,-0.452755825736671,-4.87975951903808,0.662783639600789,0.85878363960079
"33",0.511022044088176,-0.458303473782222,-4.87975951903808,0.662783639600789,0.85878363960079
"34",0.871743486973948,-0.504778756596385,-4.87975951903808,0.662783639600789,0.85878363960079
"35",0.891783567134269,-0.507810811861286,-4.87975951903808,0.662783639600789,0.85878363960079
"36",1.09218436873747,-0.550068146470259,-4.87975951903808,0.662783639600789,0.85878363960079
"37",1.1122244488978,-0.455060409772731,-4.87975951903808,0.662783639600789,0.85878363960079
"38",2.81563126252505,-0.590006035928603,-4.87975951903808,0.662783639600789,0.85878363960079
"39",3.95791583166333,-0.823838697768748,-4.87975951903808,0.662783639600789,0.85878363960079
"40",4.27855711422846,-0.861245899073958,-4.87975951903808,0.662783639600789,0.85878363960079
