"","x","yplot","target","ftrue","fwrong"
"1",-4.17835671342685,0.602692642532311,2.374749498998,-0.182997980534433,0.0130020194655675
"2",-3.87775551102204,0.594496183910079,2.374749498998,-0.182997980534433,0.0130020194655675
"3",-3.69739478957916,0.456322896988801,2.374749498998,-0.182997980534433,0.0130020194655675
"4",-3.31663326653307,0.503624413647328,2.374749498998,-0.182997980534433,0.0130020194655675
"5",-3.13627254509018,0.547577136154962,2.374749498998,-0.182997980534433,0.0130020194655675
"6",-3.0561122244489,0.416532330151981,2.374749498998,-0.182997980534433,0.0130020194655675
"7",-3.01603206412826,0.608988343892364,2.374749498998,-0.182997980534433,0.0130020194655675
"8",-2.87575150300601,0.303247812863365,2.374749498998,-0.182997980534433,0.0130020194655675
"9",-2.61523046092184,0.41975544399276,2.374749498998,-0.182997980534433,0.0130020194655675
"10",-2.25450901803607,0.298378146591016,2.374749498998,-0.182997980534433,0.0130020194655675
"11",-2.19438877755511,0.499702330957394,2.374749498998,-0.182997980534433,0.0130020194655675
"12",-2.07414829659319,0.288131545710025,2.374749498998,-0.182997980534433,0.0130020194655675
"13",-2.05410821643287,0.438541586738234,2.374749498998,-0.182997980534433,0.0130020194655675
"14",-1.95390781563126,0.352888864175784,2.374749498998,-0.182997980534433,0.0130020194655675
"15",-1.87374749498998,0.415077931947592,2.374749498998,-0.182997980534433,0.0130020194655675
"16",-1.83366733466934,0.261821833041483,2.374749498998,-0.182997980534433,0.0130020194655675
"17",-1.61322645290581,0.303222079730473,2.374749498998,-0.182997980534433,0.0130020194655675
"18",-1.37274549098196,0.132062697647242,2.374749498998,-0.182997980534433,0.0130020194655675
"19",-0.811623246492986,0.210114070101342,2.374749498998,-0.182997980534433,0.0130020194655675
"20",-0.671342685370742,0.208207744958422,2.374749498998,-0.182997980534433,0.0130020194655675
"21",-0.290581162324649,0.280128009532289,2.374749498998,-0.182997980534433,0.0130020194655675
"22",0.0701402805611222,0.232305562687208,2.374749498998,-0.182997980534433,0.0130020194655675
"23",0.110220440881763,0.242721133837509,2.374749498998,-0.182997980534433,0.0130020194655675
"24",2.01402805611222,-0.0395168181687371,2.374749498998,-0.182997980534433,0.0130020194655675
"25",2.31462925851703,-0.271745250087446,2.374749498998,-0.182997980534433,0.0130020194655675
"26",2.39478957915832,-0.198264000132285,2.374749498998,-0.182997980534433,0.0130020194655675
"27",2.51503006012024,-0.130390454069824,2.374749498998,-0.182997980534433,0.0130020194655675
"28",2.63527054108216,-0.281572057292053,2.374749498998,-0.182997980534433,0.0130020194655675
"29",2.73547094188377,-0.349645370270813,2.374749498998,-0.182997980534433,0.0130020194655675
"30",2.75551102204409,-0.206896142483218,2.374749498998,-0.182997980534433,0.0130020194655675
"31",2.85571142284569,-0.298070573723945,2.374749498998,-0.182997980534433,0.0130020194655675
"32",3.01603206412826,-0.128070915525246,2.374749498998,-0.182997980534433,0.0130020194655675
"33",3.03607214428858,-0.298755413934801,2.374749498998,-0.182997980534433,0.0130020194655675
"34",3.1563126252505,-0.346149835897249,2.374749498998,-0.182997980534433,0.0130020194655675
"35",3.31663326653307,-0.387448844035521,2.374749498998,-0.182997980534433,0.0130020194655675
"36",3.37675350701403,-0.562568672846003,2.374749498998,-0.182997980534433,0.0130020194655675
"37",3.69739478957916,-0.417878560192465,2.374749498998,-0.182997980534433,0.0130020194655675
"38",3.75751503006012,-0.365822517807379,2.374749498998,-0.182997980534433,0.0130020194655675
"39",3.89779559118236,-0.42813607462947,2.374749498998,-0.182997980534433,0.0130020194655675
"40",4.63927855711423,-0.721591854946242,2.374749498998,-0.182997980534433,0.0130020194655675
