"","x","yplot","target","ftrue","fwrong"
"1",-4.85971943887776,-0.0122530668036571,3.13627254509018,-0.323814666366039,-0.127814666366039
"2",-3.87775551102204,-0.737279869762362,3.13627254509018,-0.323814666366039,-0.127814666366039
"3",-1.59318637274549,-0.327788066675179,3.13627254509018,-0.323814666366039,-0.127814666366039
"4",-1.39278557114228,-0.333594994850431,3.13627254509018,-0.323814666366039,-0.127814666366039
"5",0.791583166332665,0.223113078146763,3.13627254509018,-0.323814666366039,-0.127814666366039
"6",2.03406813627254,0.266289074215642,3.13627254509018,-0.323814666366039,-0.127814666366039
"7",2.23446893787575,0.175786378360509,3.13627254509018,-0.323814666366039,-0.127814666366039
"8",2.35470941883768,0.0217394745224996,3.13627254509018,-0.323814666366039,-0.127814666366039
"9",2.45490981963928,0.0515292452842407,3.13627254509018,-0.323814666366039,-0.127814666366039
"10",2.67535070140281,-0.0503711103222798,3.13627254509018,-0.323814666366039,-0.127814666366039
"11",3.03607214428858,-0.379616637299125,3.13627254509018,-0.323814666366039,-0.127814666366039
"12",3.1563126252505,-0.388134438598934,3.13627254509018,-0.323814666366039,-0.127814666366039
"13",3.19639278557114,-0.465593778183394,3.13627254509018,-0.323814666366039,-0.127814666366039
"14",3.2565130260521,-0.541084436610787,3.13627254509018,-0.323814666366039,-0.127814666366039
"15",3.37675350701403,-0.357952947081638,3.13627254509018,-0.323814666366039,-0.127814666366039
"16",3.39679358717435,-0.581265614436095,3.13627254509018,-0.323814666366039,-0.127814666366039
"17",3.53707414829659,-0.674587325482684,3.13627254509018,-0.323814666366039,-0.127814666366039
"18",4.01803607214429,-0.5800675458215,3.13627254509018,-0.323814666366039,-0.127814666366039
"19",4.07815631262525,-0.589998520908951,3.13627254509018,-0.323814666366039,-0.127814666366039
"20",4.09819639278557,-0.778194663434222,3.13627254509018,-0.323814666366039,-0.127814666366039
