"","x","yplot","target","ftrue","fwrong"
"1",-4.93987975951904,0.45752641178375,3.7374749498998,-0.0614542036518854,-0.257454203651885
"2",-1.41282565130261,0.625713602606697,3.7374749498998,-0.0614542036518854,-0.257454203651885
"3",-0.871743486973948,0.602392574111731,3.7374749498998,-0.0614542036518854,-0.257454203651885
"4",0.230460921843687,0.292964952391237,3.7374749498998,-0.0614542036518854,-0.257454203651885
"5",0.851703406813627,0.0551003454425002,3.7374749498998,-0.0614542036518854,-0.257454203651885
"6",1.09218436873747,0.077946833901583,3.7374749498998,-0.0614542036518854,-0.257454203651885
"7",2.83567134268537,0.158162503229416,3.7374749498998,-0.0614542036518854,-0.257454203651885
"8",2.91583166332665,0.310977968926407,3.7374749498998,-0.0614542036518854,-0.257454203651885
"9",2.97595190380761,0.268101227641014,3.7374749498998,-0.0614542036518854,-0.257454203651885
"10",3.23647294589178,-0.0149709589089201,3.7374749498998,-0.0614542036518854,-0.257454203651885
"11",3.39679358717435,-0.0374240510491412,3.7374749498998,-0.0614542036518854,-0.257454203651885
"12",3.43687374749499,0.0698371389331797,3.7374749498998,-0.0614542036518854,-0.257454203651885
"13",3.75751503006012,-0.00852878315723295,3.7374749498998,-0.0614542036518854,-0.257454203651885
"14",3.81763527054108,-0.123528552437043,3.7374749498998,-0.0614542036518854,-0.257454203651885
"15",3.91783567134268,-0.0777091809455686,3.7374749498998,-0.0614542036518854,-0.257454203651885
"16",4.01803607214429,-0.132842709428974,3.7374749498998,-0.0614542036518854,-0.257454203651885
"17",4.13827655310621,-0.200631399410346,3.7374749498998,-0.0614542036518854,-0.257454203651885
"18",4.33867735470942,-0.131100952808624,3.7374749498998,-0.0614542036518854,-0.257454203651885
"19",4.5190380761523,-0.416897552497135,3.7374749498998,-0.0614542036518854,-0.257454203651885
"20",4.71943887775551,-0.485706429524836,3.7374749498998,-0.0614542036518854,-0.257454203651885
