"","x","yplot","target","ftrue","fwrong"
"1",-4.85971943887776,0.672849417616143,-3.75751503006012,0.117420749369123,0.313420749369123
"2",-3.77755511022044,0.195609267886227,-3.75751503006012,0.117420749369123,0.313420749369123
"3",-3.71743486973948,0.0137933989465059,-3.75751503006012,0.117420749369123,0.313420749369123
"4",-3.51703406813627,0.0618109182187093,-3.75751503006012,0.117420749369123,0.313420749369123
"5",0.511022044088176,0.160904525234608,-3.75751503006012,0.117420749369123,0.313420749369123
"6",0.531062124248497,0.0288688738049486,-3.75751503006012,0.117420749369123,0.313420749369123
"7",0.971943887775551,0.139644811512003,-3.75751503006012,0.117420749369123,0.313420749369123
"8",1.29258517034068,0.182719704482877,-3.75751503006012,0.117420749369123,0.313420749369123
"9",2.51503006012024,0.0882428311908357,-3.75751503006012,0.117420749369123,0.313420749369123
"10",3.81763527054108,-0.717055949161242,-3.75751503006012,0.117420749369123,0.313420749369123
