"","x","yplot","target","ftrue","fwrong"
"1",-4.79959919839679,0.237759810761088,2.99599198396794,-0.236979413047395,-0.0409794130473949
"2",-1.51302605210421,0.589029786915661,2.99599198396794,-0.236979413047395,-0.0409794130473949
"3",-1.39278557114228,0.670713711646065,2.99599198396794,-0.236979413047395,-0.0409794130473949
"4",-0.711422845691383,0.471876107621781,2.99599198396794,-0.236979413047395,-0.0409794130473949
"5",0.33066132264529,-0.143954797675214,2.99599198396794,-0.236979413047395,-0.0409794130473949
"6",0.93186372745491,-0.583732083606095,2.99599198396794,-0.236979413047395,-0.0409794130473949
"7",2.05410821643287,-0.559776924067086,2.99599198396794,-0.236979413047395,-0.0409794130473949
"8",2.09418837675351,-0.459010690526987,2.99599198396794,-0.236979413047395,-0.0409794130473949
"9",2.25450901803607,-0.403792952549327,2.99599198396794,-0.236979413047395,-0.0409794130473949
"10",2.41482965931864,-0.359018758681353,2.99599198396794,-0.236979413047395,-0.0409794130473949
"11",2.79559118236473,-0.461503279784372,2.99599198396794,-0.236979413047395,-0.0409794130473949
"12",2.81563126252505,-0.190777457729244,2.99599198396794,-0.236979413047395,-0.0409794130473949
"13",3.07615230460922,-0.167200123311356,2.99599198396794,-0.236979413047395,-0.0409794130473949
"14",3.13627254509018,-0.153127691247831,2.99599198396794,-0.236979413047395,-0.0409794130473949
"15",3.1563126252505,-0.173678878480041,2.99599198396794,-0.236979413047395,-0.0409794130473949
"16",3.19639278557114,-0.221006578692424,2.99599198396794,-0.236979413047395,-0.0409794130473949
"17",3.31663326653307,-0.0997173222299562,2.99599198396794,-0.236979413047395,-0.0409794130473949
"18",3.41683366733467,-0.063872422244753,2.99599198396794,-0.236979413047395,-0.0409794130473949
"19",3.61723446893788,-0.0381487620193677,2.99599198396794,-0.236979413047395,-0.0409794130473949
"20",3.91783567134268,-0.141087925857089,2.99599198396794,-0.236979413047395,-0.0409794130473949
