"","x","yplot","target","ftrue","fwrong"
"1",-4.75951903807615,0.45367714501997,-0.991983967935872,-0.382892082310463,-0.186892082310463
"2",-4.19839679358717,0.380175609510752,-0.991983967935872,-0.382892082310463,-0.186892082310463
"3",-3.67735470941884,0.189680175570729,-0.991983967935872,-0.382892082310463,-0.186892082310463
"4",-2.41482965931864,-0.13158583045724,-0.991983967935872,-0.382892082310463,-0.186892082310463
"5",-1.91382765531062,-0.180651111544344,-0.991983967935872,-0.382892082310463,-0.186892082310463
"6",-1.87374749498998,-0.197798224980282,-0.991983967935872,-0.382892082310463,-0.186892082310463
"7",-1.81362725450902,-0.234807715666178,-0.991983967935872,-0.382892082310463,-0.186892082310463
"8",-1.7935871743487,-0.11897676417484,-0.991983967935872,-0.382892082310463,-0.186892082310463
"9",-1.75350701402806,-0.217902978592747,-0.991983967935872,-0.382892082310463,-0.186892082310463
"10",-1.69338677354709,-0.151111146080921,-0.991983967935872,-0.382892082310463,-0.186892082310463
"11",-1.61322645290581,-0.113708539169036,-0.991983967935872,-0.382892082310463,-0.186892082310463
"12",-1.59318637274549,-0.38025944442455,-0.991983967935872,-0.382892082310463,-0.186892082310463
"13",-1.55310621242485,-0.186892680629345,-0.991983967935872,-0.382892082310463,-0.186892082310463
"14",-1.51302605210421,-0.376262590018991,-0.991983967935872,-0.382892082310463,-0.186892082310463
"15",-1.25250501002004,-0.261662799199869,-0.991983967935872,-0.382892082310463,-0.186892082310463
"16",-1.2124248496994,-0.196148821964244,-0.991983967935872,-0.382892082310463,-0.186892082310463
"17",-1.13226452905812,-0.504986997233549,-0.991983967935872,-0.382892082310463,-0.186892082310463
"18",-1.03206412825651,-0.385122553645179,-0.991983967935872,-0.382892082310463,-0.186892082310463
"19",-1.01202404809619,-0.479283933354265,-0.991983967935872,-0.382892082310463,-0.186892082310463
"20",-0.871743486973948,-0.469284253873332,-0.991983967935872,-0.382892082310463,-0.186892082310463
"21",-0.851703406813628,-0.496504256124693,-0.991983967935872,-0.382892082310463,-0.186892082310463
"22",-0.831663326653307,-0.286916265626615,-0.991983967935872,-0.382892082310463,-0.186892082310463
"23",-0.751503006012024,-0.29428137520511,-0.991983967935872,-0.382892082310463,-0.186892082310463
"24",-0.711422845691383,-0.356803184192323,-0.991983967935872,-0.382892082310463,-0.186892082310463
"25",-0.651302605210421,-0.539114503763994,-0.991983967935872,-0.382892082310463,-0.186892082310463
"26",-0.631262525050101,-0.497872918390674,-0.991983967935872,-0.382892082310463,-0.186892082310463
"27",-0.61122244488978,-0.400948284210076,-0.991983967935872,-0.382892082310463,-0.186892082310463
"28",-0.571142284569138,-0.559385255830355,-0.991983967935872,-0.382892082310463,-0.186892082310463
"29",-0.551102204408818,-0.584712900013306,-0.991983967935872,-0.382892082310463,-0.186892082310463
"30",-0.531062124248497,-0.355503123069504,-0.991983967935872,-0.382892082310463,-0.186892082310463
"31",-0.490981963927856,-0.492378905149557,-0.991983967935872,-0.382892082310463,-0.186892082310463
"32",-0.450901803607215,-0.541234625696749,-0.991983967935872,-0.382892082310463,-0.186892082310463
"33",-0.390781563126253,-0.396381282331546,-0.991983967935872,-0.382892082310463,-0.186892082310463
"34",-0.270541082164329,-0.470471000135609,-0.991983967935872,-0.382892082310463,-0.186892082310463
"35",-0.230460921843687,-0.589456887024273,-0.991983967935872,-0.382892082310463,-0.186892082310463
"36",-0.210420841683367,-0.531182881114636,-0.991983967935872,-0.382892082310463,-0.186892082310463
"37",-0.150300601202405,-0.442375392086372,-0.991983967935872,-0.382892082310463,-0.186892082310463
"38",-0.110220440881764,-0.610496846663428,-0.991983967935872,-0.382892082310463,-0.186892082310463
"39",-0.0901803607214431,-0.712989075881262,-0.991983967935872,-0.382892082310463,-0.186892082310463
"40",0.971943887775551,-0.796890614838439,-0.991983967935872,-0.382892082310463,-0.186892082310463
"41",1.87374749498998,-0.969791480324893,-0.991983967935872,-0.382892082310463,-0.186892082310463
"42",2.29458917835671,-0.9269020582825,-0.991983967935872,-0.382892082310463,-0.186892082310463
"43",2.31462925851703,-1.07347982038459,-0.991983967935872,-0.382892082310463,-0.186892082310463
"44",2.35470941883768,-0.958476813243839,-0.991983967935872,-0.382892082310463,-0.186892082310463
"45",2.81563126252505,-0.770741231644843,-0.991983967935872,-0.382892082310463,-0.186892082310463
"46",3.11623246492986,-0.913160301548861,-0.991983967935872,-0.382892082310463,-0.186892082310463
"47",3.53707414829659,-0.954176315763541,-0.991983967935872,-0.382892082310463,-0.186892082310463
"48",3.91783567134268,-0.592062338649851,-0.991983967935872,-0.382892082310463,-0.186892082310463
"49",4.53907815631263,-0.878349143241985,-0.991983967935872,-0.382892082310463,-0.186892082310463
"50",4.63927855711423,-0.795278962093481,-0.991983967935872,-0.382892082310463,-0.186892082310463
