"","x","yplot","target","ftrue","fwrong"
"1",-4.65931863727455,0.351312294340717,-0.410821643286574,0.928864474035603,1.1248644740356
"2",-4.55911823647295,0.137458916844346,-0.410821643286574,0.928864474035603,1.1248644740356
"3",-4.35871743486974,0.330305932417774,-0.410821643286574,0.928864474035603,1.1248644740356
"4",-3.81763527054108,0.232796005060837,-0.410821643286574,0.928864474035603,1.1248644740356
"5",-3.61723446893788,0.235205331166245,-0.410821643286574,0.928864474035603,1.1248644740356
"6",-2.43486973947896,0.473863131878203,-0.410821643286574,0.928864474035603,1.1248644740356
"7",-2.03406813627255,0.668568939596594,-0.410821643286574,0.928864474035603,1.1248644740356
"8",-1.95390781563126,0.635973417563224,-0.410821643286574,0.928864474035603,1.1248644740356
"9",-1.39278557114228,0.783827052897546,-0.410821643286574,0.928864474035603,1.1248644740356
"10",-1.29258517034068,0.670319268883398,-0.410821643286574,0.928864474035603,1.1248644740356
"11",-1.27254509018036,0.821081626496137,-0.410821643286574,0.928864474035603,1.1248644740356
"12",-1.19238476953908,0.894352929196321,-0.410821643286574,0.928864474035603,1.1248644740356
"13",-1.07214428857715,0.883408250283842,-0.410821643286574,0.928864474035603,1.1248644740356
"14",-1.05210420841683,0.93920874655992,-0.410821643286574,0.928864474035603,1.1248644740356
"15",-0.971943887775551,0.910189934516528,-0.410821643286574,0.928864474035603,1.1248644740356
"16",-0.95190380761523,0.836928027732028,-0.410821643286574,0.928864474035603,1.1248644740356
"17",-0.851703406813628,0.925512129693614,-0.410821643286574,0.928864474035603,1.1248644740356
"18",-0.751503006012024,1.04794378697761,-0.410821643286574,0.928864474035603,1.1248644740356
"19",-0.651302605210421,0.77502033885194,-0.410821643286574,0.928864474035603,1.1248644740356
"20",-0.631262525050101,1.04149120010737,-0.410821643286574,0.928864474035603,1.1248644740356
"21",-0.61122244488978,1.08279113734271,-0.410821643286574,0.928864474035603,1.1248644740356
"22",-0.571142284569138,0.995871211638378,-0.410821643286574,0.928864474035603,1.1248644740356
"23",-0.531062124248497,0.895018650689815,-0.410821643286574,0.928864474035603,1.1248644740356
"24",-0.511022044088176,0.918939653341125,-0.410821643286574,0.928864474035603,1.1248644740356
"25",-0.370741482965932,1.16132030783638,-0.410821643286574,0.928864474035603,1.1248644740356
"26",-0.330661322645291,1.0095543939209,-0.410821643286574,0.928864474035603,1.1248644740356
"27",-0.31062124248497,0.846031692176944,-0.410821643286574,0.928864474035603,1.1248644740356
"28",-0.190380761523047,0.649763583883555,-0.410821643286574,0.928864474035603,1.1248644740356
"29",-0.130260521042084,0.836642114287433,-0.410821643286574,0.928864474035603,1.1248644740356
"30",-0.0901803607214431,0.795348775058727,-0.410821643286574,0.928864474035603,1.1248644740356
"31",-0.0701402805611222,0.732912692420521,-0.410821643286574,0.928864474035603,1.1248644740356
"32",-0.0501002004008022,0.986737932804838,-0.410821643286574,0.928864474035603,1.1248644740356
"33",-0.0300601202404813,0.556552133287434,-0.410821643286574,0.928864474035603,1.1248644740356
"34",-0.0100200400801604,0.986714915777796,-0.410821643286574,0.928864474035603,1.1248644740356
"35",0.0100200400801604,0.780595370690765,-0.410821643286574,0.928864474035603,1.1248644740356
"36",0.0300601202404804,0.59976195664808,-0.410821643286574,0.928864474035603,1.1248644740356
"37",0.110220440881763,0.707176165483012,-0.410821643286574,0.928864474035603,1.1248644740356
"38",0.130260521042084,0.684551304523452,-0.410821643286574,0.928864474035603,1.1248644740356
"39",0.230460921843687,0.65955419063835,-0.410821643286574,0.928864474035603,1.1248644740356
"40",0.31062124248497,0.650642222905675,-0.410821643286574,0.928864474035603,1.1248644740356
"41",0.370741482965932,0.650160391405073,-0.410821643286574,0.928864474035603,1.1248644740356
"42",0.430861723446894,0.398932683966119,-0.410821643286574,0.928864474035603,1.1248644740356
"43",0.531062124248497,0.554542682591715,-0.410821643286574,0.928864474035603,1.1248644740356
"44",1.33266533066132,-0.048544844546087,-0.410821643286574,0.928864474035603,1.1248644740356
"45",1.91382765531062,-0.00360167720940788,-0.410821643286574,0.928864474035603,1.1248644740356
"46",2.25450901803607,-0.326881946999328,-0.410821643286574,0.928864474035603,1.1248644740356
"47",2.59519038076152,-0.337917075681173,-0.410821643286574,0.928864474035603,1.1248644740356
"48",3.2565130260521,-0.22773572812864,-0.410821643286574,0.928864474035603,1.1248644740356
"49",3.39679358717435,-0.185400295996188,-0.410821643286574,0.928864474035603,1.1248644740356
"50",4.4188376753507,0.320785501458374,-0.410821643286574,0.928864474035603,1.1248644740356
