"","x","yplot","target","ftrue","fwrong"
"1",-3.33667334669339,0.515922819367531,3.65731462925852,-0.72900877230249,-0.92500877230249
"2",-2.77555110220441,0.337251936821268,3.65731462925852,-0.72900877230249,-0.92500877230249
"3",-2.17434869739479,0.702654092741929,3.65731462925852,-0.72900877230249,-0.92500877230249
"4",-1.59318637274549,0.797010218609404,3.65731462925852,-0.72900877230249,-0.92500877230249
"5",-0.971943887775551,0.769195407821475,3.65731462925852,-0.72900877230249,-0.92500877230249
"6",-0.631262525050101,0.836694530024438,3.65731462925852,-0.72900877230249,-0.92500877230249
"7",0.0501002004008013,0.578182685397095,3.65731462925852,-0.72900877230249,-0.92500877230249
"8",0.210420841683367,0.573273109070263,3.65731462925852,-0.72900877230249,-0.92500877230249
"9",0.270541082164328,0.478529630951143,3.65731462925852,-0.72900877230249,-0.92500877230249
"10",0.831663326653306,0.119977754378128,3.65731462925852,-0.72900877230249,-0.92500877230249
"11",1.33266533066132,-0.0645435104922213,3.65731462925852,-0.72900877230249,-0.92500877230249
"12",1.57314629258517,-0.296213149135408,3.65731462925852,-0.72900877230249,-0.92500877230249
"13",2.23446893787575,-0.480747920333637,3.65731462925852,-0.72900877230249,-0.92500877230249
"14",2.27454909819639,-0.700882321319455,3.65731462925852,-0.72900877230249,-0.92500877230249
"15",2.45490981963928,-0.525983936421989,3.65731462925852,-0.72900877230249,-0.92500877230249
"16",2.71543086172345,-0.558977790899801,3.65731462925852,-0.72900877230249,-0.92500877230249
"17",2.77555110220441,-0.657024854775528,3.65731462925852,-0.72900877230249,-0.92500877230249
"18",2.81563126252505,-0.608512270763697,3.65731462925852,-0.72900877230249,-0.92500877230249
"19",2.85571142284569,-0.636416809343279,3.65731462925852,-0.72900877230249,-0.92500877230249
"20",2.89579158316633,-0.629346249955346,3.65731462925852,-0.72900877230249,-0.92500877230249
"21",3.03607214428858,-0.477774229135052,3.65731462925852,-0.72900877230249,-0.92500877230249
"22",3.0561122244489,-0.760951184061688,3.65731462925852,-0.72900877230249,-0.92500877230249
"23",3.1563126252505,-0.768129489116933,3.65731462925852,-0.72900877230249,-0.92500877230249
"24",3.2565130260521,-0.834464834657108,3.65731462925852,-0.72900877230249,-0.92500877230249
"25",3.27655310621243,-0.780680349478975,3.65731462925852,-0.72900877230249,-0.92500877230249
"26",3.31663326653307,-0.716500940862815,3.65731462925852,-0.72900877230249,-0.92500877230249
"27",3.33667334669339,-0.908164301943127,3.65731462925852,-0.72900877230249,-0.92500877230249
"28",3.35671342685371,-0.68166597700372,3.65731462925852,-0.72900877230249,-0.92500877230249
"29",3.45691382765531,-0.739001938615575,3.65731462925852,-0.72900877230249,-0.92500877230249
"30",3.47695390781563,-0.76036081935055,3.65731462925852,-0.72900877230249,-0.92500877230249
"31",3.49699398797595,-0.738193449763402,3.65731462925852,-0.72900877230249,-0.92500877230249
"32",3.51703406813627,-0.57473606189825,3.65731462925852,-0.72900877230249,-0.92500877230249
"33",3.55711422845691,-0.822900994982711,3.65731462925852,-0.72900877230249,-0.92500877230249
"34",3.57715430861723,-0.796442221347156,3.65731462925852,-0.72900877230249,-0.92500877230249
"35",3.6372745490982,-0.768901004451365,3.65731462925852,-0.72900877230249,-0.92500877230249
"36",3.65731462925852,-0.814117156574369,3.65731462925852,-0.72900877230249,-0.92500877230249
"37",3.67735470941884,-0.664819830595531,3.65731462925852,-0.72900877230249,-0.92500877230249
"38",3.69739478957916,-0.826039882585279,3.65731462925852,-0.72900877230249,-0.92500877230249
"39",3.79759519038076,-0.523272308006484,3.65731462925852,-0.72900877230249,-0.92500877230249
"40",3.93787575150301,-0.714209050765181,3.65731462925852,-0.72900877230249,-0.92500877230249
"41",3.99799599198397,-0.969308813073156,3.65731462925852,-0.72900877230249,-0.92500877230249
"42",4.09819639278557,-0.639677463771818,3.65731462925852,-0.72900877230249,-0.92500877230249
"43",4.11823647294589,-0.775087186343251,3.65731462925852,-0.72900877230249,-0.92500877230249
"44",4.13827655310621,-0.709848000955793,3.65731462925852,-0.72900877230249,-0.92500877230249
"45",4.19839679358717,-0.64136714706,3.65731462925852,-0.72900877230249,-0.92500877230249
"46",4.23847695390782,-0.601993490073632,3.65731462925852,-0.72900877230249,-0.92500877230249
"47",4.27855711422846,-0.864321303485562,3.65731462925852,-0.72900877230249,-0.92500877230249
"48",4.3186372745491,-0.758166756647665,3.65731462925852,-0.72900877230249,-0.92500877230249
"49",4.49899799599198,-0.931696769074577,3.65731462925852,-0.72900877230249,-0.92500877230249
"50",4.63927855711423,-0.794657074231481,3.65731462925852,-0.72900877230249,-0.92500877230249
