"","x","yplot","target","ftrue","fwrong"
"1",-4.61923847695391,0.354048440730958,-3.87775551102204,0.364778594864781,0.560778594864781
"2",-4.55911823647295,0.372195047782988,-3.87775551102204,0.364778594864781,0.560778594864781
"3",-4.47895791583166,0.444543190063972,-3.87775551102204,0.364778594864781,0.560778594864781
"4",-4.33867735470942,0.48547136305797,-3.87775551102204,0.364778594864781,0.560778594864781
"5",-4.15831663326653,0.347287987263596,-3.87775551102204,0.364778594864781,0.560778594864781
"6",-4.09819639278557,0.447618976596818,-3.87775551102204,0.364778594864781,0.560778594864781
"7",-4.03807615230461,0.432239827236478,-3.87775551102204,0.364778594864781,0.560778594864781
"8",-3.89779559118236,0.296792121641213,-3.87775551102204,0.364778594864781,0.560778594864781
"9",-3.2565130260521,0.409491759706042,-3.87775551102204,0.364778594864781,0.560778594864781
"10",-2.85571142284569,0.288470073959847,-3.87775551102204,0.364778594864781,0.560778594864781
"11",-2.35470941883768,0.133937832650705,-3.87775551102204,0.364778594864781,0.560778594864781
"12",-1.91382765531062,0.226695645537671,-3.87775551102204,0.364778594864781,0.560778594864781
"13",-1.67334669338677,0.175793235376842,-3.87775551102204,0.364778594864781,0.560778594864781
"14",-1.49298597194389,0.0856746637518017,-3.87775551102204,0.364778594864781,0.560778594864781
"15",-1.43286573146293,0.130315394849446,-3.87775551102204,0.364778594864781,0.560778594864781
"16",-0.991983967935872,0.0188674187292649,-3.87775551102204,0.364778594864781,0.560778594864781
"17",-0.31062124248497,-0.134632407955943,-3.87775551102204,0.364778594864781,0.560778594864781
"18",0.0901803607214431,-0.124977517849391,-3.87775551102204,0.364778594864781,0.560778594864781
"19",0.6312625250501,-0.198804853347978,-3.87775551102204,0.364778594864781,0.560778594864781
"20",0.95190380761523,-0.432248122273267,-3.87775551102204,0.364778594864781,0.560778594864781
"21",1.35270541082164,-0.345068410524499,-3.87775551102204,0.364778594864781,0.560778594864781
"22",1.75350701402806,-0.618494202614607,-3.87775551102204,0.364778594864781,0.560778594864781
"23",1.8937875751503,-0.521646623028069,-3.87775551102204,0.364778594864781,0.560778594864781
"24",2.43486973947896,-0.755658431850231,-3.87775551102204,0.364778594864781,0.560778594864781
"25",2.49498997995992,-0.962515122413658,-3.87775551102204,0.364778594864781,0.560778594864781
"26",2.55511022044088,-0.765282998231502,-3.87775551102204,0.364778594864781,0.560778594864781
"27",3.45691382765531,-0.954169506929732,-3.87775551102204,0.364778594864781,0.560778594864781
"28",3.57715430861723,-0.872425429377645,-3.87775551102204,0.364778594864781,0.560778594864781
"29",4.53907815631263,-0.989997207376879,-3.87775551102204,0.364778594864781,0.560778594864781
"30",4.65931863727455,-0.756663717762323,-3.87775551102204,0.364778594864781,0.560778594864781
