"","x","yplot","target","ftrue","fwrong"
"1",-4.35871743486974,-0.857017111215389,-3.39679358717435,-0.647657699497783,-0.451657699497783
"2",-4.25851703406814,-0.798224112732751,-3.39679358717435,-0.647657699497783,-0.451657699497783
"3",-4.17835671342685,-0.785954340357653,-3.39679358717435,-0.647657699497783,-0.451657699497783
"4",-4.11823647294589,-0.890100049522642,-3.39679358717435,-0.647657699497783,-0.451657699497783
"5",-3.99799599198397,-0.807822647387316,-3.39679358717435,-0.647657699497783,-0.451657699497783
"6",-3.87775551102204,-0.848997632724732,-3.39679358717435,-0.647657699497783,-0.451657699497783
"7",-3.67735470941884,-0.638760741902993,-3.39679358717435,-0.647657699497783,-0.451657699497783
"8",-3.49699398797595,-0.675110314190096,-3.39679358717435,-0.647657699497783,-0.451657699497783
"9",-3.43687374749499,-0.702137173564014,-3.39679358717435,-0.647657699497783,-0.451657699497783
"10",-3.35671342685371,-0.382984663358406,-3.39679358717435,-0.647657699497783,-0.451657699497783
"11",-3.29659318637275,-0.592104958604498,-3.39679358717435,-0.647657699497783,-0.451657699497783
"12",-3.17635270541082,-0.736350799534683,-3.39679358717435,-0.647657699497783,-0.451657699497783
"13",-3.1563126252505,-0.697798126546325,-3.39679358717435,-0.647657699497783,-0.451657699497783
"14",-3.13627254509018,-0.608493909429349,-3.39679358717435,-0.647657699497783,-0.451657699497783
"15",-3.07615230460922,-0.637763641099155,-3.39679358717435,-0.647657699497783,-0.451657699497783
"16",-2.97595190380762,-0.61962990485454,-3.39679358717435,-0.647657699497783,-0.451657699497783
"17",-2.71543086172345,-0.567913791422403,-3.39679358717435,-0.647657699497783,-0.451657699497783
"18",-2.63527054108216,-0.46219160417937,-3.39679358717435,-0.647657699497783,-0.451657699497783
"19",-2.53507014028056,-0.308322636692324,-3.39679358717435,-0.647657699497783,-0.451657699497783
"20",-2.49498997995992,-0.412909675838851,-3.39679358717435,-0.647657699497783,-0.451657699497783
"21",-2.4749498997996,-0.195077243378632,-3.39679358717435,-0.647657699497783,-0.451657699497783
"22",-2.07414829659319,-0.607937472682074,-3.39679358717435,-0.647657699497783,-0.451657699497783
"23",-1.87374749498998,-0.385594933477125,-3.39679358717435,-0.647657699497783,-0.451657699497783
"24",-1.75350701402806,-0.468839127904081,-3.39679358717435,-0.647657699497783,-0.451657699497783
"25",-0.551102204408818,-0.302994319224272,-3.39679358717435,-0.647657699497783,-0.451657699497783
"26",-0.31062124248497,-0.230162455099065,-3.39679358717435,-0.647657699497783,-0.451657699497783
"27",0.971943887775551,-0.0940344909465807,-3.39679358717435,-0.647657699497783,-0.451657699497783
"28",1.39278557114228,-0.125949408148975,-3.39679358717435,-0.647657699497783,-0.451657699497783
"29",1.81362725450902,-0.0163024505916861,-3.39679358717435,-0.647657699497783,-0.451657699497783
"30",3.75751503006012,0.151262888399874,-3.39679358717435,-0.647657699497783,-0.451657699497783
