"","x","yplot","target","ftrue","fwrong"
"1",-4.57915831663327,-1.10429656889432,4.73947895791583,0.448621291721663,0.644621291721662
"2",-3.99799599198397,-0.870785772539783,4.73947895791583,0.448621291721663,0.644621291721662
"3",-3.81763527054108,-0.690303286361566,4.73947895791583,0.448621291721663,0.644621291721662
"4",-3.49699398797595,-0.749480030121391,4.73947895791583,0.448621291721663,0.644621291721662
"5",-3.0561122244489,-0.594704497110746,4.73947895791583,0.448621291721663,0.644621291721662
"6",-2.97595190380762,-0.637569285422051,4.73947895791583,0.448621291721663,0.644621291721662
"7",-2.45490981963928,-0.593610675813969,4.73947895791583,0.448621291721663,0.644621291721662
"8",-0.651302605210421,-0.64208724563369,4.73947895791583,0.448621291721663,0.644621291721662
"9",0.571142284569138,-0.67443927058566,4.73947895791583,0.448621291721663,0.644621291721662
"10",0.791583166332665,-0.556753199660992,4.73947895791583,0.448621291721663,0.644621291721662
"11",1.85370741482966,-0.559962948071399,4.73947895791583,0.448621291721663,0.644621291721662
"12",2.93587174348697,-0.571478497114444,4.73947895791583,0.448621291721663,0.644621291721662
"13",3.79759519038076,-0.205337153174602,4.73947895791583,0.448621291721663,0.644621291721662
"14",3.85771543086172,-0.304377356206411,4.73947895791583,0.448621291721663,0.644621291721662
"15",3.89779559118236,-0.0463962918223432,4.73947895791583,0.448621291721663,0.644621291721662
"16",3.91783567134268,-0.0992676115680128,4.73947895791583,0.448621291721663,0.644621291721662
"17",3.93787575150301,-0.0835386880553593,4.73947895791583,0.448621291721663,0.644621291721662
"18",3.95791583166333,-0.00257696670162533,4.73947895791583,0.448621291721663,0.644621291721662
"19",4.09819639278557,-0.0935467716793865,4.73947895791583,0.448621291721663,0.644621291721662
"20",4.13827655310621,0.0723744477370304,4.73947895791583,0.448621291721663,0.644621291721662
"21",4.15831663326653,0.0197832275878143,4.73947895791583,0.448621291721663,0.644621291721662
"22",4.25851703406814,0.272332317210359,4.73947895791583,0.448621291721663,0.644621291721662
"23",4.3186372745491,0.270224290515693,4.73947895791583,0.448621291721663,0.644621291721662
"24",4.39879759519038,0.131457573426936,4.73947895791583,0.448621291721663,0.644621291721662
"25",4.43887775551102,0.334089579029179,4.73947895791583,0.448621291721663,0.644621291721662
"26",4.5190380761523,0.197234151733154,4.73947895791583,0.448621291721663,0.644621291721662
"27",4.59919839679359,0.423059435184391,4.73947895791583,0.448621291721663,0.644621291721662
"28",4.61923847695391,0.446956724978269,4.73947895791583,0.448621291721663,0.644621291721662
"29",4.63927855711423,0.465497065536847,4.73947895791583,0.448621291721663,0.644621291721662
"30",4.65931863727455,0.431776120401121,4.73947895791583,0.448621291721663,0.644621291721662
"31",4.67935871743487,0.3449638883011,4.73947895791583,0.448621291721663,0.644621291721662
"32",4.69939879759519,0.383958656930559,4.73947895791583,0.448621291721663,0.644621291721662
"33",4.71943887775551,0.436112230727979,4.73947895791583,0.448621291721663,0.644621291721662
"34",4.75951903807615,0.430824930806802,4.73947895791583,0.448621291721663,0.644621291721662
"35",4.79959919839679,0.340068243110174,4.73947895791583,0.448621291721663,0.644621291721662
"36",4.85971943887776,0.66957355037621,4.73947895791583,0.448621291721663,0.644621291721662
"37",4.8997995991984,0.641100361312206,4.73947895791583,0.448621291721663,0.644621291721662
"38",4.93987975951904,0.571391752161207,4.73947895791583,0.448621291721663,0.644621291721662
"39",4.95991983967936,0.657305368642814,4.73947895791583,0.448621291721663,0.644621291721662
"40",4.97995991983968,0.564877521739915,4.73947895791583,0.448621291721663,0.644621291721662
