"","x","yplot","target","ftrue","fwrong"
"1",-4.83967935871743,0.154088246118245,-4.47895791583166,0.0835938720555838,0.279593872055584
"2",-4.71943887775551,0.103505630204794,-4.47895791583166,0.0835938720555838,0.279593872055584
"3",-4.49899799599198,0.0190179233346884,-4.47895791583166,0.0835938720555838,0.279593872055584
"4",-4.35871743486974,0.125509462424847,-4.47895791583166,0.0835938720555838,0.279593872055584
"5",-4.25851703406814,0.109226621556557,-4.47895791583166,0.0835938720555838,0.279593872055584
"6",-4.11823647294589,-0.0518437650897525,-4.47895791583166,0.0835938720555838,0.279593872055584
"7",-3.81763527054108,0.106320529474334,-4.47895791583166,0.0835938720555838,0.279593872055584
"8",-3.67735470941884,0.0754064625018868,-4.47895791583166,0.0835938720555838,0.279593872055584
"9",-3.57715430861723,-0.00660656285490441,-4.47895791583166,0.0835938720555838,0.279593872055584
"10",-2.97595190380762,0.0655732394456495,-4.47895791583166,0.0835938720555838,0.279593872055584
"11",-2.85571142284569,0.0721421179340631,-4.47895791583166,0.0835938720555838,0.279593872055584
"12",-2.17434869739479,0.0282121556989125,-4.47895791583166,0.0835938720555838,0.279593872055584
"13",-1.43286573146293,-0.0235008106553215,-4.47895791583166,0.0835938720555838,0.279593872055584
"14",-1.39278557114228,-0.152350583873361,-4.47895791583166,0.0835938720555838,0.279593872055584
"15",-0.711422845691383,-0.141525828008501,-4.47895791583166,0.0835938720555838,0.279593872055584
"16",-0.390781563126253,-0.145731161421455,-4.47895791583166,0.0835938720555838,0.279593872055584
"17",-0.0501002004008022,-0.247343008907856,-4.47895791583166,0.0835938720555838,0.279593872055584
"18",0.0300601202404804,-0.259022125796503,-4.47895791583166,0.0835938720555838,0.279593872055584
"19",0.210420841683367,-0.253105951010796,-4.47895791583166,0.0835938720555838,0.279593872055584
"20",1.49298597194389,0.153671314060328,-4.47895791583166,0.0835938720555838,0.279593872055584
"21",1.75350701402806,0.270257722362444,-4.47895791583166,0.0835938720555838,0.279593872055584
"22",2.17434869739479,0.251550885489406,-4.47895791583166,0.0835938720555838,0.279593872055584
"23",2.33466933867735,0.303790580075094,-4.47895791583166,0.0835938720555838,0.279593872055584
"24",2.5751503006012,0.57234625810215,-4.47895791583166,0.0835938720555838,0.279593872055584
"25",2.79559118236473,0.495750933167763,-4.47895791583166,0.0835938720555838,0.279593872055584
"26",2.91583166332665,0.434600000167883,-4.47895791583166,0.0835938720555838,0.279593872055584
"27",3.49699398797595,0.526043725145939,-4.47895791583166,0.0835938720555838,0.279593872055584
"28",3.85771543086172,-0.029643558929653,-4.47895791583166,0.0835938720555838,0.279593872055584
"29",4.25851703406814,-0.190395699929002,-4.47895791583166,0.0835938720555838,0.279593872055584
"30",4.69939879759519,-0.844452162816079,-4.47895791583166,0.0835938720555838,0.279593872055584
