"","x","yplot","target","ftrue","fwrong"
"1",-4.53907815631263,-0.902165955155822,2.51503006012024,0.38823202516935,0.19223202516935
"2",-3.6372745490982,-0.714650781271782,2.51503006012024,0.38823202516935,0.19223202516935
"3",-2.85571142284569,-0.429677220614025,2.51503006012024,0.38823202516935,0.19223202516935
"4",-2.11422845691383,-0.377756793358617,2.51503006012024,0.38823202516935,0.19223202516935
"5",-2.01402805611222,-0.397581856951602,2.51503006012024,0.38823202516935,0.19223202516935
"6",-1.97394789579158,-0.405868967144018,2.51503006012024,0.38823202516935,0.19223202516935
"7",-0.370741482965932,-0.0272759782472001,2.51503006012024,0.38823202516935,0.19223202516935
"8",-0.0300601202404813,-0.0585471392955813,2.51503006012024,0.38823202516935,0.19223202516935
"9",0.0300601202404804,0.0818021448639755,2.51503006012024,0.38823202516935,0.19223202516935
"10",0.450901803607215,0.10442208874882,2.51503006012024,0.38823202516935,0.19223202516935
"11",1.07214428857715,0.175291124287829,2.51503006012024,0.38823202516935,0.19223202516935
"12",1.27254509018036,0.215243480551234,2.51503006012024,0.38823202516935,0.19223202516935
"13",1.55310621242485,0.341124145499344,2.51503006012024,0.38823202516935,0.19223202516935
"14",2.65531062124249,0.369393710603506,2.51503006012024,0.38823202516935,0.19223202516935
"15",2.75551102204409,0.38213447397882,2.51503006012024,0.38823202516935,0.19223202516935
"16",2.77555110220441,0.402731450149997,2.51503006012024,0.38823202516935,0.19223202516935
"17",2.95591182364729,0.274076913387784,2.51503006012024,0.38823202516935,0.19223202516935
"18",3.0561122244489,0.227092082656036,2.51503006012024,0.38823202516935,0.19223202516935
"19",3.07615230460922,0.364462158636555,2.51503006012024,0.38823202516935,0.19223202516935
"20",3.31663326653307,0.409345447043381,2.51503006012024,0.38823202516935,0.19223202516935
"21",3.47695390781563,0.38579986260988,2.51503006012024,0.38823202516935,0.19223202516935
"22",3.77755511022044,0.435046849411659,2.51503006012024,0.38823202516935,0.19223202516935
"23",4.05811623246493,0.51150284180919,2.51503006012024,0.38823202516935,0.19223202516935
"24",4.07815631262525,0.291211684009445,2.51503006012024,0.38823202516935,0.19223202516935
"25",4.21843687374749,0.526424639466563,2.51503006012024,0.38823202516935,0.19223202516935
"26",4.33867735470942,0.346654389932602,2.51503006012024,0.38823202516935,0.19223202516935
"27",4.45891783567134,0.470094471303099,2.51503006012024,0.38823202516935,0.19223202516935
"28",4.73947895791583,0.294056895561247,2.51503006012024,0.38823202516935,0.19223202516935
"29",4.77955911823647,0.0263755983659,2.51503006012024,0.38823202516935,0.19223202516935
"30",4.95991983967936,0.394364742146602,2.51503006012024,0.38823202516935,0.19223202516935
