"","x","yplot","target","ftrue","fwrong"
"1",-4.83967935871743,-0.393995907158205,-0.370741482965932,0.501367123799867,0.305367123799867
"2",-4.4188376753507,-0.503501306007235,-0.370741482965932,0.501367123799867,0.305367123799867
"3",-4.25851703406814,-0.277461841155845,-0.370741482965932,0.501367123799867,0.305367123799867
"4",-3.61723446893788,-0.16147203076421,-0.370741482965932,0.501367123799867,0.305367123799867
"5",-3.49699398797595,-0.1245991158685,-0.370741482965932,0.501367123799867,0.305367123799867
"6",-2.97595190380762,0.330935380036055,-0.370741482965932,0.501367123799867,0.305367123799867
"7",-2.71543086172345,0.309438591889998,-0.370741482965932,0.501367123799867,0.305367123799867
"8",-2.25450901803607,0.746063856564929,-0.370741482965932,0.501367123799867,0.305367123799867
"9",-1.83366733466934,0.754970223038013,-0.370741482965932,0.501367123799867,0.305367123799867
"10",-1.45290581162325,0.616287105181415,-0.370741482965932,0.501367123799867,0.305367123799867
"11",-1.35270541082164,0.749586911102023,-0.370741482965932,0.501367123799867,0.305367123799867
"12",-1.23246492985972,0.762052062135843,-0.370741482965932,0.501367123799867,0.305367123799867
"13",-1.2124248496994,0.721021360071035,-0.370741482965932,0.501367123799867,0.305367123799867
"14",-1.01202404809619,0.617684234795047,-0.370741482965932,0.501367123799867,0.305367123799867
"15",-0.93186372745491,0.644339246088992,-0.370741482965932,0.501367123799867,0.305367123799867
"16",-0.450901803607215,0.641319646878415,-0.370741482965932,0.501367123799867,0.305367123799867
"17",-0.210420841683367,0.423490571898833,-0.370741482965932,0.501367123799867,0.305367123799867
"18",-0.0901803607214431,0.633287303617655,-0.370741482965932,0.501367123799867,0.305367123799867
"19",-0.0701402805611222,0.467059143055506,-0.370741482965932,0.501367123799867,0.305367123799867
"20",0.170340681362725,0.375386642480422,-0.370741482965932,0.501367123799867,0.305367123799867
"21",0.270541082164328,0.365750889913569,-0.370741482965932,0.501367123799867,0.305367123799867
"22",0.611222444889779,0.220220559964274,-0.370741482965932,0.501367123799867,0.305367123799867
"23",0.791583166332665,0.319844341978868,-0.370741482965932,0.501367123799867,0.305367123799867
"24",1.05210420841683,0.396205308115044,-0.370741482965932,0.501367123799867,0.305367123799867
"25",1.39278557114228,0.49698324167342,-0.370741482965932,0.501367123799867,0.305367123799867
"26",1.47294589178357,0.434866721491468,-0.370741482965932,0.501367123799867,0.305367123799867
"27",1.55310621242485,0.448773234175989,-0.370741482965932,0.501367123799867,0.305367123799867
"28",1.67334669338677,0.51911858523331,-0.370741482965932,0.501367123799867,0.305367123799867
"29",1.77354709418838,0.55643090394742,-0.370741482965932,0.501367123799867,0.305367123799867
"30",1.9939879759519,0.75825660753491,-0.370741482965932,0.501367123799867,0.305367123799867
"31",2.23446893787575,1.0456746736936,-0.370741482965932,0.501367123799867,0.305367123799867
"32",2.87575150300601,0.984878579661698,-0.370741482965932,0.501367123799867,0.305367123799867
"33",2.91583166332665,0.848190008357106,-0.370741482965932,0.501367123799867,0.305367123799867
"34",3.03607214428858,0.637616030749434,-0.370741482965932,0.501367123799867,0.305367123799867
"35",3.51703406813627,0.839553225801064,-0.370741482965932,0.501367123799867,0.305367123799867
"36",3.75751503006012,0.569409862721317,-0.370741482965932,0.501367123799867,0.305367123799867
"37",3.79759519038076,0.621809908815528,-0.370741482965932,0.501367123799867,0.305367123799867
"38",3.97795591182365,0.615248555864677,-0.370741482965932,0.501367123799867,0.305367123799867
"39",4.81963927855711,-0.0837273788970353,-0.370741482965932,0.501367123799867,0.305367123799867
"40",4.91983967935872,-0.084626717986256,-0.370741482965932,0.501367123799867,0.305367123799867
