"","x","yplot","target","ftrue","fwrong"
"1",-3.89779559118236,-0.119857965154538,-1.8937875751503,0.649254219047263,0.845254219047263
"2",-3.67735470941884,0.0641278561329538,-1.8937875751503,0.649254219047263,0.845254219047263
"3",-3.53707414829659,0.262899179319206,-1.8937875751503,0.649254219047263,0.845254219047263
"4",-3.49699398797595,0.153023146008384,-1.8937875751503,0.649254219047263,0.845254219047263
"5",-2.87575150300601,0.414388927543481,-1.8937875751503,0.649254219047263,0.845254219047263
"6",-2.83567134268537,0.639651271417755,-1.8937875751503,0.649254219047263,0.845254219047263
"7",-2.63527054108216,0.615794575089524,-1.8937875751503,0.649254219047263,0.845254219047263
"8",-2.55511022044088,0.600903291239574,-1.8937875751503,0.649254219047263,0.845254219047263
"9",-2.53507014028056,0.761567221188485,-1.8937875751503,0.649254219047263,0.845254219047263
"10",-2.4749498997996,0.527021528210609,-1.8937875751503,0.649254219047263,0.845254219047263
"11",-1.93386773547094,0.561391864404855,-1.8937875751503,0.649254219047263,0.845254219047263
"12",-1.85370741482966,0.570869596259988,-1.8937875751503,0.649254219047263,0.845254219047263
"13",-1.63326653306613,0.550923849186072,-1.8937875751503,0.649254219047263,0.845254219047263
"14",-1.41282565130261,0.412629913044802,-1.8937875751503,0.649254219047263,0.845254219047263
"15",-1.312625250501,0.580633583326355,-1.8937875751503,0.649254219047263,0.845254219047263
"16",-1.13226452905812,0.669388003728694,-1.8937875751503,0.649254219047263,0.845254219047263
"17",-0.871743486973948,0.227024718814874,-1.8937875751503,0.649254219047263,0.845254219047263
"18",-0.711422845691383,0.0301164745247344,-1.8937875751503,0.649254219047263,0.845254219047263
"19",-0.591182364729459,0.24081140592147,-1.8937875751503,0.649254219047263,0.845254219047263
"20",-0.450901803607215,0.217699143719873,-1.8937875751503,0.649254219047263,0.845254219047263
"21",-0.230460921843687,-0.0481336806540224,-1.8937875751503,0.649254219047263,0.845254219047263
"22",-0.170340681362726,0.114177442429086,-1.8937875751503,0.649254219047263,0.845254219047263
"23",-0.0501002004008022,-0.0760032638617956,-1.8937875751503,0.649254219047263,0.845254219047263
"24",0.270541082164328,0.0255479961784751,-1.8937875751503,0.649254219047263,0.845254219047263
"25",0.450901803607215,-0.0762115825140121,-1.8937875751503,0.649254219047263,0.845254219047263
"26",1.09218436873747,-0.160976977743374,-1.8937875751503,0.649254219047263,0.845254219047263
"27",1.45290581162325,0.128713787770243,-1.8937875751503,0.649254219047263,0.845254219047263
"28",1.71342685370741,0.134598762715516,-1.8937875751503,0.649254219047263,0.845254219047263
"29",1.7935871743487,-0.0671526892222418,-1.8937875751503,0.649254219047263,0.845254219047263
"30",1.85370741482966,-0.0784999862093689,-1.8937875751503,0.649254219047263,0.845254219047263
"31",2.39478957915832,0.267702868773444,-1.8937875751503,0.649254219047263,0.845254219047263
"32",2.4749498997996,0.192560980665634,-1.8937875751503,0.649254219047263,0.845254219047263
"33",2.89579158316633,0.241803890964646,-1.8937875751503,0.649254219047263,0.845254219047263
"34",2.97595190380761,0.334142548098426,-1.8937875751503,0.649254219047263,0.845254219047263
"35",3.47695390781563,0.535025223151441,-1.8937875751503,0.649254219047263,0.845254219047263
"36",3.89779559118236,0.661951670161069,-1.8937875751503,0.649254219047263,0.845254219047263
"37",3.97795591182365,0.805029412692428,-1.8937875751503,0.649254219047263,0.845254219047263
"38",4.85971943887776,0.762846531017598,-1.8937875751503,0.649254219047263,0.845254219047263
"39",4.8997995991984,0.782174140303031,-1.8937875751503,0.649254219047263,0.845254219047263
"40",4.91983967935872,0.898156743653415,-1.8937875751503,0.649254219047263,0.845254219047263
