"","x","yplot","target","ftrue","fwrong"
"1",-4.65931863727455,-0.192688114310449,4.23847695390782,0.754589671113182,0.950589671113182
"2",-4.4188376753507,-0.252766311649132,4.23847695390782,0.754589671113182,0.950589671113182
"3",-3.2565130260521,-0.150129354577954,4.23847695390782,0.754589671113182,0.950589671113182
"4",-3.09619238476954,-0.1924783126627,4.23847695390782,0.754589671113182,0.950589671113182
"5",-3.01603206412826,-0.208544458559052,4.23847695390782,0.754589671113182,0.950589671113182
"6",-2.69539078156313,-0.261273531804537,4.23847695390782,0.754589671113182,0.950589671113182
"7",-2.374749498998,-0.0427201814279805,4.23847695390782,0.754589671113182,0.950589671113182
"8",-0.270541082164329,0.259583995990369,4.23847695390782,0.754589671113182,0.950589671113182
"9",-0.110220440881764,0.386167205046482,4.23847695390782,0.754589671113182,0.950589671113182
"10",0.571142284569138,0.426595538858823,4.23847695390782,0.754589671113182,0.950589671113182
"11",0.611222444889779,0.311104736434393,4.23847695390782,0.754589671113182,0.950589671113182
"12",0.751503006012024,0.299662274636836,4.23847695390782,0.754589671113182,0.950589671113182
"13",1.23246492985972,0.544347053751594,4.23847695390782,0.754589671113182,0.950589671113182
"14",2.49498997995992,0.416263704945179,4.23847695390782,0.754589671113182,0.950589671113182
"15",3.07615230460922,0.72343599160407,4.23847695390782,0.754589671113182,0.950589671113182
"16",3.2565130260521,0.631957514220768,4.23847695390782,0.754589671113182,0.950589671113182
"17",3.33667334669339,0.523839000565984,4.23847695390782,0.754589671113182,0.950589671113182
"18",3.39679358717435,0.522922284284933,4.23847695390782,0.754589671113182,0.950589671113182
"19",3.41683366733467,0.772008107893987,4.23847695390782,0.754589671113182,0.950589671113182
"20",3.45691382765531,0.749021741930852,4.23847695390782,0.754589671113182,0.950589671113182
"21",3.53707414829659,0.643237626351681,4.23847695390782,0.754589671113182,0.950589671113182
"22",3.55711422845691,0.903195596526325,4.23847695390782,0.754589671113182,0.950589671113182
"23",3.65731462925852,0.668793568395989,4.23847695390782,0.754589671113182,0.950589671113182
"24",3.67735470941884,0.813910116025337,4.23847695390782,0.754589671113182,0.950589671113182
"25",3.69739478957916,0.581615043660574,4.23847695390782,0.754589671113182,0.950589671113182
"26",3.71743486973948,0.593118425559119,4.23847695390782,0.754589671113182,0.950589671113182
"27",3.7374749498998,0.6718521281469,4.23847695390782,0.754589671113182,0.950589671113182
"28",3.81763527054108,0.733873704017653,4.23847695390782,0.754589671113182,0.950589671113182
"29",3.85771543086172,0.720388133104582,4.23847695390782,0.754589671113182,0.950589671113182
"30",3.99799599198397,0.509188588343734,4.23847695390782,0.754589671113182,0.950589671113182
"31",4.03807615230461,0.648258268038545,4.23847695390782,0.754589671113182,0.950589671113182
"32",4.09819639278557,0.789219512215662,4.23847695390782,0.754589671113182,0.950589671113182
"33",4.17835671342685,0.806662889289821,4.23847695390782,0.754589671113182,0.950589671113182
"34",4.19839679358717,0.785375521156703,4.23847695390782,0.754589671113182,0.950589671113182
"35",4.23847695390782,0.89153850477037,4.23847695390782,0.754589671113182,0.950589671113182
"36",4.3186372745491,0.667804696129539,4.23847695390782,0.754589671113182,0.950589671113182
"37",4.33867735470942,0.795419012929165,4.23847695390782,0.754589671113182,0.950589671113182
"38",4.35871743486974,0.794126624929575,4.23847695390782,0.754589671113182,0.950589671113182
"39",4.39879759519038,0.833824265334029,4.23847695390782,0.754589671113182,0.950589671113182
"40",4.4188376753507,1.01180113499874,4.23847695390782,0.754589671113182,0.950589671113182
"41",4.45891783567134,0.903769660170335,4.23847695390782,0.754589671113182,0.950589671113182
"42",4.57915831663327,0.683874318396475,4.23847695390782,0.754589671113182,0.950589671113182
"43",4.61923847695391,0.909407627740621,4.23847695390782,0.754589671113182,0.950589671113182
"44",4.65931863727455,0.690279150342606,4.23847695390782,0.754589671113182,0.950589671113182
"45",4.69939879759519,0.837076929545892,4.23847695390782,0.754589671113182,0.950589671113182
"46",4.73947895791583,0.951501287398932,4.23847695390782,0.754589671113182,0.950589671113182
"47",4.75951903807615,0.776546421967914,4.23847695390782,0.754589671113182,0.950589671113182
"48",4.83967935871743,0.80742360823239,4.23847695390782,0.754589671113182,0.950589671113182
"49",4.91983967935872,0.810711212161091,4.23847695390782,0.754589671113182,0.950589671113182
"50",4.95991983967936,0.695694938872144,4.23847695390782,0.754589671113182,0.950589671113182
