"","x","yplot","target","ftrue","fwrong"
"1",-4.93987975951904,0.588555801703133,2.91583166332665,-0.940728021963391,-1.13672802196339
"2",-4.63927855711423,0.549026888290156,2.91583166332665,-0.940728021963391,-1.13672802196339
"3",-3.7374749498998,0.34848410022517,2.91583166332665,-0.940728021963391,-1.13672802196339
"4",-3.61723446893788,0.487975712807823,2.91583166332665,-0.940728021963391,-1.13672802196339
"5",-3.29659318637275,0.0715668940292558,2.91583166332665,-0.940728021963391,-1.13672802196339
"6",-2.53507014028056,0.0184965101874886,2.91583166332665,-0.940728021963391,-1.13672802196339
"7",-1.87374749498998,-0.22737401273457,2.91583166332665,-0.940728021963391,-1.13672802196339
"8",-1.73346693386774,-0.186487246660501,2.91583166332665,-0.940728021963391,-1.13672802196339
"9",-1.65330661322645,-0.132513770807781,2.91583166332665,-0.940728021963391,-1.13672802196339
"10",-1.59318637274549,-0.275998498729584,2.91583166332665,-0.940728021963391,-1.13672802196339
"11",-0.61122244488978,-0.621979965748605,2.91583166332665,-0.940728021963391,-1.13672802196339
"12",-0.551102204408818,-0.54611076953337,2.91583166332665,-0.940728021963391,-1.13672802196339
"13",-0.0501002004008022,-0.683296037141189,2.91583166332665,-0.940728021963391,-1.13672802196339
"14",0.571142284569138,-0.927350724390084,2.91583166332665,-0.940728021963391,-1.13672802196339
"15",0.591182364729459,-1.05792237783814,2.91583166332665,-0.940728021963391,-1.13672802196339
"16",0.791583166332665,-1.03020922370283,2.91583166332665,-0.940728021963391,-1.13672802196339
"17",1.87374749498998,-1.03695330210143,2.91583166332665,-0.940728021963391,-1.13672802196339
"18",1.97394789579158,-0.924781256917135,2.91583166332665,-0.940728021963391,-1.13672802196339
"19",2.49498997995992,-1.06466736570416,2.91583166332665,-0.940728021963391,-1.13672802196339
"20",2.55511022044088,-0.951120497676884,2.91583166332665,-0.940728021963391,-1.13672802196339
"21",2.81563126252505,-1.05624295528336,2.91583166332665,-0.940728021963391,-1.13672802196339
"22",2.85571142284569,-1.00024818650186,2.91583166332665,-0.940728021963391,-1.13672802196339
"23",2.87575150300601,-0.912155337968319,2.91583166332665,-0.940728021963391,-1.13672802196339
"24",2.95591182364729,-0.87573244782464,2.91583166332665,-0.940728021963391,-1.13672802196339
"25",3.55711422845691,-0.811467017476414,2.91583166332665,-0.940728021963391,-1.13672802196339
"26",3.85771543086172,-0.788034236846248,2.91583166332665,-0.940728021963391,-1.13672802196339
"27",4.23847695390782,-0.824394284508488,2.91583166332665,-0.940728021963391,-1.13672802196339
"28",4.29859719438878,-0.888528008674303,2.91583166332665,-0.940728021963391,-1.13672802196339
"29",4.77955911823647,-0.604112411313979,2.91583166332665,-0.940728021963391,-1.13672802196339
"30",4.81963927855711,-0.642387036641047,2.91583166332665,-0.940728021963391,-1.13672802196339
