"","x","yplot","target","ftrue","fwrong"
"1",-4.69939879759519,0.399319452585229,-0.330661322645291,0.509642427387023,0.313642427387023
"2",-4.61923847695391,0.372395541956649,-0.330661322645291,0.509642427387023,0.313642427387023
"3",-4.49899799599198,0.20027087795796,-0.330661322645291,0.509642427387023,0.313642427387023
"4",-3.89779559118236,0.135634675811883,-0.330661322645291,0.509642427387023,0.313642427387023
"5",-3.71743486973948,0.0134389662622108,-0.330661322645291,0.509642427387023,0.313642427387023
"6",-2.23446893787575,0.684831432430472,-0.330661322645291,0.509642427387023,0.313642427387023
"7",-2.13426853707415,0.855014351712378,-0.330661322645291,0.509642427387023,0.313642427387023
"8",-2.09418837675351,0.765471686710453,-0.330661322645291,0.509642427387023,0.313642427387023
"9",-0.871743486973948,0.658076450658378,-0.330661322645291,0.509642427387023,0.313642427387023
"10",-0.330661322645291,0.517217444192301,-0.330661322645291,0.509642427387023,0.313642427387023
"11",-0.230460921843687,0.409005861359222,-0.330661322645291,0.509642427387023,0.313642427387023
"12",0.0300601202404804,0.148728596240213,-0.330661322645291,0.509642427387023,0.313642427387023
"13",0.0901803607214431,0.34195422173584,-0.330661322645291,0.509642427387023,0.313642427387023
"14",0.170340681362725,0.161724543527245,-0.330661322645291,0.509642427387023,0.313642427387023
"15",0.190380761523046,0.174531142926692,-0.330661322645291,0.509642427387023,0.313642427387023
"16",0.270541082164328,-0.005826278008324,-0.330661322645291,0.509642427387023,0.313642427387023
"17",0.31062124248497,0.108636200266894,-0.330661322645291,0.509642427387023,0.313642427387023
"18",0.751503006012024,-0.160279905291885,-0.330661322645291,0.509642427387023,0.313642427387023
"19",1.37274549098196,-0.221530740742186,-0.330661322645291,0.509642427387023,0.313642427387023
"20",2.53507014028056,-0.455957875125866,-0.330661322645291,0.509642427387023,0.313642427387023
"21",2.63527054108216,-0.400438034979217,-0.330661322645291,0.509642427387023,0.313642427387023
"22",2.97595190380761,-0.150242410458536,-0.330661322645291,0.509642427387023,0.313642427387023
"23",3.43687374749499,-0.171315170062259,-0.330661322645291,0.509642427387023,0.313642427387023
"24",3.7374749498998,-0.278143043811295,-0.330661322645291,0.509642427387023,0.313642427387023
"25",3.89779559118236,-0.270208391448804,-0.330661322645291,0.509642427387023,0.313642427387023
"26",4.15831663326653,-0.322336620189854,-0.330661322645291,0.509642427387023,0.313642427387023
"27",4.23847695390782,-0.429295178901099,-0.330661322645291,0.509642427387023,0.313642427387023
"28",4.3186372745491,-0.386633052764025,-0.330661322645291,0.509642427387023,0.313642427387023
"29",4.71943887775551,-0.373962439616249,-0.330661322645291,0.509642427387023,0.313642427387023
"30",4.83967935871743,-0.318921728962052,-0.330661322645291,0.509642427387023,0.313642427387023
