"","x","yplot","target","ftrue","fwrong"
"1",-4.67935871743487,0.0176924712623801,3.29659318637274,0.830617397715981,1.02661739771598
"2",-4.35871743486974,-0.0543278744106872,3.29659318637274,0.830617397715981,1.02661739771598
"3",-4.3186372745491,-0.125253471350701,3.29659318637274,0.830617397715981,1.02661739771598
"4",-3.97795591182365,-0.0460302733237381,3.29659318637274,0.830617397715981,1.02661739771598
"5",-2.71543086172345,-0.315519371485287,3.29659318637274,0.830617397715981,1.02661739771598
"6",-2.55511022044088,-0.112696420244838,3.29659318637274,0.830617397715981,1.02661739771598
"7",-1.93386773547094,-0.202594269411941,3.29659318637274,0.830617397715981,1.02661739771598
"8",-1.17234468937876,-0.427367468939017,3.29659318637274,0.830617397715981,1.02661739771598
"9",-1.13226452905812,-0.436072956161833,3.29659318637274,0.830617397715981,1.02661739771598
"10",-0.551102204408818,-0.480855141382653,3.29659318637274,0.830617397715981,1.02661739771598
"11",-0.330661322645291,-0.350935299490967,3.29659318637274,0.830617397715981,1.02661739771598
"12",-0.110220440881764,-0.430292263917867,3.29659318637274,0.830617397715981,1.02661739771598
"13",0.450901803607215,-0.291032350921671,3.29659318637274,0.830617397715981,1.02661739771598
"14",0.531062124248497,-0.236175556198188,3.29659318637274,0.830617397715981,1.02661739771598
"15",0.571142284569138,-0.220786191988627,3.29659318637274,0.830617397715981,1.02661739771598
"16",0.691382765531062,-0.0276181060304499,3.29659318637274,0.830617397715981,1.02661739771598
"17",0.731462925851703,-0.0970142365868197,3.29659318637274,0.830617397715981,1.02661739771598
"18",0.751503006012024,0.0160703587195545,3.29659318637274,0.830617397715981,1.02661739771598
"19",0.771543086172344,-0.098338381530215,3.29659318637274,0.830617397715981,1.02661739771598
"20",1.95390781563126,0.469414997748348,3.29659318637274,0.830617397715981,1.02661739771598
"21",2.43486973947896,0.794826347175285,3.29659318637274,0.830617397715981,1.02661739771598
"22",2.51503006012024,0.937394577310768,3.29659318637274,0.830617397715981,1.02661739771598
"23",2.89579158316633,0.848757200324206,3.29659318637274,0.830617397715981,1.02661739771598
"24",3.29659318637274,0.776561949094582,3.29659318637274,0.830617397715981,1.02661739771598
"25",3.65731462925852,0.748997198818304,3.29659318637274,0.830617397715981,1.02661739771598
"26",3.8376753507014,0.439829799890297,3.29659318637274,0.830617397715981,1.02661739771598
"27",3.87775551102204,0.553585719051352,3.29659318637274,0.830617397715981,1.02661739771598
"28",4.17835671342685,0.457440781558451,3.29659318637274,0.830617397715981,1.02661739771598
"29",4.27855711422846,0.403943429124174,3.29659318637274,0.830617397715981,1.02661739771598
"30",4.95991983967936,0.0634047507143782,3.29659318637274,0.830617397715981,1.02661739771598
