"","x","yplot","target","ftrue","fwrong"
"1",-4.95991983967936,0.053530568843528,3.03607214428858,-0.384843810084414,-0.580843810084414
"2",-4.83967935871743,0.156607954678688,3.03607214428858,-0.384843810084414,-0.580843810084414
"3",-4.65931863727455,-0.0573316255987686,3.03607214428858,-0.384843810084414,-0.580843810084414
"4",-4.53907815631263,-0.0941294419224105,3.03607214428858,-0.384843810084414,-0.580843810084414
"5",-3.35671342685371,-0.338844093219353,3.03607214428858,-0.384843810084414,-0.580843810084414
"6",-2.49498997995992,-0.205436511473558,3.03607214428858,-0.384843810084414,-0.580843810084414
"7",1.15230460921844,-0.795206888536411,3.03607214428858,-0.384843810084414,-0.580843810084414
"8",1.45290581162325,-0.569011158857477,3.03607214428858,-0.384843810084414,-0.580843810084414
"9",1.85370741482966,-0.559142582124445,3.03607214428858,-0.384843810084414,-0.580843810084414
"10",2.05410821643287,-0.577739696313797,3.03607214428858,-0.384843810084414,-0.580843810084414
"11",2.31462925851703,-0.559968361155376,3.03607214428858,-0.384843810084414,-0.580843810084414
"12",2.51503006012024,-0.54964706062,3.03607214428858,-0.384843810084414,-0.580843810084414
"13",2.53507014028056,-0.527040781830076,3.03607214428858,-0.384843810084414,-0.580843810084414
"14",2.69539078156313,-0.355636858746482,3.03607214428858,-0.384843810084414,-0.580843810084414
"15",2.71543086172345,-0.480358460076375,3.03607214428858,-0.384843810084414,-0.580843810084414
"16",2.79559118236473,-0.410818968918863,3.03607214428858,-0.384843810084414,-0.580843810084414
"17",2.83567134268537,-0.548224589729301,3.03607214428858,-0.384843810084414,-0.580843810084414
"18",3.01603206412826,-0.365352203548286,3.03607214428858,-0.384843810084414,-0.580843810084414
"19",3.03607214428858,-0.406248803786955,3.03607214428858,-0.384843810084414,-0.580843810084414
"20",3.0561122244489,-0.389727168021644,3.03607214428858,-0.384843810084414,-0.580843810084414
"21",3.17635270541082,-0.298177668201531,3.03607214428858,-0.384843810084414,-0.580843810084414
"22",3.19639278557114,-0.444266793302263,3.03607214428858,-0.384843810084414,-0.580843810084414
"23",3.31663326653307,-0.350329676860037,3.03607214428858,-0.384843810084414,-0.580843810084414
"24",3.33667334669339,-0.375175460713486,3.03607214428858,-0.384843810084414,-0.580843810084414
"25",3.49699398797595,-0.0811061070505701,3.03607214428858,-0.384843810084414,-0.580843810084414
"26",3.57715430861723,-0.205292346098417,3.03607214428858,-0.384843810084414,-0.580843810084414
"27",3.77755511022044,-0.194933863485963,3.03607214428858,-0.384843810084414,-0.580843810084414
"28",3.87775551102204,-0.170993161602323,3.03607214428858,-0.384843810084414,-0.580843810084414
"29",3.91783567134268,-0.209369996186023,3.03607214428858,-0.384843810084414,-0.580843810084414
"30",3.97795591182365,0.0268195185775003,3.03607214428858,-0.384843810084414,-0.580843810084414
