"","x","yplot","target","ftrue","fwrong"
"1",-4.95991983967936,-0.804840844281383,-2.11422845691383,-0.715284563723256,-0.911284563723256
"2",-4.73947895791583,-0.592510641914926,-2.11422845691383,-0.715284563723256,-0.911284563723256
"3",-2.31462925851703,-0.639759790293751,-2.11422845691383,-0.715284563723256,-0.911284563723256
"4",-2.13426853707415,-0.911417625468951,-2.11422845691383,-0.715284563723256,-0.911284563723256
"5",-2.07414829659319,-0.740322739602024,-2.11422845691383,-0.715284563723256,-0.911284563723256
"6",-2.03406813627255,-0.766743895045003,-2.11422845691383,-0.715284563723256,-0.911284563723256
"7",-1.45290581162325,-0.833955124361243,-2.11422845691383,-0.715284563723256,-0.911284563723256
"8",-1.312625250501,-0.580366184043616,-2.11422845691383,-0.715284563723256,-0.911284563723256
"9",-0.91182364729459,-0.580373992981798,-2.11422845691383,-0.715284563723256,-0.911284563723256
"10",-0.230460921843687,-0.643314797151797,-2.11422845691383,-0.715284563723256,-0.911284563723256
"11",-0.130260521042084,-0.594285074417662,-2.11422845691383,-0.715284563723256,-0.911284563723256
"12",-0.0901803607214431,-0.577748294655607,-2.11422845691383,-0.715284563723256,-0.911284563723256
"13",1.39278557114228,-0.425919982424748,-2.11422845691383,-0.715284563723256,-0.911284563723256
"14",1.49298597194389,-0.313874916187071,-2.11422845691383,-0.715284563723256,-0.911284563723256
"15",2.55511022044088,0.0969218856953905,-2.11422845691383,-0.715284563723256,-0.911284563723256
"16",2.95591182364729,0.219138586396985,-2.11422845691383,-0.715284563723256,-0.911284563723256
"17",4.09819639278557,0.557004536223248,-2.11422845691383,-0.715284563723256,-0.911284563723256
"18",4.17835671342685,0.719976968166027,-2.11422845691383,-0.715284563723256,-0.911284563723256
"19",4.23847695390782,0.518082637826246,-2.11422845691383,-0.715284563723256,-0.911284563723256
"20",4.63927855711423,0.800761459591955,-2.11422845691383,-0.715284563723256,-0.911284563723256
