"","x","yplot","target","ftrue","fwrong"
"1",-4.91983967935872,-0.482411592137968,-0.631262525050101,0.0840514024758252,0.280051402475825
"2",-4.8997995991984,-0.362870836416209,-0.631262525050101,0.0840514024758252,0.280051402475825
"3",-2.87575150300601,-0.299847270041274,-0.631262525050101,0.0840514024758252,0.280051402475825
"4",-2.71543086172345,-0.175527880339146,-0.631262525050101,0.0840514024758252,0.280051402475825
"5",-2.09418837675351,-0.108555907042095,-0.631262525050101,0.0840514024758252,0.280051402475825
"6",-1.41282565130261,-0.0998900686242952,-0.631262525050101,0.0840514024758252,0.280051402475825
"7",-1.35270541082164,0.0990014193471026,-0.631262525050101,0.0840514024758252,0.280051402475825
"8",-1.25250501002004,0.031410282857088,-0.631262525050101,0.0840514024758252,0.280051402475825
"9",-1.2124248496994,0.087409820602035,-0.631262525050101,0.0840514024758252,0.280051402475825
"10",-1.19238476953908,-0.0463457390525957,-0.631262525050101,0.0840514024758252,0.280051402475825
"11",-1.09218436873748,0.146651123241173,-0.631262525050101,0.0840514024758252,0.280051402475825
"12",-1.05210420841683,-0.193606161346815,-0.631262525050101,0.0840514024758252,0.280051402475825
"13",-1.01202404809619,0.0489335930731232,-0.631262525050101,0.0840514024758252,0.280051402475825
"14",-0.991983967935872,0.0134270165435337,-0.631262525050101,0.0840514024758252,0.280051402475825
"15",-0.791583166332665,0.118593538518756,-0.631262525050101,0.0840514024758252,0.280051402475825
"16",-0.731462925851703,-0.033978391139507,-0.631262525050101,0.0840514024758252,0.280051402475825
"17",-0.430861723446894,0.230606762347302,-0.631262525050101,0.0840514024758252,0.280051402475825
"18",-0.410821643286574,-0.0523464065169186,-0.631262525050101,0.0840514024758252,0.280051402475825
"19",-0.330661322645291,0.216077858162045,-0.631262525050101,0.0840514024758252,0.280051402475825
"20",-0.270541082164329,0.20844694065966,-0.631262525050101,0.0840514024758252,0.280051402475825
"21",-0.110220440881764,0.228962105719647,-0.631262525050101,0.0840514024758252,0.280051402475825
"22",-0.0100200400801604,0.382109543031565,-0.631262525050101,0.0840514024758252,0.280051402475825
"23",0.110220440881763,0.0755933415952232,-0.631262525050101,0.0840514024758252,0.280051402475825
"24",0.210420841683367,0.0322038264102477,-0.631262525050101,0.0840514024758252,0.280051402475825
"25",0.270541082164328,0.312628955446227,-0.631262525050101,0.0840514024758252,0.280051402475825
"26",0.350701402805611,0.236509232949768,-0.631262525050101,0.0840514024758252,0.280051402475825
"27",0.93186372745491,0.256604783467494,-0.631262525050101,0.0840514024758252,0.280051402475825
"28",1.35270541082164,0.34090751499479,-0.631262525050101,0.0840514024758252,0.280051402475825
"29",2.15430861723447,0.553809503023997,-0.631262525050101,0.0840514024758252,0.280051402475825
"30",3.85771543086172,0.749256801365168,-0.631262525050101,0.0840514024758252,0.280051402475825
