"","x","yplot","target","ftrue","fwrong"
"1",-4.77955911823647,-0.335398632461046,2.61523046092184,0.138195560742089,-0.0578044392579107
"2",-4.43887775551102,-0.212651978805246,2.61523046092184,0.138195560742089,-0.0578044392579107
"3",-4.27855711422846,-0.163633422730131,2.61523046092184,0.138195560742089,-0.0578044392579107
"4",-4.19839679358717,-0.322444527597645,2.61523046092184,0.138195560742089,-0.0578044392579107
"5",-3.99799599198397,-0.278050966434982,2.61523046092184,0.138195560742089,-0.0578044392579107
"6",-3.95791583166333,-0.275024434477887,2.61523046092184,0.138195560742089,-0.0578044392579107
"7",-3.93787575150301,-0.142002635888907,2.61523046092184,0.138195560742089,-0.0578044392579107
"8",-2.33466933867735,-0.555655536378172,2.61523046092184,0.138195560742089,-0.0578044392579107
"9",-2.27454909819639,-0.510490396749463,2.61523046092184,0.138195560742089,-0.0578044392579107
"10",-1.77354709418838,-0.452704400179743,2.61523046092184,0.138195560742089,-0.0578044392579107
"11",-1.312625250501,-0.553145061293022,2.61523046092184,0.138195560742089,-0.0578044392579107
"12",-0.651302605210421,-0.53078932769906,2.61523046092184,0.138195560742089,-0.0578044392579107
"13",-0.531062124248497,-0.6259312737293,2.61523046092184,0.138195560742089,-0.0578044392579107
"14",-0.470941883767535,-0.5531367026162,2.61523046092184,0.138195560742089,-0.0578044392579107
"15",-0.390781563126253,-0.668031390200955,2.61523046092184,0.138195560742089,-0.0578044392579107
"16",0.290581162324649,-0.465966266513999,2.61523046092184,0.138195560742089,-0.0578044392579107
"17",0.551102204408817,-0.522743799961729,2.61523046092184,0.138195560742089,-0.0578044392579107
"18",0.871743486973948,-0.501998879363295,2.61523046092184,0.138195560742089,-0.0578044392579107
"19",1.05210420841683,-0.475251139037383,2.61523046092184,0.138195560742089,-0.0578044392579107
"20",1.85370741482966,-0.231570734606594,2.61523046092184,0.138195560742089,-0.0578044392579107
"21",1.95390781563126,0.0373202169348439,2.61523046092184,0.138195560742089,-0.0578044392579107
"22",2.09418837675351,-0.195854774975819,2.61523046092184,0.138195560742089,-0.0578044392579107
"23",2.19438877755511,-0.0385070909479927,2.61523046092184,0.138195560742089,-0.0578044392579107
"24",2.33466933867735,0.121770324667567,2.61523046092184,0.138195560742089,-0.0578044392579107
"25",2.5751503006012,0.174761589613703,2.61523046092184,0.138195560742089,-0.0578044392579107
"26",2.77555110220441,0.263535600661703,2.61523046092184,0.138195560742089,-0.0578044392579107
"27",3.17635270541082,0.374561029719088,2.61523046092184,0.138195560742089,-0.0578044392579107
"28",3.39679358717435,0.234085546660097,2.61523046092184,0.138195560742089,-0.0578044392579107
"29",4.03807615230461,0.610619625146424,2.61523046092184,0.138195560742089,-0.0578044392579107
"30",4.45891783567134,0.727952976917192,2.61523046092184,0.138195560742089,-0.0578044392579107
