"","x","yplot","target","ftrue","fwrong"
"1",-4.47895791583166,0.0410012363177457,-0.350701402805611,-0.649229166880352,-0.845229166880352
"2",-3.8376753507014,-0.024423256894579,-0.350701402805611,-0.649229166880352,-0.845229166880352
"3",-2.95591182364729,-0.13302788721001,-0.350701402805611,-0.649229166880352,-0.845229166880352
"4",-2.81563126252505,-0.239525197557736,-0.350701402805611,-0.649229166880352,-0.845229166880352
"5",-2.49498997995992,-0.492609906021738,-0.350701402805611,-0.649229166880352,-0.845229166880352
"6",-1.29258517034068,-0.688228837890282,-0.350701402805611,-0.649229166880352,-0.845229166880352
"7",-1.15230460921844,-0.887242833795467,-0.350701402805611,-0.649229166880352,-0.845229166880352
"8",-1.01202404809619,-0.564270440519632,-0.350701402805611,-0.649229166880352,-0.845229166880352
"9",-0.971943887775551,-0.696781635315356,-0.350701402805611,-0.649229166880352,-0.845229166880352
"10",-0.771543086172345,-0.61931321745531,-0.350701402805611,-0.649229166880352,-0.845229166880352
"11",-0.691382765531062,-0.850187621057585,-0.350701402805611,-0.649229166880352,-0.845229166880352
"12",-0.631262525050101,-0.750884825103065,-0.350701402805611,-0.649229166880352,-0.845229166880352
"13",-0.591182364729459,-0.504286130778114,-0.350701402805611,-0.649229166880352,-0.845229166880352
"14",-0.370741482965932,-0.687173394837181,-0.350701402805611,-0.649229166880352,-0.845229166880352
"15",-0.350701402805611,-0.732420761581917,-0.350701402805611,-0.649229166880352,-0.845229166880352
"16",-0.31062124248497,-0.508656906259658,-0.350701402805611,-0.649229166880352,-0.845229166880352
"17",-0.290581162324649,-0.520633620293712,-0.350701402805611,-0.649229166880352,-0.845229166880352
"18",-0.190380761523047,-0.753174507598291,-0.350701402805611,-0.649229166880352,-0.845229166880352
"19",-0.150300601202405,-0.506947569901719,-0.350701402805611,-0.649229166880352,-0.845229166880352
"20",-0.0901803607214431,-0.53417853665955,-0.350701402805611,-0.649229166880352,-0.845229166880352
"21",0.0100200400801604,-0.406990746765961,-0.350701402805611,-0.649229166880352,-0.845229166880352
"22",0.0300601202404804,-0.505914590495295,-0.350701402805611,-0.649229166880352,-0.845229166880352
"23",0.150300601202405,-0.548184064745916,-0.350701402805611,-0.649229166880352,-0.845229166880352
"24",0.31062124248497,-0.332105384554725,-0.350701402805611,-0.649229166880352,-0.845229166880352
"25",0.410821643286573,-0.152747991689179,-0.350701402805611,-0.649229166880352,-0.845229166880352
"26",0.6312625250501,-0.227117913314716,-0.350701402805611,-0.649229166880352,-0.845229166880352
"27",1.67334669338677,0.479886172220385,-0.350701402805611,-0.649229166880352,-0.845229166880352
"28",2.01402805611222,0.462763267958329,-0.350701402805611,-0.649229166880352,-0.845229166880352
"29",3.67735470941884,0.781635865330718,-0.350701402805611,-0.649229166880352,-0.845229166880352
"30",4.01803607214429,0.275961269272583,-0.350701402805611,-0.649229166880352,-0.845229166880352
