"","x","yplot","target","ftrue","fwrong"
"1",-4.71943887775551,-0.48329701945104,0.751503006012024,0.608337033031934,0.804337033031934
"2",-3.21643286573146,-0.688341849063079,0.751503006012024,0.608337033031934,0.804337033031934
"3",-2.21442885771543,-0.0110104150349291,0.751503006012024,0.608337033031934,0.804337033031934
"4",-1.39278557114228,0.0277651305011158,0.751503006012024,0.608337033031934,0.804337033031934
"5",-1.03206412825651,0.13776525300222,0.751503006012024,0.608337033031934,0.804337033031934
"6",-0.731462925851703,0.345616426179302,0.751503006012024,0.608337033031934,0.804337033031934
"7",-0.631262525050101,0.276427944288467,0.751503006012024,0.608337033031934,0.804337033031934
"8",-0.0501002004008022,0.675977591836778,0.751503006012024,0.608337033031934,0.804337033031934
"9",0.170340681362725,0.574257172149803,0.751503006012024,0.608337033031934,0.804337033031934
"10",0.511022044088176,0.724494721808304,0.751503006012024,0.608337033031934,0.804337033031934
"11",1.51302605210421,0.860162346110304,0.751503006012024,0.608337033031934,0.804337033031934
"12",1.61322645290581,0.764470536554244,0.751503006012024,0.608337033031934,0.804337033031934
"13",1.65330661322645,0.916315273341193,0.751503006012024,0.608337033031934,0.804337033031934
"14",2.43486973947896,0.677402016080003,0.751503006012024,0.608337033031934,0.804337033031934
"15",2.65531062124249,0.701475143100712,0.751503006012024,0.608337033031934,0.804337033031934
"16",3.43687374749499,0.497343670118639,0.751503006012024,0.608337033031934,0.804337033031934
"17",3.51703406813627,0.521484753388617,0.751503006012024,0.608337033031934,0.804337033031934
"18",4.19839679358717,0.356874375340121,0.751503006012024,0.608337033031934,0.804337033031934
"19",4.63927855711423,0.316760043674616,0.751503006012024,0.608337033031934,0.804337033031934
"20",4.77955911823647,0.366523344749875,0.751503006012024,0.608337033031934,0.804337033031934
