"","x","yplot","target","ftrue","fwrong"
"1",-4.85971943887776,-0.146063859979074,1.8937875751503,0.276519475717741,0.0805194757177409
"2",-3.91783567134269,0.295545108565934,1.8937875751503,0.276519475717741,0.0805194757177409
"3",-3.67735470941884,0.148783241836345,1.8937875751503,0.276519475717741,0.0805194757177409
"4",-3.41683366733467,0.140938562395381,1.8937875751503,0.276519475717741,0.0805194757177409
"5",-3.17635270541082,0.338519214140654,1.8937875751503,0.276519475717741,0.0805194757177409
"6",-3.09619238476954,0.209972587248747,1.8937875751503,0.276519475717741,0.0805194757177409
"7",-2.35470941883768,0.409543559221675,1.8937875751503,0.276519475717741,0.0805194757177409
"8",-1.09218436873748,0.480174097489062,1.8937875751503,0.276519475717741,0.0805194757177409
"9",-0.671342685370742,0.484181044597574,1.8937875751503,0.276519475717741,0.0805194757177409
"10",0.591182364729459,0.49820701103386,1.8937875751503,0.276519475717741,0.0805194757177409
"11",0.95190380761523,0.572967493646455,1.8937875751503,0.276519475717741,0.0805194757177409
"12",1.33266533066132,0.28582428196873,1.8937875751503,0.276519475717741,0.0805194757177409
"13",1.59318637274549,0.337245078152275,1.8937875751503,0.276519475717741,0.0805194757177409
"14",2.31462925851703,0.254099006897401,1.8937875751503,0.276519475717741,0.0805194757177409
"15",2.81563126252505,-0.123197002228623,1.8937875751503,0.276519475717741,0.0805194757177409
"16",2.85571142284569,-0.0839773100752256,1.8937875751503,0.276519475717741,0.0805194757177409
"17",3.29659318637274,-0.228927513347906,1.8937875751503,0.276519475717741,0.0805194757177409
"18",3.77755511022044,-0.270954309995011,1.8937875751503,0.276519475717741,0.0805194757177409
"19",4.17835671342685,-0.305952110146519,1.8937875751503,0.276519475717741,0.0805194757177409
"20",4.37875751503006,-0.71501480400163,1.8937875751503,0.276519475717741,0.0805194757177409
