"","x","yplot","target","ftrue","fwrong"
"1",-5,-0.280343768766189,-4.93987975951904,-0.249785204678867,-0.0537852046788669
"2",-4.97995991983968,-0.205649691408454,-4.93987975951904,-0.249785204678867,-0.0537852046788669
"3",-4.91983967935872,-0.202244786926397,-4.93987975951904,-0.249785204678867,-0.0537852046788669
"4",-4.8997995991984,-0.250985102591992,-4.93987975951904,-0.249785204678867,-0.0537852046788669
"5",-4.85971943887776,-0.320193871916072,-4.93987975951904,-0.249785204678867,-0.0537852046788669
"6",-4.83967935871743,-0.211004293542077,-4.93987975951904,-0.249785204678867,-0.0537852046788669
"7",-4.73947895791583,-0.23386898506955,-4.93987975951904,-0.249785204678867,-0.0537852046788669
"8",-4.69939879759519,-0.225269450614552,-4.93987975951904,-0.249785204678867,-0.0537852046788669
"9",-4.59919839679359,-0.219127960298489,-4.93987975951904,-0.249785204678867,-0.0537852046788669
"10",-4.55911823647295,-0.135574932423332,-4.93987975951904,-0.249785204678867,-0.0537852046788669
"11",-4.33867735470942,-0.16183766405745,-4.93987975951904,-0.249785204678867,-0.0537852046788669
"12",-4.3186372745491,-0.433750200800824,-4.93987975951904,-0.249785204678867,-0.0537852046788669
"13",-4.27855711422846,-0.281964701872586,-4.93987975951904,-0.249785204678867,-0.0537852046788669
"14",-4.25851703406814,-0.100291178785255,-4.93987975951904,-0.249785204678867,-0.0537852046788669
"15",-3.47695390781563,0.0910140760829981,-4.93987975951904,-0.249785204678867,-0.0537852046788669
"16",-3.09619238476954,-0.096810482761061,-4.93987975951904,-0.249785204678867,-0.0537852046788669
"17",-2.01402805611222,0.317635246258979,-4.93987975951904,-0.249785204678867,-0.0537852046788669
"18",-0.370741482965932,0.640698507204349,-4.93987975951904,-0.249785204678867,-0.0537852046788669
"19",0.731462925851703,0.776534441767077,-4.93987975951904,-0.249785204678867,-0.0537852046788669
"20",3.91783567134268,0.840912201108442,-4.93987975951904,-0.249785204678867,-0.0537852046788669
