"","x","yplot","target","ftrue","fwrong"
"1",-4.97995991983968,0.542319185752438,-0.551102204408818,0.0875066031057401,-0.10849339689426
"2",-4.91983967935872,0.609436171402586,-0.551102204408818,0.0875066031057401,-0.10849339689426
"3",-3.27655310621242,-0.072606775668179,-0.551102204408818,0.0875066031057401,-0.10849339689426
"4",-3.03607214428858,-0.232684066284951,-0.551102204408818,0.0875066031057401,-0.10849339689426
"5",-2.83567134268537,-0.147533947934372,-0.551102204408818,0.0875066031057401,-0.10849339689426
"6",-2.71543086172345,0.133026212554022,-0.551102204408818,0.0875066031057401,-0.10849339689426
"7",-1.53306613226453,-0.132608085790722,-0.551102204408818,0.0875066031057401,-0.10849339689426
"8",-1.49298597194389,0.0918241965051042,-0.551102204408818,0.0875066031057401,-0.10849339689426
"9",-1.45290581162325,0.0785323373076274,-0.551102204408818,0.0875066031057401,-0.10849339689426
"10",-1.37274549098196,0.395238805504384,-0.551102204408818,0.0875066031057401,-0.10849339689426
"11",-1.29258517034068,0.256893787213942,-0.551102204408818,0.0875066031057401,-0.10849339689426
"12",-1.25250501002004,0.305275482657844,-0.551102204408818,0.0875066031057401,-0.10849339689426
"13",-1.19238476953908,0.0434558024579682,-0.551102204408818,0.0875066031057401,-0.10849339689426
"14",-1.13226452905812,0.160551667446579,-0.551102204408818,0.0875066031057401,-0.10849339689426
"15",-0.971943887775551,-0.00743152267772426,-0.551102204408818,0.0875066031057401,-0.10849339689426
"16",-0.91182364729459,0.178106144683319,-0.551102204408818,0.0875066031057401,-0.10849339689426
"17",-0.831663326653307,0.157596719910607,-0.551102204408818,0.0875066031057401,-0.10849339689426
"18",-0.811623246492986,0.227753111761715,-0.551102204408818,0.0875066031057401,-0.10849339689426
"19",-0.751503006012024,0.207809036362227,-0.551102204408818,0.0875066031057401,-0.10849339689426
"20",-0.711422845691383,0.282207849649105,-0.551102204408818,0.0875066031057401,-0.10849339689426
"21",-0.691382765531062,0.310593977086885,-0.551102204408818,0.0875066031057401,-0.10849339689426
"22",-0.571142284569138,0.106507144606534,-0.551102204408818,0.0875066031057401,-0.10849339689426
"23",-0.490981963927856,0.127296199856319,-0.551102204408818,0.0875066031057401,-0.10849339689426
"24",-0.470941883767535,-0.0322773115667173,-0.551102204408818,0.0875066031057401,-0.10849339689426
"25",-0.350701402805611,0.0886858726760852,-0.551102204408818,0.0875066031057401,-0.10849339689426
"26",-0.110220440881764,-0.122938325903973,-0.551102204408818,0.0875066031057401,-0.10849339689426
"27",-0.0300601202404813,-0.144356030487424,-0.551102204408818,0.0875066031057401,-0.10849339689426
"28",0.0901803607214431,-0.164237013634245,-0.551102204408818,0.0875066031057401,-0.10849339689426
"29",0.130260521042084,-0.234351915960123,-0.551102204408818,0.0875066031057401,-0.10849339689426
"30",0.190380761523046,-0.235098555288779,-0.551102204408818,0.0875066031057401,-0.10849339689426
"31",0.270541082164328,-0.437610369161702,-0.551102204408818,0.0875066031057401,-0.10849339689426
"32",0.290581162324649,-0.255371471547842,-0.551102204408818,0.0875066031057401,-0.10849339689426
"33",0.390781563126252,-0.298309047169706,-0.551102204408818,0.0875066031057401,-0.10849339689426
"34",0.430861723446894,-0.43686159642396,-0.551102204408818,0.0875066031057401,-0.10849339689426
"35",0.771543086172344,-0.568951812764915,-0.551102204408818,0.0875066031057401,-0.10849339689426
"36",0.911823647294589,-0.763252335866098,-0.551102204408818,0.0875066031057401,-0.10849339689426
"37",2.39478957915832,-0.805629221902418,-0.551102204408818,0.0875066031057401,-0.10849339689426
"38",3.81763527054108,-0.612049009750383,-0.551102204408818,0.0875066031057401,-0.10849339689426
"39",4.03807615230461,-0.744460163970977,-0.551102204408818,0.0875066031057401,-0.10849339689426
"40",4.23847695390782,-0.794169692843883,-0.551102204408818,0.0875066031057401,-0.10849339689426
