"","x","yplot","target","ftrue","fwrong"
"1",-4.83967935871743,-0.444646088359447,-4.65931863727455,-0.402399223406441,-0.206399223406441
"2",-4.57915831663327,-0.512365799082039,-4.65931863727455,-0.402399223406441,-0.206399223406441
"3",-4.47895791583166,-0.540361404863308,-4.65931863727455,-0.402399223406441,-0.206399223406441
"4",-4.29859719438878,-0.360413053637565,-4.65931863727455,-0.402399223406441,-0.206399223406441
"5",-4.15831663326653,-0.407327861101157,-4.65931863727455,-0.402399223406441,-0.206399223406441
"6",-3.93787575150301,-0.29981471020577,-4.65931863727455,-0.402399223406441,-0.206399223406441
"7",-3.69739478957916,-0.401469384446644,-4.65931863727455,-0.402399223406441,-0.206399223406441
"8",-1.25250501002004,-0.0890520522110602,-4.65931863727455,-0.402399223406441,-0.206399223406441
"9",0.751503006012024,0.210532685025955,-4.65931863727455,-0.402399223406441,-0.206399223406441
"10",3.91783567134268,0.886427965006822,-4.65931863727455,-0.402399223406441,-0.206399223406441
