"","x","yplot","target","ftrue","fwrong"
"1",-4.95991983967936,-0.162853837765693,-4.03807615230461,0.181891519166135,-0.0141084808338654
"2",-4.79959919839679,0.160665197937637,-4.03807615230461,0.181891519166135,-0.0141084808338654
"3",-4.27855711422846,0.119121530568673,-4.03807615230461,0.181891519166135,-0.0141084808338654
"4",-4.11823647294589,0.317520886919138,-4.03807615230461,0.181891519166135,-0.0141084808338654
"5",-4.07815631262525,0.378149651161122,-4.03807615230461,0.181891519166135,-0.0141084808338654
"6",-3.95791583166333,0.1308482174902,-4.03807615230461,0.181891519166135,-0.0141084808338654
"7",-3.67735470941884,0.303930801876539,-4.03807615230461,0.181891519166135,-0.0141084808338654
"8",-3.65731462925852,0.112422863804356,-4.03807615230461,0.181891519166135,-0.0141084808338654
"9",-3.59719438877756,0.440720125741991,-4.03807615230461,0.181891519166135,-0.0141084808338654
"10",-3.47695390781563,0.186224113294123,-4.03807615230461,0.181891519166135,-0.0141084808338654
"11",-3.43687374749499,0.274797395673938,-4.03807615230461,0.181891519166135,-0.0141084808338654
"12",-3.41683366733467,0.345962590449227,-4.03807615230461,0.181891519166135,-0.0141084808338654
"13",-2.4749498997996,0.198016863414373,-4.03807615230461,0.181891519166135,-0.0141084808338654
"14",-2.13426853707415,0.291790529819227,-4.03807615230461,0.181891519166135,-0.0141084808338654
"15",-1.97394789579158,0.416719569752413,-4.03807615230461,0.181891519166135,-0.0141084808338654
"16",-1.93386773547094,0.348744493024568,-4.03807615230461,0.181891519166135,-0.0141084808338654
"17",-1.85370741482966,0.415118612846948,-4.03807615230461,0.181891519166135,-0.0141084808338654
"18",-1.39278557114228,0.33843222064456,-4.03807615230461,0.181891519166135,-0.0141084808338654
"19",-1.17234468937876,0.303988151084709,-4.03807615230461,0.181891519166135,-0.0141084808338654
"20",-1.1122244488978,0.283669080025185,-4.03807615230461,0.181891519166135,-0.0141084808338654
"21",-0.851703406813628,0.273952528123505,-4.03807615230461,0.181891519166135,-0.0141084808338654
"22",-0.711422845691383,0.424016513306964,-4.03807615230461,0.181891519166135,-0.0141084808338654
"23",-0.571142284569138,0.220538597004442,-4.03807615230461,0.181891519166135,-0.0141084808338654
"24",-0.350701402805611,0.345701698300897,-4.03807615230461,0.181891519166135,-0.0141084808338654
"25",-0.31062124248497,0.407219313671578,-4.03807615230461,0.181891519166135,-0.0141084808338654
"26",0.0300601202404804,0.125734328027268,-4.03807615230461,0.181891519166135,-0.0141084808338654
"27",0.851703406813627,0.216598103281877,-4.03807615230461,0.181891519166135,-0.0141084808338654
"28",1.03206412825651,0.266896163662964,-4.03807615230461,0.181891519166135,-0.0141084808338654
"29",1.13226452905812,0.149470372850886,-4.03807615230461,0.181891519166135,-0.0141084808338654
"30",1.47294589178357,0.168727987344399,-4.03807615230461,0.181891519166135,-0.0141084808338654
"31",1.73346693386774,-0.0834373942519113,-4.03807615230461,0.181891519166135,-0.0141084808338654
"32",2.4749498997996,-0.175071209331241,-4.03807615230461,0.181891519166135,-0.0141084808338654
"33",3.11623246492986,-0.205419276489036,-4.03807615230461,0.181891519166135,-0.0141084808338654
"34",3.7374749498998,-0.502756712976663,-4.03807615230461,0.181891519166135,-0.0141084808338654
"35",3.75751503006012,-0.317260172769627,-4.03807615230461,0.181891519166135,-0.0141084808338654
"36",3.81763527054108,-0.614910280748422,-4.03807615230461,0.181891519166135,-0.0141084808338654
"37",3.95791583166333,-0.494735291581004,-4.03807615230461,0.181891519166135,-0.0141084808338654
"38",4.03807615230461,-0.626269368589387,-4.03807615230461,0.181891519166135,-0.0141084808338654
"39",4.07815631262525,-0.800000040936568,-4.03807615230461,0.181891519166135,-0.0141084808338654
"40",4.83967935871743,-0.904011078194752,-4.03807615230461,0.181891519166135,-0.0141084808338654
