"","x","yplot","target","ftrue","fwrong"
"1",-5,-0.189253548703123,-4.49899799599198,-0.295446718768566,-0.491446718768566
"2",-4.85971943887776,-0.399107861144466,-4.49899799599198,-0.295446718768566,-0.491446718768566
"3",-4.81963927855711,-0.270126969043127,-4.49899799599198,-0.295446718768566,-0.491446718768566
"4",-4.77955911823647,-0.261619010200153,-4.49899799599198,-0.295446718768566,-0.491446718768566
"5",-4.63927855711423,-0.493028744380618,-4.49899799599198,-0.295446718768566,-0.491446718768566
"6",-4.51903807615231,-0.240873749449555,-4.49899799599198,-0.295446718768566,-0.491446718768566
"7",-4.43887775551102,-0.226461773903088,-4.49899799599198,-0.295446718768566,-0.491446718768566
"8",-4.37875751503006,-0.157499077333437,-4.49899799599198,-0.295446718768566,-0.491446718768566
"9",-4.3186372745491,-0.404965562675963,-4.49899799599198,-0.295446718768566,-0.491446718768566
"10",-4.27855711422846,-0.1807320647632,-4.49899799599198,-0.295446718768566,-0.491446718768566
"11",-4.25851703406814,-0.372820499598904,-4.49899799599198,-0.295446718768566,-0.491446718768566
"12",-4.11823647294589,-0.418147330929963,-4.49899799599198,-0.295446718768566,-0.491446718768566
"13",-4.09819639278557,-0.153911133224767,-4.49899799599198,-0.295446718768566,-0.491446718768566
"14",-4.03807615230461,-0.341078779742392,-4.49899799599198,-0.295446718768566,-0.491446718768566
"15",-3.85771543086172,-0.321882087895037,-4.49899799599198,-0.295446718768566,-0.491446718768566
"16",-3.8376753507014,-0.347047403569597,-4.49899799599198,-0.295446718768566,-0.491446718768566
"17",-3.77755511022044,-0.218418115271997,-4.49899799599198,-0.295446718768566,-0.491446718768566
"18",-3.71743486973948,-0.311078255026822,-4.49899799599198,-0.295446718768566,-0.491446718768566
"19",-3.61723446893788,-0.104171212717452,-4.49899799599198,-0.295446718768566,-0.491446718768566
"20",-3.59719438877756,-0.250034742396648,-4.49899799599198,-0.295446718768566,-0.491446718768566
"21",-3.53707414829659,-0.155682758770114,-4.49899799599198,-0.295446718768566,-0.491446718768566
"22",-3.37675350701403,-0.177946583003209,-4.49899799599198,-0.295446718768566,-0.491446718768566
"23",-3.11623246492986,-0.0475824985457151,-4.49899799599198,-0.295446718768566,-0.491446718768566
"24",-1.47294589178357,0.428778008369489,-4.49899799599198,-0.295446718768566,-0.491446718768566
"25",0.31062124248497,0.205681151540083,-4.49899799599198,-0.295446718768566,-0.491446718768566
"26",2.81563126252505,-0.741546008006048,-4.49899799599198,-0.295446718768566,-0.491446718768566
"27",3.11623246492986,-0.690577130483872,-4.49899799599198,-0.295446718768566,-0.491446718768566
"28",4.11823647294589,-0.767893792905393,-4.49899799599198,-0.295446718768566,-0.491446718768566
"29",4.21843687374749,-0.80348046203588,-4.49899799599198,-0.295446718768566,-0.491446718768566
"30",4.97995991983968,-0.551334574927975,-4.49899799599198,-0.295446718768566,-0.491446718768566
