"","x","yplot","target","ftrue","fwrong"
"1",-4.73947895791583,-0.767482259590063,-1.43286573146293,-0.28736982269824,-0.48336982269824
"2",-4.13827655310621,-0.635154503661946,-1.43286573146293,-0.28736982269824,-0.48336982269824
"3",-3.69739478957916,-0.344378352113708,-1.43286573146293,-0.28736982269824,-0.48336982269824
"4",-3.39679358717435,-0.457449800888928,-1.43286573146293,-0.28736982269824,-0.48336982269824
"5",-3.21643286573146,-0.289624733896498,-1.43286573146293,-0.28736982269824,-0.48336982269824
"6",-3.13627254509018,-0.580880705061699,-1.43286573146293,-0.28736982269824,-0.48336982269824
"7",-2.75551102204409,-0.440538056738482,-1.43286573146293,-0.28736982269824,-0.48336982269824
"8",-2.67535070140281,-0.481117300111072,-1.43286573146293,-0.28736982269824,-0.48336982269824
"9",-2.39478957915832,-0.32381339963554,-1.43286573146293,-0.28736982269824,-0.48336982269824
"10",-2.33466933867735,-0.421030988684704,-1.43286573146293,-0.28736982269824,-0.48336982269824
"11",-1.85370741482966,-0.416227108131963,-1.43286573146293,-0.28736982269824,-0.48336982269824
"12",-1.73346693386774,-0.303749058023749,-1.43286573146293,-0.28736982269824,-0.48336982269824
"13",-1.65330661322645,-0.208697367417371,-1.43286573146293,-0.28736982269824,-0.48336982269824
"14",-1.41282565130261,-0.296691034636482,-1.43286573146293,-0.28736982269824,-0.48336982269824
"15",-1.35270541082164,-0.243389577021683,-1.43286573146293,-0.28736982269824,-0.48336982269824
"16",-1.25250501002004,-0.479076685271011,-1.43286573146293,-0.28736982269824,-0.48336982269824
"17",-1.23246492985972,-0.251347900799197,-1.43286573146293,-0.28736982269824,-0.48336982269824
"18",-1.19238476953908,-0.292865447531843,-1.43286573146293,-0.28736982269824,-0.48336982269824
"19",-0.631262525050101,-0.120230345919858,-1.43286573146293,-0.28736982269824,-0.48336982269824
"20",-0.450901803607215,-0.0608613758065699,-1.43286573146293,-0.28736982269824,-0.48336982269824
"21",-0.350701402805611,-0.00777439291054222,-1.43286573146293,-0.28736982269824,-0.48336982269824
"22",-0.190380761523047,-0.144618815168853,-1.43286573146293,-0.28736982269824,-0.48336982269824
"23",0.230460921843687,-0.163923321624969,-1.43286573146293,-0.28736982269824,-0.48336982269824
"24",1.1122244488978,0.161666141741719,-1.43286573146293,-0.28736982269824,-0.48336982269824
"25",1.59318637274549,0.0399038689909457,-1.43286573146293,-0.28736982269824,-0.48336982269824
"26",1.7935871743487,0.0545939777183077,-1.43286573146293,-0.28736982269824,-0.48336982269824
"27",1.81362725450902,-0.0792734382126134,-1.43286573146293,-0.28736982269824,-0.48336982269824
"28",2.4749498997996,0.271452856157752,-1.43286573146293,-0.28736982269824,-0.48336982269824
"29",2.71543086172345,0.391909511054003,-1.43286573146293,-0.28736982269824,-0.48336982269824
"30",2.75551102204409,0.341751708896941,-1.43286573146293,-0.28736982269824,-0.48336982269824
"31",2.97595190380761,0.291800783720052,-1.43286573146293,-0.28736982269824,-0.48336982269824
"32",3.13627254509018,0.620781287170462,-1.43286573146293,-0.28736982269824,-0.48336982269824
"33",3.17635270541082,0.382258606253426,-1.43286573146293,-0.28736982269824,-0.48336982269824
"34",3.19639278557114,0.472055062275677,-1.43286573146293,-0.28736982269824,-0.48336982269824
"35",3.2565130260521,0.444701984117129,-1.43286573146293,-0.28736982269824,-0.48336982269824
"36",3.53707414829659,0.550719759596522,-1.43286573146293,-0.28736982269824,-0.48336982269824
"37",3.71743486973948,0.52048159545799,-1.43286573146293,-0.28736982269824,-0.48336982269824
"38",4.39879759519038,0.583448738415138,-1.43286573146293,-0.28736982269824,-0.48336982269824
"39",4.55911823647295,0.936429440744545,-1.43286573146293,-0.28736982269824,-0.48336982269824
"40",4.67935871743487,0.818795645968853,-1.43286573146293,-0.28736982269824,-0.48336982269824
