"","x","yplot","target","ftrue","fwrong"
"1",-3.93787575150301,0.577202241748049,2.77555110220441,-0.659400414066899,-0.463400414066899
"2",-3.7374749498998,0.586994668606752,2.77555110220441,-0.659400414066899,-0.463400414066899
"3",-3.37675350701403,0.577056124254164,2.77555110220441,-0.659400414066899,-0.463400414066899
"4",-1.35270541082164,0.240403743345306,2.77555110220441,-0.659400414066899,-0.463400414066899
"5",-1.25250501002004,0.11539744391005,2.77555110220441,-0.659400414066899,-0.463400414066899
"6",1.57314629258517,-0.536641084228953,2.77555110220441,-0.659400414066899,-0.463400414066899
"7",2.09418837675351,-0.548705432470104,2.77555110220441,-0.659400414066899,-0.463400414066899
"8",2.33466933867735,-0.617241584200814,2.77555110220441,-0.659400414066899,-0.463400414066899
"9",2.374749498998,-0.508750529930194,2.77555110220441,-0.659400414066899,-0.463400414066899
"10",2.4749498997996,-0.623401395780736,2.77555110220441,-0.659400414066899,-0.463400414066899
"11",2.5751503006012,-0.653724911625557,2.77555110220441,-0.659400414066899,-0.463400414066899
"12",2.91583166332665,-0.819195010843767,2.77555110220441,-0.659400414066899,-0.463400414066899
"13",2.93587174348697,-0.830569900733715,2.77555110220441,-0.659400414066899,-0.463400414066899
"14",3.01603206412826,-0.52417122803452,2.77555110220441,-0.659400414066899,-0.463400414066899
"15",3.03607214428858,-0.837067193901237,2.77555110220441,-0.659400414066899,-0.463400414066899
"16",3.07615230460922,-0.816353233360437,2.77555110220441,-0.659400414066899,-0.463400414066899
"17",3.09619238476954,-0.866278459021378,2.77555110220441,-0.659400414066899,-0.463400414066899
"18",3.31663326653307,-0.557261892069116,2.77555110220441,-0.659400414066899,-0.463400414066899
"19",3.55711422845691,-0.667578562555623,2.77555110220441,-0.659400414066899,-0.463400414066899
"20",3.67735470941884,-0.582214117395695,2.77555110220441,-0.659400414066899,-0.463400414066899
