"","x","yplot","target","ftrue","fwrong"
"1",-4.87975951903808,0.843567971598284,-1.13226452905812,-0.00438187229242242,0.191618127707578
"2",-4.33867735470942,0.706877435920817,-1.13226452905812,-0.00438187229242242,0.191618127707578
"3",-4.13827655310621,0.564578101473104,-1.13226452905812,-0.00438187229242242,0.191618127707578
"4",-4.01803607214429,0.793508596481031,-1.13226452905812,-0.00438187229242242,0.191618127707578
"5",-3.87775551102204,0.570433175358905,-1.13226452905812,-0.00438187229242242,0.191618127707578
"6",-3.75751503006012,0.81298361565032,-1.13226452905812,-0.00438187229242242,0.191618127707578
"7",-3.59719438877756,0.830249081584877,-1.13226452905812,-0.00438187229242242,0.191618127707578
"8",-3.43687374749499,0.660598943948222,-1.13226452905812,-0.00438187229242242,0.191618127707578
"9",-3.21643286573146,0.532076942429116,-1.13226452905812,-0.00438187229242242,0.191618127707578
"10",-2.99599198396794,0.522508566528072,-1.13226452905812,-0.00438187229242242,0.191618127707578
"11",-2.97595190380762,0.427394834522079,-1.13226452905812,-0.00438187229242242,0.191618127707578
"12",-2.81563126252505,0.599502837395584,-1.13226452905812,-0.00438187229242242,0.191618127707578
"13",-2.79559118236473,0.513633075433703,-1.13226452905812,-0.00438187229242242,0.191618127707578
"14",-2.67535070140281,0.493250027319389,-1.13226452905812,-0.00438187229242242,0.191618127707578
"15",-2.35470941883768,0.381168510217233,-1.13226452905812,-0.00438187229242242,0.191618127707578
"16",-2.11422845691383,0.207538438301862,-1.13226452905812,-0.00438187229242242,0.191618127707578
"17",-2.09418837675351,0.359922263115322,-1.13226452905812,-0.00438187229242242,0.191618127707578
"18",-1.93386773547094,0.146193811572138,-1.13226452905812,-0.00438187229242242,0.191618127707578
"19",-1.91382765531062,0.131637937040204,-1.13226452905812,-0.00438187229242242,0.191618127707578
"20",-1.83366733466934,0.0323176549755576,-1.13226452905812,-0.00438187229242242,0.191618127707578
"21",-1.75350701402806,0.236402089087285,-1.13226452905812,-0.00438187229242242,0.191618127707578
"22",-1.57314629258517,0.128914203192838,-1.13226452905812,-0.00438187229242242,0.191618127707578
"23",-1.55310621242485,0.166681984224427,-1.13226452905812,-0.00438187229242242,0.191618127707578
"24",-1.37274549098196,0.00759174321718903,-1.13226452905812,-0.00438187229242242,0.191618127707578
"25",-1.27254509018036,0.19867914061569,-1.13226452905812,-0.00438187229242242,0.191618127707578
"26",-1.25250501002004,-0.059381251887197,-1.13226452905812,-0.00438187229242242,0.191618127707578
"27",-1.2124248496994,-0.14113322782771,-1.13226452905812,-0.00438187229242242,0.191618127707578
"28",-0.61122244488978,-0.164582884327707,-1.13226452905812,-0.00438187229242242,0.191618127707578
"29",-0.410821643286574,-0.0237315015006056,-1.13226452905812,-0.00438187229242242,0.191618127707578
"30",-0.230460921843687,-0.123595968693917,-1.13226452905812,-0.00438187229242242,0.191618127707578
"31",0.0300601202404804,-0.238061910663654,-1.13226452905812,-0.00438187229242242,0.191618127707578
"32",0.0501002004008013,-0.281036084961347,-1.13226452905812,-0.00438187229242242,0.191618127707578
"33",0.511022044088176,-0.315017230420609,-1.13226452905812,-0.00438187229242242,0.191618127707578
"34",0.611222444889779,-0.269931313000325,-1.13226452905812,-0.00438187229242242,0.191618127707578
"35",0.6312625250501,-0.527611217515586,-1.13226452905812,-0.00438187229242242,0.191618127707578
"36",0.691382765531062,-0.259958345551794,-1.13226452905812,-0.00438187229242242,0.191618127707578
"37",1.85370741482966,-0.593080541219088,-1.13226452905812,-0.00438187229242242,0.191618127707578
"38",1.91382765531062,-0.572991961506882,-1.13226452905812,-0.00438187229242242,0.191618127707578
"39",1.97394789579158,-0.603176445087837,-1.13226452905812,-0.00438187229242242,0.191618127707578
"40",2.19438877755511,-0.479241887261292,-1.13226452905812,-0.00438187229242242,0.191618127707578
"41",3.19639278557114,-0.714858282094227,-1.13226452905812,-0.00438187229242242,0.191618127707578
"42",3.37675350701403,-0.969710943766976,-1.13226452905812,-0.00438187229242242,0.191618127707578
"43",3.55711422845691,-0.843294364171796,-1.13226452905812,-0.00438187229242242,0.191618127707578
"44",3.97795591182365,-0.751232522321156,-1.13226452905812,-0.00438187229242242,0.191618127707578
"45",4.07815631262525,-1.01309991073457,-1.13226452905812,-0.00438187229242242,0.191618127707578
"46",4.19839679358717,-0.8444184763773,-1.13226452905812,-0.00438187229242242,0.191618127707578
"47",4.61923847695391,-1.01097803046383,-1.13226452905812,-0.00438187229242242,0.191618127707578
"48",4.69939879759519,-0.894385411088918,-1.13226452905812,-0.00438187229242242,0.191618127707578
"49",4.81963927855711,-0.839453251123196,-1.13226452905812,-0.00438187229242242,0.191618127707578
"50",4.8997995991984,-0.913447009187585,-1.13226452905812,-0.00438187229242242,0.191618127707578
