"","x","yplot","target","ftrue","fwrong"
"1",-4.73947895791583,0.764788330602663,-0.0501002004008022,-0.270604692949792,-0.466604692949792
"2",-4.61923847695391,0.936278328393701,-0.0501002004008022,-0.270604692949792,-0.466604692949792
"3",-3.29659318637275,0.261092942467841,-0.0501002004008022,-0.270604692949792,-0.466604692949792
"4",-2.33466933867735,0.132420137243529,-0.0501002004008022,-0.270604692949792,-0.466604692949792
"5",-2.29458917835671,0.0884942321761796,-0.0501002004008022,-0.270604692949792,-0.466604692949792
"6",-1.17234468937876,-0.123842725350716,-0.0501002004008022,-0.270604692949792,-0.466604692949792
"7",-1.01202404809619,-0.116593448475919,-0.0501002004008022,-0.270604692949792,-0.466604692949792
"8",-0.971943887775551,-0.0530817255157944,-0.0501002004008022,-0.270604692949792,-0.466604692949792
"9",-0.851703406813628,-0.166713793316932,-0.0501002004008022,-0.270604692949792,-0.466604692949792
"10",-0.711422845691383,-0.227894100199793,-0.0501002004008022,-0.270604692949792,-0.466604692949792
"11",-0.691382765531062,-0.176644079192896,-0.0501002004008022,-0.270604692949792,-0.466604692949792
"12",-0.61122244488978,-0.161105214573022,-0.0501002004008022,-0.270604692949792,-0.466604692949792
"13",-0.350701402805611,-0.333556592923656,-0.0501002004008022,-0.270604692949792,-0.466604692949792
"14",-0.270541082164329,-0.267094128603701,-0.0501002004008022,-0.270604692949792,-0.466604692949792
"15",-0.230460921843687,-0.203444608229936,-0.0501002004008022,-0.270604692949792,-0.466604692949792
"16",-0.170340681362726,-0.329999781256675,-0.0501002004008022,-0.270604692949792,-0.466604692949792
"17",-0.0300601202404813,-0.262246628602652,-0.0501002004008022,-0.270604692949792,-0.466604692949792
"18",0.110220440881763,-0.289820514801222,-0.0501002004008022,-0.270604692949792,-0.466604692949792
"19",0.270541082164328,-0.23311422935557,-0.0501002004008022,-0.270604692949792,-0.466604692949792
"20",0.31062124248497,-0.309101713099515,-0.0501002004008022,-0.270604692949792,-0.466604692949792
"21",0.33066132264529,-0.387060229895196,-0.0501002004008022,-0.270604692949792,-0.466604692949792
"22",0.350701402805611,-0.123664406416491,-0.0501002004008022,-0.270604692949792,-0.466604692949792
"23",0.370741482965932,-0.351000753192802,-0.0501002004008022,-0.270604692949792,-0.466604692949792
"24",0.611222444889779,-0.382936663702878,-0.0501002004008022,-0.270604692949792,-0.466604692949792
"25",0.791583166332665,-0.438091191124628,-0.0501002004008022,-0.270604692949792,-0.466604692949792
"26",0.871743486973948,-0.14202749380363,-0.0501002004008022,-0.270604692949792,-0.466604692949792
"27",0.911823647294589,-0.316586905789571,-0.0501002004008022,-0.270604692949792,-0.466604692949792
"28",1.53306613226453,-0.482718866088089,-0.0501002004008022,-0.270604692949792,-0.466604692949792
"29",2.83567134268537,-0.6554490137924,-0.0501002004008022,-0.270604692949792,-0.466604692949792
"30",2.99599198396794,-0.597786054986958,-0.0501002004008022,-0.270604692949792,-0.466604692949792
