"","x","yplot","target","ftrue","fwrong"
"1",-4.51903807615231,-0.996664224443207,2.01402805611222,0.803209906607614,0.607209906607614
"2",-4.45891783567134,-0.749784373369606,2.01402805611222,0.803209906607614,0.607209906607614
"3",-3.85771543086172,-0.752977214401146,2.01402805611222,0.803209906607614,0.607209906607614
"4",-3.77755511022044,-0.515646659746819,2.01402805611222,0.803209906607614,0.607209906607614
"5",-3.17635270541082,-0.341019232114026,2.01402805611222,0.803209906607614,0.607209906607614
"6",-3.13627254509018,-0.446214952903973,2.01402805611222,0.803209906607614,0.607209906607614
"7",-1.312625250501,0.336824482399217,2.01402805611222,0.803209906607614,0.607209906607614
"8",-1.23246492985972,0.26890952522434,2.01402805611222,0.803209906607614,0.607209906607614
"9",-1.07214428857715,0.227211989373393,2.01402805611222,0.803209906607614,0.607209906607614
"10",-0.91182364729459,0.537476474919637,2.01402805611222,0.803209906607614,0.607209906607614
"11",-0.811623246492986,0.444923383689053,2.01402805611222,0.803209906607614,0.607209906607614
"12",-0.751503006012024,0.575078330191409,2.01402805611222,0.803209906607614,0.607209906607614
"13",-0.470941883767535,0.664301857762972,2.01402805611222,0.803209906607614,0.607209906607614
"14",0.751503006012024,0.919338326215892,2.01402805611222,0.803209906607614,0.607209906607614
"15",1.05210420841683,0.665203802471434,2.01402805611222,0.803209906607614,0.607209906607614
"16",1.1122244488978,0.958554391265994,2.01402805611222,0.803209906607614,0.607209906607614
"17",1.33266533066132,0.667977733762606,2.01402805611222,0.803209906607614,0.607209906607614
"18",1.4128256513026,0.780430493949587,2.01402805611222,0.803209906607614,0.607209906607614
"19",1.51302605210421,0.823771148535691,2.01402805611222,0.803209906607614,0.607209906607614
"20",1.57314629258517,0.833025971280451,2.01402805611222,0.803209906607614,0.607209906607614
"21",1.75350701402806,0.858425778222472,2.01402805611222,0.803209906607614,0.607209906607614
"22",1.81362725450902,0.77545027882448,2.01402805611222,0.803209906607614,0.607209906607614
"23",1.83366733466934,0.779818683845712,2.01402805611222,0.803209906607614,0.607209906607614
"24",1.85370741482966,0.940439220231512,2.01402805611222,0.803209906607614,0.607209906607614
"25",1.93386773547094,0.74844622431887,2.01402805611222,0.803209906607614,0.607209906607614
"26",1.95390781563126,0.930733637999562,2.01402805611222,0.803209906607614,0.607209906607614
"27",2.01402805611222,0.859002151739641,2.01402805611222,0.803209906607614,0.607209906607614
"28",2.09418837675351,1.03355425465231,2.01402805611222,0.803209906607614,0.607209906607614
"29",2.15430861723447,0.966846928183666,2.01402805611222,0.803209906607614,0.607209906607614
"30",2.17434869739479,0.818876414941849,2.01402805611222,0.803209906607614,0.607209906607614
"31",2.19438877755511,0.635645503154028,2.01402805611222,0.803209906607614,0.607209906607614
"32",2.21442885771543,0.818770322176128,2.01402805611222,0.803209906607614,0.607209906607614
"33",2.25450901803607,0.798400830624428,2.01402805611222,0.803209906607614,0.607209906607614
"34",2.27454909819639,0.827578969212288,2.01402805611222,0.803209906607614,0.607209906607614
"35",2.29458917835671,0.704028231229956,2.01402805611222,0.803209906607614,0.607209906607614
"36",2.35470941883768,0.732414488413593,2.01402805611222,0.803209906607614,0.607209906607614
"37",2.374749498998,0.843985663429616,2.01402805611222,0.803209906607614,0.607209906607614
"38",2.39478957915832,0.805480117286509,2.01402805611222,0.803209906607614,0.607209906607614
"39",2.43486973947896,0.895130292160861,2.01402805611222,0.803209906607614,0.607209906607614
"40",2.4749498997996,0.72276610996879,2.01402805611222,0.803209906607614,0.607209906607614
"41",2.67535070140281,0.715121132871496,2.01402805611222,0.803209906607614,0.607209906607614
"42",2.69539078156313,0.765547633039991,2.01402805611222,0.803209906607614,0.607209906607614
"43",2.71543086172345,0.795653850324451,2.01402805611222,0.803209906607614,0.607209906607614
"44",2.81563126252505,0.851689908073908,2.01402805611222,0.803209906607614,0.607209906607614
"45",2.85571142284569,0.695483167310348,2.01402805611222,0.803209906607614,0.607209906607614
"46",2.93587174348697,0.492854249880588,2.01402805611222,0.803209906607614,0.607209906607614
"47",2.95591182364729,0.750581358067595,2.01402805611222,0.803209906607614,0.607209906607614
"48",2.97595190380761,0.804663529283198,2.01402805611222,0.803209906607614,0.607209906607614
"49",2.99599198396794,0.792499052971451,2.01402805611222,0.803209906607614,0.607209906607614
"50",3.45691382765531,0.541755541147871,2.01402805611222,0.803209906607614,0.607209906607614
