"","x","yplot","target","ftrue","fwrong"
"1",-4.61923847695391,-0.58794352738013,-0.971943887775551,-0.281320969495762,-0.477320969495762
"2",-4.43887775551102,-0.509575505814525,-0.971943887775551,-0.281320969495762,-0.477320969495762
"3",-4.39879759519038,-0.629382824738015,-0.971943887775551,-0.281320969495762,-0.477320969495762
"4",-4.25851703406814,-0.57699618775113,-0.971943887775551,-0.281320969495762,-0.477320969495762
"5",-3.99799599198397,-0.516552308325631,-0.971943887775551,-0.281320969495762,-0.477320969495762
"6",-3.43687374749499,-0.45806600205595,-0.971943887775551,-0.281320969495762,-0.477320969495762
"7",-3.33667334669339,-0.243171934515235,-0.971943887775551,-0.281320969495762,-0.477320969495762
"8",-2.93587174348697,-0.48587043888936,-0.971943887775551,-0.281320969495762,-0.477320969495762
"9",-2.79559118236473,-0.310168470115457,-0.971943887775551,-0.281320969495762,-0.477320969495762
"10",-2.67535070140281,-0.230373189260714,-0.971943887775551,-0.281320969495762,-0.477320969495762
"11",-2.61523046092184,-0.213056314881573,-0.971943887775551,-0.281320969495762,-0.477320969495762
"12",-2.41482965931864,-0.39564990741079,-0.971943887775551,-0.281320969495762,-0.477320969495762
"13",-1.91382765531062,-0.54465432131432,-0.971943887775551,-0.281320969495762,-0.477320969495762
"14",-1.85370741482966,-0.48362911432558,-0.971943887775551,-0.281320969495762,-0.477320969495762
"15",-1.73346693386774,-0.312180308389988,-0.971943887775551,-0.281320969495762,-0.477320969495762
"16",-1.71342685370742,-0.159044242811239,-0.971943887775551,-0.281320969495762,-0.477320969495762
"17",-1.69338677354709,-0.426913064375077,-0.971943887775551,-0.281320969495762,-0.477320969495762
"18",-1.57314629258517,-0.198582914788034,-0.971943887775551,-0.281320969495762,-0.477320969495762
"19",-1.25250501002004,-0.499339020124867,-0.971943887775551,-0.281320969495762,-0.477320969495762
"20",-1.03206412825651,-0.377817019379001,-0.971943887775551,-0.281320969495762,-0.477320969495762
"21",-0.971943887775551,-0.217144857575805,-0.971943887775551,-0.281320969495762,-0.477320969495762
"22",-0.811623246492986,-0.299572153116653,-0.971943887775551,-0.281320969495762,-0.477320969495762
"23",-0.751503006012024,-0.281448685369528,-0.971943887775551,-0.281320969495762,-0.477320969495762
"24",-0.430861723446894,-0.230715972093507,-0.971943887775551,-0.281320969495762,-0.477320969495762
"25",-0.370741482965932,-0.276975483708654,-0.971943887775551,-0.281320969495762,-0.477320969495762
"26",-0.190380761523047,-0.1147003770898,-0.971943887775551,-0.281320969495762,-0.477320969495762
"27",-0.130260521042084,-0.221725367474307,-0.971943887775551,-0.281320969495762,-0.477320969495762
"28",0.6312625250501,-0.222668744994623,-0.971943887775551,-0.281320969495762,-0.477320969495762
"29",0.93186372745491,-0.388870151456923,-0.971943887775551,-0.281320969495762,-0.477320969495762
"30",0.971943887775551,-0.124146467990947,-0.971943887775551,-0.281320969495762,-0.477320969495762
"31",1.05210420841683,-0.281790672067146,-0.971943887775551,-0.281320969495762,-0.477320969495762
"32",1.13226452905812,-0.310208797806753,-0.971943887775551,-0.281320969495762,-0.477320969495762
"33",1.23246492985972,-0.425943513457813,-0.971943887775551,-0.281320969495762,-0.477320969495762
"34",1.25250501002004,-0.45696690107308,-0.971943887775551,-0.281320969495762,-0.477320969495762
"35",1.53306613226453,-0.345405964663242,-0.971943887775551,-0.281320969495762,-0.477320969495762
"36",1.85370741482966,-0.506349974270567,-0.971943887775551,-0.281320969495762,-0.477320969495762
"37",2.55511022044088,-0.735660873089321,-0.971943887775551,-0.281320969495762,-0.477320969495762
"38",2.59519038076152,-0.930755539552891,-0.971943887775551,-0.281320969495762,-0.477320969495762
"39",3.33667334669339,-0.779947402738976,-0.971943887775551,-0.281320969495762,-0.477320969495762
"40",3.67735470941884,-0.390816548849774,-0.971943887775551,-0.281320969495762,-0.477320969495762
"41",3.89779559118236,-0.345762431992064,-0.971943887775551,-0.281320969495762,-0.477320969495762
"42",4.05811623246493,0.00732745513425029,-0.971943887775551,-0.281320969495762,-0.477320969495762
"43",4.07815631262525,-0.0988967721348366,-0.971943887775551,-0.281320969495762,-0.477320969495762
"44",4.47895791583166,0.316752624917646,-0.971943887775551,-0.281320969495762,-0.477320969495762
"45",4.49899799599198,0.239378093327285,-0.971943887775551,-0.281320969495762,-0.477320969495762
"46",4.53907815631263,0.233079960722842,-0.971943887775551,-0.281320969495762,-0.477320969495762
"47",4.57915831663327,0.368870676159488,-0.971943887775551,-0.281320969495762,-0.477320969495762
"48",4.75951903807615,0.289818001208644,-0.971943887775551,-0.281320969495762,-0.477320969495762
"49",4.81963927855711,0.514906343223081,-0.971943887775551,-0.281320969495762,-0.477320969495762
"50",4.83967935871743,0.355468798403032,-0.971943887775551,-0.281320969495762,-0.477320969495762
