"","x","yplot","target","ftrue","fwrong"
"1",-3.49699398797595,-0.19787742306744,-2.5751503006012,-0.369805770253464,-0.565805770253464
"2",-3.43687374749499,-0.31432110312496,-2.5751503006012,-0.369805770253464,-0.565805770253464
"3",-3.35671342685371,-0.415495571684882,-2.5751503006012,-0.369805770253464,-0.565805770253464
"4",-3.31663326653307,-0.429066238945739,-2.5751503006012,-0.369805770253464,-0.565805770253464
"5",-3.29659318637275,-0.164679161930898,-2.5751503006012,-0.369805770253464,-0.565805770253464
"6",-3.27655310621242,-0.144995617617033,-2.5751503006012,-0.369805770253464,-0.565805770253464
"7",-2.73547094188377,-0.376479370904963,-2.5751503006012,-0.369805770253464,-0.565805770253464
"8",-2.69539078156313,-0.392261375389011,-2.5751503006012,-0.369805770253464,-0.565805770253464
"9",-2.59519038076152,-0.379996650973277,-2.5751503006012,-0.369805770253464,-0.565805770253464
"10",-2.51503006012024,-0.331847414665313,-2.5751503006012,-0.369805770253464,-0.565805770253464
"11",-2.43486973947896,-0.341800855668559,-2.5751503006012,-0.369805770253464,-0.565805770253464
"12",-2.33466933867735,-0.432733645915601,-2.5751503006012,-0.369805770253464,-0.565805770253464
"13",-2.31462925851703,-0.309669997502867,-2.5751503006012,-0.369805770253464,-0.565805770253464
"14",-2.27454909819639,-0.38472216597798,-2.5751503006012,-0.369805770253464,-0.565805770253464
"15",-2.17434869739479,-0.428283338778648,-2.5751503006012,-0.369805770253464,-0.565805770253464
"16",-2.03406813627255,-0.30135691054255,-2.5751503006012,-0.369805770253464,-0.565805770253464
"17",-1.95390781563126,-0.458490587538409,-2.5751503006012,-0.369805770253464,-0.565805770253464
"18",-1.87374749498998,-0.571824678816672,-2.5751503006012,-0.369805770253464,-0.565805770253464
"19",-1.85370741482966,-0.628818817612823,-2.5751503006012,-0.369805770253464,-0.565805770253464
"20",-1.63326653306613,-0.322596571151114,-2.5751503006012,-0.369805770253464,-0.565805770253464
"21",-1.59318637274549,-0.377740092766473,-2.5751503006012,-0.369805770253464,-0.565805770253464
"22",-1.49298597194389,-0.454583476941554,-2.5751503006012,-0.369805770253464,-0.565805770253464
"23",2.4749498997996,-0.0745503661658956,-2.5751503006012,-0.369805770253464,-0.565805770253464
"24",2.71543086172345,-0.0330284410744389,-2.5751503006012,-0.369805770253464,-0.565805770253464
"25",2.99599198396794,-0.0629952747565604,-2.5751503006012,-0.369805770253464,-0.565805770253464
"26",3.09619238476954,0.137382550129795,-2.5751503006012,-0.369805770253464,-0.565805770253464
"27",3.51703406813627,0.222974620791044,-2.5751503006012,-0.369805770253464,-0.565805770253464
"28",4.3186372745491,0.675218752805943,-2.5751503006012,-0.369805770253464,-0.565805770253464
"29",4.53907815631263,0.666604180748712,-2.5751503006012,-0.369805770253464,-0.565805770253464
"30",4.73947895791583,0.716278674626989,-2.5751503006012,-0.369805770253464,-0.565805770253464
