"","x","yplot","target","ftrue","fwrong"
"1",-4.95991983967936,-0.37462713823695,-2.23446893787575,0.699680788525888,0.895680788525888
"2",-4.71943887775551,-0.294974730308964,-2.23446893787575,0.699680788525888,0.895680788525888
"3",-4.49899799599198,-0.391689578618055,-2.23446893787575,0.699680788525888,0.895680788525888
"4",-4.45891783567134,-0.42626702540144,-2.23446893787575,0.699680788525888,0.895680788525888
"5",-3.91783567134269,0.134705434662812,-2.23446893787575,0.699680788525888,0.895680788525888
"6",-3.71743486973948,-0.0846740990029353,-2.23446893787575,0.699680788525888,0.895680788525888
"7",-3.1563126252505,0.377145727864962,-2.23446893787575,0.699680788525888,0.895680788525888
"8",-3.13627254509018,0.395801748192886,-2.23446893787575,0.699680788525888,0.895680788525888
"9",-3.11623246492986,0.289564350352747,-2.23446893787575,0.699680788525888,0.895680788525888
"10",-3.03607214428858,0.523216720265063,-2.23446893787575,0.699680788525888,0.895680788525888
"11",-2.79559118236473,0.520902888886085,-2.23446893787575,0.699680788525888,0.895680788525888
"12",-2.69539078156313,0.655284308060849,-2.23446893787575,0.699680788525888,0.895680788525888
"13",-2.59519038076152,0.569578142972283,-2.23446893787575,0.699680788525888,0.895680788525888
"14",-2.25450901803607,0.950106553985951,-2.23446893787575,0.699680788525888,0.895680788525888
"15",-1.8937875751503,0.647579959883288,-2.23446893787575,0.699680788525888,0.895680788525888
"16",-1.87374749498998,0.805770588984411,-2.23446893787575,0.699680788525888,0.895680788525888
"17",-1.83366733466934,0.709053710291066,-2.23446893787575,0.699680788525888,0.895680788525888
"18",-1.55310621242485,0.636099365993123,-2.23446893787575,0.699680788525888,0.895680788525888
"19",-1.49298597194389,0.889327151328347,-2.23446893787575,0.699680788525888,0.895680788525888
"20",-1.45290581162325,0.836480898862881,-2.23446893787575,0.699680788525888,0.895680788525888
"21",-1.25250501002004,0.579209761331857,-2.23446893787575,0.699680788525888,0.895680788525888
"22",-1.23246492985972,0.68094454222846,-2.23446893787575,0.699680788525888,0.895680788525888
"23",-1.09218436873748,0.529795347420011,-2.23446893787575,0.699680788525888,0.895680788525888
"24",-0.95190380761523,0.709382361790204,-2.23446893787575,0.699680788525888,0.895680788525888
"25",-0.791583166332665,0.377960334860262,-2.23446893787575,0.699680788525888,0.895680788525888
"26",-0.61122244488978,0.606369150552814,-2.23446893787575,0.699680788525888,0.895680788525888
"27",-0.450901803607215,0.348663611109916,-2.23446893787575,0.699680788525888,0.895680788525888
"28",-0.230460921843687,0.575089649899016,-2.23446893787575,0.699680788525888,0.895680788525888
"29",0.611222444889779,0.400840070870971,-2.23446893787575,0.699680788525888,0.895680788525888
"30",0.691382765531062,0.145039972097659,-2.23446893787575,0.699680788525888,0.895680788525888
"31",0.811623246492986,0.296144496213826,-2.23446893787575,0.699680788525888,0.895680788525888
"32",1.23246492985972,0.271064154289353,-2.23446893787575,0.699680788525888,0.895680788525888
"33",1.33266533066132,0.109283269028954,-2.23446893787575,0.699680788525888,0.895680788525888
"34",1.37274549098196,-0.0504381215491088,-2.23446893787575,0.699680788525888,0.895680788525888
"35",1.77354709418838,-0.296900357634063,-2.23446893787575,0.699680788525888,0.895680788525888
"36",1.81362725450902,-0.139878359480372,-2.23446893787575,0.699680788525888,0.895680788525888
"37",2.79559118236473,-0.553223221875119,-2.23446893787575,0.699680788525888,0.895680788525888
"38",2.85571142284569,-0.701332282953004,-2.23446893787575,0.699680788525888,0.895680788525888
"39",3.01603206412826,-0.581902833120267,-2.23446893787575,0.699680788525888,0.895680788525888
"40",3.11623246492986,-0.530547650756651,-2.23446893787575,0.699680788525888,0.895680788525888
"41",3.21643286573146,-0.662773037856428,-2.23446893787575,0.699680788525888,0.895680788525888
"42",3.2565130260521,-0.668877355984566,-2.23446893787575,0.699680788525888,0.895680788525888
"43",3.67735470941884,-0.850470280672199,-2.23446893787575,0.699680788525888,0.895680788525888
"44",3.91783567134268,-0.720776649827018,-2.23446893787575,0.699680788525888,0.895680788525888
"45",4.21843687374749,-0.800221358553118,-2.23446893787575,0.699680788525888,0.895680788525888
"46",4.3186372745491,-0.504474043366919,-2.23446893787575,0.699680788525888,0.895680788525888
"47",4.43887775551102,-0.877456069618519,-2.23446893787575,0.699680788525888,0.895680788525888
"48",4.49899799599198,-0.718414738455107,-2.23446893787575,0.699680788525888,0.895680788525888
"49",4.5190380761523,-0.700460746565517,-2.23446893787575,0.699680788525888,0.895680788525888
"50",4.83967935871743,-0.711455626698805,-2.23446893787575,0.699680788525888,0.895680788525888
