"","x","yplot","target","ftrue","fwrong"
"1",-4.73947895791583,0.790950655378086,-2.11422845691383,0.513363353502523,0.317363353502523
"2",-4.17835671342685,0.642655363601885,-2.11422845691383,0.513363353502523,0.317363353502523
"3",-3.27655310621242,0.508674117904169,-2.11422845691383,0.513363353502523,0.317363353502523
"4",-3.0561122244489,0.704490794959802,-2.11422845691383,0.513363353502523,0.317363353502523
"5",-2.95591182364729,0.508416770736735,-2.11422845691383,0.513363353502523,0.317363353502523
"6",-2.79559118236473,0.641719063181961,-2.11422845691383,0.513363353502523,0.317363353502523
"7",-2.5751503006012,0.591375223356002,-2.11422845691383,0.513363353502523,0.317363353502523
"8",-2.43486973947896,0.582720539319544,-2.11422845691383,0.513363353502523,0.317363353502523
"9",-2.23446893787575,0.308837090364744,-2.11422845691383,0.513363353502523,0.317363353502523
"10",-2.19438877755511,0.567417784280418,-2.11422845691383,0.513363353502523,0.317363353502523
"11",-2.15430861723447,0.662358028010739,-2.11422845691383,0.513363353502523,0.317363353502523
"12",-2.05410821643287,0.600891497258191,-2.11422845691383,0.513363353502523,0.317363353502523
"13",-2.01402805611222,0.528366739603835,-2.11422845691383,0.513363353502523,0.317363353502523
"14",-1.97394789579158,0.417442075691557,-2.11422845691383,0.513363353502523,0.317363353502523
"15",-1.57314629258517,0.36797745010991,-2.11422845691383,0.513363353502523,0.317363353502523
"16",-1.47294589178357,0.318901232996707,-2.11422845691383,0.513363353502523,0.317363353502523
"17",-1.41282565130261,0.52500034573046,-2.11422845691383,0.513363353502523,0.317363353502523
"18",1.51302605210421,-0.0126906876666503,-2.11422845691383,0.513363353502523,0.317363353502523
"19",1.91382765531062,0.0560690385099851,-2.11422845691383,0.513363353502523,0.317363353502523
"20",4.55911823647295,-0.642654696796383,-2.11422845691383,0.513363353502523,0.317363353502523
