"","x","yplot","target","ftrue","fwrong"
"1",-2.91583166332665,0.583788955565326,1.85370741482966,-0.00717406002410558,0.188825939975894
"2",-1.65330661322645,0.0424922377004771,1.85370741482966,-0.00717406002410558,0.188825939975894
"3",-1.1122244488978,-0.131243257294178,1.85370741482966,-0.00717406002410558,0.188825939975894
"4",0.0100200400801604,-0.417862893374392,1.85370741482966,-0.00717406002410558,0.188825939975894
"5",0.190380761523046,-0.314461560168547,1.85370741482966,-0.00717406002410558,0.188825939975894
"6",0.871743486973948,-0.150026880634748,1.85370741482966,-0.00717406002410558,0.188825939975894
"7",0.971943887775551,0.0231144965355581,1.85370741482966,-0.00717406002410558,0.188825939975894
"8",1.05210420841683,-0.0655501165534339,1.85370741482966,-0.00717406002410558,0.188825939975894
"9",1.19238476953908,-0.106925308303841,1.85370741482966,-0.00717406002410558,0.188825939975894
"10",1.27254509018036,-0.0269648857245572,1.85370741482966,-0.00717406002410558,0.188825939975894
"11",1.33266533066132,0.0910709655876345,1.85370741482966,-0.00717406002410558,0.188825939975894
"12",1.37274549098196,-0.0542359662490716,1.85370741482966,-0.00717406002410558,0.188825939975894
"13",1.45290581162325,0.0927753413107264,1.85370741482966,-0.00717406002410558,0.188825939975894
"14",1.53306613226453,0.133770873848359,1.85370741482966,-0.00717406002410558,0.188825939975894
"15",1.61322645290581,0.103125786546368,1.85370741482966,-0.00717406002410558,0.188825939975894
"16",2.03406813627254,0.0602833965534126,1.85370741482966,-0.00717406002410558,0.188825939975894
"17",2.41482965931864,-0.034274194219105,1.85370741482966,-0.00717406002410558,0.188825939975894
"18",2.51503006012024,-0.162452891573371,1.85370741482966,-0.00717406002410558,0.188825939975894
"19",2.73547094188377,-0.0631070961551651,1.85370741482966,-0.00717406002410558,0.188825939975894
"20",4.5190380761523,-0.67473220013747,1.85370741482966,-0.00717406002410558,0.188825939975894
