"","x","yplot","target","ftrue","fwrong"
"1",-4.39879759519038,-0.692885953404277,-1.71342685370742,0.246220749220523,0.0502207492205235
"2",-2.97595190380762,-0.280377904729616,-1.71342685370742,0.246220749220523,0.0502207492205235
"3",-2.91583166332665,-0.214001973703046,-1.71342685370742,0.246220749220523,0.0502207492205235
"4",-2.85571142284569,-0.203049330612938,-1.71342685370742,0.246220749220523,0.0502207492205235
"5",-2.71543086172345,-0.0248899877987934,-1.71342685370742,0.246220749220523,0.0502207492205235
"6",-2.65531062124249,-0.204652080743822,-1.71342685370742,0.246220749220523,0.0502207492205235
"7",-2.45490981963928,0.0527008259114757,-1.71342685370742,0.246220749220523,0.0502207492205235
"8",-2.07414829659319,-0.0660233394073894,-1.71342685370742,0.246220749220523,0.0502207492205235
"9",-2.05410821643287,0.172045687436034,-1.71342685370742,0.246220749220523,0.0502207492205235
"10",-1.9939879759519,0.245471176053219,-1.71342685370742,0.246220749220523,0.0502207492205235
"11",-1.37274549098196,0.404894477333128,-1.71342685370742,0.246220749220523,0.0502207492205235
"12",-0.991983967935872,0.502884099742124,-1.71342685370742,0.246220749220523,0.0502207492205235
"13",-0.871743486973948,0.490474811420273,-1.71342685370742,0.246220749220523,0.0502207492205235
"14",-0.851703406813628,0.261495638119593,-1.71342685370742,0.246220749220523,0.0502207492205235
"15",0.0901803607214431,0.3706088154136,-1.71342685370742,0.246220749220523,0.0502207492205235
"16",0.470941883767535,0.492591352625199,-1.71342685370742,0.246220749220523,0.0502207492205235
"17",0.511022044088176,0.345027712797754,-1.71342685370742,0.246220749220523,0.0502207492205235
"18",1.09218436873747,0.611345965297834,-1.71342685370742,0.246220749220523,0.0502207492205235
"19",1.35270541082164,0.271855188382683,-1.71342685370742,0.246220749220523,0.0502207492205235
"20",1.45290581162325,0.26972401767928,-1.71342685370742,0.246220749220523,0.0502207492205235
"21",1.81362725450902,0.217194450520897,-1.71342685370742,0.246220749220523,0.0502207492205235
"22",1.8937875751503,0.0708374247667219,-1.71342685370742,0.246220749220523,0.0502207492205235
"23",2.07414829659319,0.244570342509064,-1.71342685370742,0.246220749220523,0.0502207492205235
"24",2.13426853707415,0.0326389961519539,-1.71342685370742,0.246220749220523,0.0502207492205235
"25",2.53507014028056,-0.037059811537366,-1.71342685370742,0.246220749220523,0.0502207492205235
"26",3.55711422845691,-0.393380003474524,-1.71342685370742,0.246220749220523,0.0502207492205235
"27",4.27855711422846,-0.630880189969315,-1.71342685370742,0.246220749220523,0.0502207492205235
"28",4.55911823647295,-0.789041296199523,-1.71342685370742,0.246220749220523,0.0502207492205235
"29",4.69939879759519,-0.615206935089166,-1.71342685370742,0.246220749220523,0.0502207492205235
"30",4.85971943887776,-0.735520219089895,-1.71342685370742,0.246220749220523,0.0502207492205235
