"","x","yplot","target","ftrue","fwrong"
"1",-4.05811623246493,-0.823360921897432,-2.49498997995992,-0.823942428805152,-0.627942428805152
"2",-3.47695390781563,-0.940610116950975,-2.49498997995992,-0.823942428805152,-0.627942428805152
"3",-3.43687374749499,-0.976754636495184,-2.49498997995992,-0.823942428805152,-0.627942428805152
"4",-3.33667334669339,-0.939198143686723,-2.49498997995992,-0.823942428805152,-0.627942428805152
"5",-3.17635270541082,-0.896504475980184,-2.49498997995992,-0.823942428805152,-0.627942428805152
"6",-3.13627254509018,-0.81744975401313,-2.49498997995992,-0.823942428805152,-0.627942428805152
"7",-3.09619238476954,-0.782264144600454,-2.49498997995992,-0.823942428805152,-0.627942428805152
"8",-2.97595190380762,-0.903684229184376,-2.49498997995992,-0.823942428805152,-0.627942428805152
"9",-2.95591182364729,-1.00042474437796,-2.49498997995992,-0.823942428805152,-0.627942428805152
"10",-2.89579158316633,-0.852344034834682,-2.49498997995992,-0.823942428805152,-0.627942428805152
"11",-2.85571142284569,-0.833343498915556,-2.49498997995992,-0.823942428805152,-0.627942428805152
"12",-2.77555110220441,-0.856423778814541,-2.49498997995992,-0.823942428805152,-0.627942428805152
"13",-2.69539078156313,-0.87377513639453,-2.49498997995992,-0.823942428805152,-0.627942428805152
"14",-2.63527054108216,-0.806541675877566,-2.49498997995992,-0.823942428805152,-0.627942428805152
"15",-2.59519038076152,-0.945739766291695,-2.49498997995992,-0.823942428805152,-0.627942428805152
"16",-2.55511022044088,-0.844144770222942,-2.49498997995992,-0.823942428805152,-0.627942428805152
"17",-2.53507014028056,-0.817680423545023,-2.49498997995992,-0.823942428805152,-0.627942428805152
"18",-2.41482965931864,-0.81352603668074,-2.49498997995992,-0.823942428805152,-0.627942428805152
"19",-2.21442885771543,-0.724619047031975,-2.49498997995992,-0.823942428805152,-0.627942428805152
"20",-2.13426853707415,-0.7963381478401,-2.49498997995992,-0.823942428805152,-0.627942428805152
"21",-2.11422845691383,-0.72588394132627,-2.49498997995992,-0.823942428805152,-0.627942428805152
"22",-2.03406813627255,-0.701283080840792,-2.49498997995992,-0.823942428805152,-0.627942428805152
"23",-2.01402805611222,-0.565315428815107,-2.49498997995992,-0.823942428805152,-0.627942428805152
"24",-1.97394789579158,-0.967301968424747,-2.49498997995992,-0.823942428805152,-0.627942428805152
"25",-1.87374749498998,-0.857506503285595,-2.49498997995992,-0.823942428805152,-0.627942428805152
"26",-1.85370741482966,-0.714990973590875,-2.49498997995992,-0.823942428805152,-0.627942428805152
"27",-1.81362725450902,-0.642126195358743,-2.49498997995992,-0.823942428805152,-0.627942428805152
"28",-1.77354709418838,-0.678606554445913,-2.49498997995992,-0.823942428805152,-0.627942428805152
"29",-1.73346693386774,-0.625962557709267,-2.49498997995992,-0.823942428805152,-0.627942428805152
"30",-1.09218436873748,-0.640944308486938,-2.49498997995992,-0.823942428805152,-0.627942428805152
"31",-0.93186372745491,-0.735475265910312,-2.49498997995992,-0.823942428805152,-0.627942428805152
"32",0.31062124248497,-0.305737265160054,-2.49498997995992,-0.823942428805152,-0.627942428805152
"33",1.15230460921844,-0.0715155712923373,-2.49498997995992,-0.823942428805152,-0.627942428805152
"34",2.11422845691383,0.10600185185001,-2.49498997995992,-0.823942428805152,-0.627942428805152
"35",2.374749498998,-0.0019828841485092,-2.49498997995992,-0.823942428805152,-0.627942428805152
"36",3.27655310621243,0.279729230921923,-2.49498997995992,-0.823942428805152,-0.627942428805152
"37",3.35671342685371,0.279128240844342,-2.49498997995992,-0.823942428805152,-0.627942428805152
"38",3.37675350701403,0.326592571643434,-2.49498997995992,-0.823942428805152,-0.627942428805152
"39",4.33867735470942,0.441616449930416,-2.49498997995992,-0.823942428805152,-0.627942428805152
"40",4.43887775551102,0.344909245401231,-2.49498997995992,-0.823942428805152,-0.627942428805152
