"","x","yplot","target","ftrue","fwrong"
"1",-4.97995991983968,0.48400338388932,-1.39278557114228,-0.191170463180488,-0.387170463180488
"2",-4.51903807615231,0.266442546517755,-1.39278557114228,-0.191170463180488,-0.387170463180488
"3",-2.15430861723447,-0.041244523329633,-1.39278557114228,-0.191170463180488,-0.387170463180488
"4",-1.19238476953908,-0.346661014165177,-1.39278557114228,-0.191170463180488,-0.387170463180488
"5",-0.751503006012024,-0.175072314735193,-1.39278557114228,-0.191170463180488,-0.387170463180488
"6",-0.0901803607214431,-0.465842389844293,-1.39278557114228,-0.191170463180488,-0.387170463180488
"7",0.170340681362725,-0.312333264755261,-1.39278557114228,-0.191170463180488,-0.387170463180488
"8",0.771543086172344,-0.458419713652748,-1.39278557114228,-0.191170463180488,-0.387170463180488
"9",3.27655310621243,0.220589066608087,-1.39278557114228,-0.191170463180488,-0.387170463180488
"10",3.33667334669339,0.412471534678424,-1.39278557114228,-0.191170463180488,-0.387170463180488
