"","x","yplot","target","ftrue","fwrong"
"1",-4.93987975951904,0.203862289271715,2.17434869739479,-0.407211920065026,-0.211211920065026
"2",-4.2184368737475,0.173270164943448,2.17434869739479,-0.407211920065026,-0.211211920065026
"3",-3.97795591182365,0.149208043384526,2.17434869739479,-0.407211920065026,-0.211211920065026
"4",-3.93787575150301,0.137811063471038,2.17434869739479,-0.407211920065026,-0.211211920065026
"5",-3.53707414829659,-0.118995840617103,2.17434869739479,-0.407211920065026,-0.211211920065026
"6",-3.51703406813627,-0.169535613542844,2.17434869739479,-0.407211920065026,-0.211211920065026
"7",-3.31663326653307,-0.275840560710758,2.17434869739479,-0.407211920065026,-0.211211920065026
"8",-3.09619238476954,-0.467087168127005,2.17434869739479,-0.407211920065026,-0.211211920065026
"9",-3.03607214428858,-0.318305146141735,2.17434869739479,-0.407211920065026,-0.211211920065026
"10",-2.95591182364729,-0.36303822137804,2.17434869739479,-0.407211920065026,-0.211211920065026
"11",-2.39478957915832,-0.397479047200388,2.17434869739479,-0.407211920065026,-0.211211920065026
"12",-2.11422845691383,-0.352053675993088,2.17434869739479,-0.407211920065026,-0.211211920065026
"13",-1.87374749498998,-0.276246898945791,2.17434869739479,-0.407211920065026,-0.211211920065026
"14",-1.45290581162325,-0.263429195553794,2.17434869739479,-0.407211920065026,-0.211211920065026
"15",-1.13226452905812,-0.282249497857813,2.17434869739479,-0.407211920065026,-0.211211920065026
"16",-1.09218436873748,-0.151692844623805,2.17434869739479,-0.407211920065026,-0.211211920065026
"17",-1.07214428857715,-0.128038385475049,2.17434869739479,-0.407211920065026,-0.211211920065026
"18",-1.03206412825651,0.0521108636348215,2.17434869739479,-0.407211920065026,-0.211211920065026
"19",-0.891783567134269,-0.156585147272275,2.17434869739479,-0.407211920065026,-0.211211920065026
"20",-0.450901803607215,-0.154160700386423,2.17434869739479,-0.407211920065026,-0.211211920065026
"21",-0.390781563126253,-0.135217952239191,2.17434869739479,-0.407211920065026,-0.211211920065026
"22",-0.370741482965932,-0.234401958379944,2.17434869739479,-0.407211920065026,-0.211211920065026
"23",-0.290581162324649,0.0127089448804802,2.17434869739479,-0.407211920065026,-0.211211920065026
"24",-0.230460921843687,0.0919019837212001,2.17434869739479,-0.407211920065026,-0.211211920065026
"25",0.170340681362725,-0.0890755476160602,2.17434869739479,-0.407211920065026,-0.211211920065026
"26",0.651302605210421,-0.315471914415399,2.17434869739479,-0.407211920065026,-0.211211920065026
"27",0.991983967935871,-0.2935745667675,2.17434869739479,-0.407211920065026,-0.211211920065026
"28",1.35270541082164,-0.275342146743375,2.17434869739479,-0.407211920065026,-0.211211920065026
"29",1.37274549098196,-0.439942089780138,2.17434869739479,-0.407211920065026,-0.211211920065026
"30",1.39278557114228,-0.388668593644054,2.17434869739479,-0.407211920065026,-0.211211920065026
"31",1.51302605210421,-0.466968183845649,2.17434869739479,-0.407211920065026,-0.211211920065026
"32",1.61322645290581,-0.388781819100011,2.17434869739479,-0.407211920065026,-0.211211920065026
"33",1.73346693386774,-0.505726287045895,2.17434869739479,-0.407211920065026,-0.211211920065026
"34",1.93386773547094,-0.274934600240133,2.17434869739479,-0.407211920065026,-0.211211920065026
"35",1.97394789579158,-0.540313929184929,2.17434869739479,-0.407211920065026,-0.211211920065026
"36",2.19438877755511,-0.222841447931659,2.17434869739479,-0.407211920065026,-0.211211920065026
"37",2.4749498997996,-0.43334690355143,2.17434869739479,-0.407211920065026,-0.211211920065026
"38",2.55511022044088,-0.303491128480345,2.17434869739479,-0.407211920065026,-0.211211920065026
"39",2.5751503006012,-0.288973676175691,2.17434869739479,-0.407211920065026,-0.211211920065026
"40",2.65531062124249,-0.23043622087162,2.17434869739479,-0.407211920065026,-0.211211920065026
"41",2.85571142284569,-0.445961436722756,2.17434869739479,-0.407211920065026,-0.211211920065026
"42",2.95591182364729,-0.124082627040886,2.17434869739479,-0.407211920065026,-0.211211920065026
"43",3.31663326653307,-0.183219261609686,2.17434869739479,-0.407211920065026,-0.211211920065026
"44",3.33667334669339,0.0202958448339477,2.17434869739479,-0.407211920065026,-0.211211920065026
"45",3.49699398797595,-0.137263335468585,2.17434869739479,-0.407211920065026,-0.211211920065026
"46",3.67735470941884,0.217788702601157,2.17434869739479,-0.407211920065026,-0.211211920065026
"47",3.87775551102204,0.247770918825893,2.17434869739479,-0.407211920065026,-0.211211920065026
"48",4.17835671342685,0.354112947924289,2.17434869739479,-0.407211920065026,-0.211211920065026
"49",4.25851703406814,0.536173051733425,2.17434869739479,-0.407211920065026,-0.211211920065026
"50",4.81963927855711,0.721180177496703,2.17434869739479,-0.407211920065026,-0.211211920065026
