"","x","yplot","target","ftrue","fwrong"
"1",-4.91983967935872,-0.5365420054269,-0.91182364729459,0.394591691591985,0.590591691591985
"2",-4.61923847695391,-0.482885096168737,-0.91182364729459,0.394591691591985,0.590591691591985
"3",-4.4188376753507,-0.333281335029716,-0.91182364729459,0.394591691591985,0.590591691591985
"4",-3.95791583166333,-0.0850915803451381,-0.91182364729459,0.394591691591985,0.590591691591985
"5",-2.4749498997996,0.710944490030214,-0.91182364729459,0.394591691591985,0.590591691591985
"6",-2.07414829659319,0.562167866455001,-0.91182364729459,0.394591691591985,0.590591691591985
"7",-1.83366733466934,0.783450853815588,-0.91182364729459,0.394591691591985,0.590591691591985
"8",-1.7935871743487,0.858468380779173,-0.91182364729459,0.394591691591985,0.590591691591985
"9",-1.73346693386774,0.744478379408447,-0.91182364729459,0.394591691591985,0.590591691591985
"10",-1.71342685370742,0.672304271430267,-0.91182364729459,0.394591691591985,0.590591691591985
"11",-1.65330661322645,0.726787621752974,-0.91182364729459,0.394591691591985,0.590591691591985
"12",-1.61322645290581,0.713605329955167,-0.91182364729459,0.394591691591985,0.590591691591985
"13",-1.59318637274549,0.465558860933012,-0.91182364729459,0.394591691591985,0.590591691591985
"14",-1.57314629258517,0.593517464031161,-0.91182364729459,0.394591691591985,0.590591691591985
"15",-1.49298597194389,0.590298117394086,-0.91182364729459,0.394591691591985,0.590591691591985
"16",-1.25250501002004,0.7055753336057,-0.91182364729459,0.394591691591985,0.590591691591985
"17",-1.15230460921844,0.56157271372207,-0.91182364729459,0.394591691591985,0.590591691591985
"18",-1.1122244488978,0.503270970062221,-0.91182364729459,0.394591691591985,0.590591691591985
"19",-1.03206412825651,0.486620286865021,-0.91182364729459,0.394591691591985,0.590591691591985
"20",-0.891783567134269,0.485223468439728,-0.91182364729459,0.394591691591985,0.590591691591985
"21",-0.851703406813628,0.334544902959445,-0.91182364729459,0.394591691591985,0.590591691591985
"22",-0.771543086172345,0.511448637206631,-0.91182364729459,0.394591691591985,0.590591691591985
"23",-0.731462925851703,0.393976040240189,-0.91182364729459,0.394591691591985,0.590591691591985
"24",-0.61122244488978,0.337525333133926,-0.91182364729459,0.394591691591985,0.590591691591985
"25",-0.531062124248497,0.3255105481723,-0.91182364729459,0.394591691591985,0.590591691591985
"26",-0.511022044088176,0.164318383156189,-0.91182364729459,0.394591691591985,0.590591691591985
"27",-0.490981963927856,0.207811623417963,-0.91182364729459,0.394591691591985,0.590591691591985
"28",-0.370741482965932,0.00555034455322265,-0.91182364729459,0.394591691591985,0.590591691591985
"29",-0.350701402805611,0.181074723390051,-0.91182364729459,0.394591691591985,0.590591691591985
"30",-0.31062124248497,0.197623926755383,-0.91182364729459,0.394591691591985,0.590591691591985
"31",-0.170340681362726,0.0285389912183274,-0.91182364729459,0.394591691591985,0.590591691591985
"32",-0.130260521042084,0.255011155935731,-0.91182364729459,0.394591691591985,0.590591691591985
"33",-0.0701402805611222,-0.0990964615195135,-0.91182364729459,0.394591691591985,0.590591691591985
"34",-0.0501002004008022,-0.163672516064644,-0.91182364729459,0.394591691591985,0.590591691591985
"35",0.290581162324649,-0.19521586201061,-0.91182364729459,0.394591691591985,0.590591691591985
"36",2.31462925851703,-0.708010033532979,-0.91182364729459,0.394591691591985,0.590591691591985
"37",3.91783567134268,0.2240434273322,-0.91182364729459,0.394591691591985,0.590591691591985
"38",3.99799599198397,0.200358013428462,-0.91182364729459,0.394591691591985,0.590591691591985
"39",4.15831663326653,0.37271472206694,-0.91182364729459,0.394591691591985,0.590591691591985
"40",4.37875751503006,0.38059147086717,-0.91182364729459,0.394591691591985,0.590591691591985
