"","x","yplot","target","ftrue","fwrong"
"1",-4.75951903807615,0.797063330857932,2.69539078156313,-0.451537884372581,-0.255537884372581
"2",-4.59919839679359,0.712227817040524,2.69539078156313,-0.451537884372581,-0.255537884372581
"3",-4.4188376753507,0.747532305668584,2.69539078156313,-0.451537884372581,-0.255537884372581
"4",-3.99799599198397,0.520990214848392,2.69539078156313,-0.451537884372581,-0.255537884372581
"5",-3.67735470941884,0.566865644935647,2.69539078156313,-0.451537884372581,-0.255537884372581
"6",-3.65731462925852,0.394766835052532,2.69539078156313,-0.451537884372581,-0.255537884372581
"7",-3.43687374749499,0.566733041032317,2.69539078156313,-0.451537884372581,-0.255537884372581
"8",-2.53507014028056,0.446953226739575,2.69539078156313,-0.451537884372581,-0.255537884372581
"9",-2.03406813627255,0.48931009996188,2.69539078156313,-0.451537884372581,-0.255537884372581
"10",-1.07214428857715,0.359461151214796,2.69539078156313,-0.451537884372581,-0.255537884372581
"11",-0.991983967935872,0.159185583794458,2.69539078156313,-0.451537884372581,-0.255537884372581
"12",-0.791583166332665,0.0581168954256599,2.69539078156313,-0.451537884372581,-0.255537884372581
"13",0.190380761523046,-0.0586926294018709,2.69539078156313,-0.451537884372581,-0.255537884372581
"14",0.93186372745491,0.0204323166119021,2.69539078156313,-0.451537884372581,-0.255537884372581
"15",0.971943887775551,-0.301844917594456,2.69539078156313,-0.451537884372581,-0.255537884372581
"16",1.07214428857715,0.00695631509986747,2.69539078156313,-0.451537884372581,-0.255537884372581
"17",1.45290581162325,-0.186484944680205,2.69539078156313,-0.451537884372581,-0.255537884372581
"18",1.67334669338677,-0.228180378371456,2.69539078156313,-0.451537884372581,-0.255537884372581
"19",2.29458917835671,-0.435003474207494,2.69539078156313,-0.451537884372581,-0.255537884372581
"20",2.35470941883768,-0.526085917241419,2.69539078156313,-0.451537884372581,-0.255537884372581
"21",2.43486973947896,-0.3362604012543,2.69539078156313,-0.451537884372581,-0.255537884372581
"22",2.53507014028056,-0.417243483497163,2.69539078156313,-0.451537884372581,-0.255537884372581
"23",2.61523046092184,-0.383780191239318,2.69539078156313,-0.451537884372581,-0.255537884372581
"24",2.69539078156313,-0.536012122866987,2.69539078156313,-0.451537884372581,-0.255537884372581
"25",3.11623246492986,-0.369518792092959,2.69539078156313,-0.451537884372581,-0.255537884372581
"26",3.35671342685371,-0.486449395745588,2.69539078156313,-0.451537884372581,-0.255537884372581
"27",3.61723446893788,-0.513318072232332,2.69539078156313,-0.451537884372581,-0.255537884372581
"28",4.43887775551102,-0.554937128919929,2.69539078156313,-0.451537884372581,-0.255537884372581
"29",4.49899799599198,-0.354540333754302,2.69539078156313,-0.451537884372581,-0.255537884372581
"30",4.83967935871743,-0.515835786852643,2.69539078156313,-0.451537884372581,-0.255537884372581
