"","x","yplot","target","ftrue","fwrong"
"1",-4.95991983967936,-0.753386420518173,0.350701402805611,0.556304585719681,0.360304585719681
"2",-4.93987975951904,-0.541914408577077,0.350701402805611,0.556304585719681,0.360304585719681
"3",-4.67935871743487,-0.595219282021883,0.350701402805611,0.556304585719681,0.360304585719681
"4",-4.63927855711423,-0.604215038432856,0.350701402805611,0.556304585719681,0.360304585719681
"5",-2.73547094188377,-0.168650713982933,0.350701402805611,0.556304585719681,0.360304585719681
"6",-2.45490981963928,-0.136862303103398,0.350701402805611,0.556304585719681,0.360304585719681
"7",-2.13426853707415,-0.0880700624935362,0.350701402805611,0.556304585719681,0.360304585719681
"8",-1.85370741482966,-0.0982449049424191,0.350701402805611,0.556304585719681,0.360304585719681
"9",-0.831663326653307,0.159173533137524,0.350701402805611,0.556304585719681,0.360304585719681
"10",-0.671342685370742,0.305761965993592,0.350701402805611,0.556304585719681,0.360304585719681
"11",-0.330661322645291,0.349001617831609,0.350701402805611,0.556304585719681,0.360304585719681
"12",-0.270541082164329,0.564503193745648,0.350701402805611,0.556304585719681,0.360304585719681
"13",-0.230460921843687,0.42400269472588,0.350701402805611,0.556304585719681,0.360304585719681
"14",0.110220440881763,0.363807985612705,0.350701402805611,0.556304585719681,0.360304585719681
"15",0.31062124248497,0.403676237886881,0.350701402805611,0.556304585719681,0.360304585719681
"16",0.771543086172344,0.69822436225529,0.350701402805611,0.556304585719681,0.360304585719681
"17",0.791583166332665,0.646183607182784,0.350701402805611,0.556304585719681,0.360304585719681
"18",1.27254509018036,0.644576069625288,0.350701402805611,0.556304585719681,0.360304585719681
"19",1.29258517034068,0.54447265101602,0.350701402805611,0.556304585719681,0.360304585719681
"20",2.17434869739479,0.771965305932662,0.350701402805611,0.556304585719681,0.360304585719681
"21",2.27454909819639,0.675986010473513,0.350701402805611,0.556304585719681,0.360304585719681
"22",2.45490981963928,0.824228021785017,0.350701402805611,0.556304585719681,0.360304585719681
"23",2.73547094188377,0.822209629453873,0.350701402805611,0.556304585719681,0.360304585719681
"24",3.11623246492986,0.884270885264458,0.350701402805611,0.556304585719681,0.360304585719681
"25",3.27655310621243,0.711322182119991,0.350701402805611,0.556304585719681,0.360304585719681
"26",3.53707414829659,0.784195911594416,0.350701402805611,0.556304585719681,0.360304585719681
"27",4.21843687374749,0.75357572766251,0.350701402805611,0.556304585719681,0.360304585719681
"28",4.33867735470942,0.905612104402033,0.350701402805611,0.556304585719681,0.360304585719681
"29",4.71943887775551,0.669564970295292,0.350701402805611,0.556304585719681,0.360304585719681
"30",4.73947895791583,0.516102485079783,0.350701402805611,0.556304585719681,0.360304585719681
