"","x","yplot","target","ftrue","fwrong"
"1",-3.77755511022044,0.835282644931766,-2.15430861723447,0.214619115762419,0.0186191157624186
"2",-2.53507014028056,0.369871386067409,-2.15430861723447,0.214619115762419,0.0186191157624186
"3",-2.23446893787575,0.263156342276718,-2.15430861723447,0.214619115762419,0.0186191157624186
"4",-1.93386773547094,0.306958184920872,-2.15430861723447,0.214619115762419,0.0186191157624186
"5",-1.1122244488978,-0.267959406087039,-2.15430861723447,0.214619115762419,0.0186191157624186
"6",0.0501002004008013,-0.464846145008958,-2.15430861723447,0.214619115762419,0.0186191157624186
"7",0.771543086172344,-0.633129033972147,-2.15430861723447,0.214619115762419,0.0186191157624186
"8",0.891783567134269,-0.458598528679729,-2.15430861723447,0.214619115762419,0.0186191157624186
"9",1.71342685370741,-0.427942954678412,-2.15430861723447,0.214619115762419,0.0186191157624186
"10",3.13627254509018,-0.305427361496966,-2.15430861723447,0.214619115762419,0.0186191157624186
