"","x","yplot","target","ftrue","fwrong"
"1",-5,0.0472354497443699,0.190380761523046,-0.724440855268275,-0.920440855268275
"2",-4.83967935871743,-0.123977841928975,0.190380761523046,-0.724440855268275,-0.920440855268275
"3",-4.81963927855711,0.0584748580667294,0.190380761523046,-0.724440855268275,-0.920440855268275
"4",-4.71943887775551,-0.0308687212294851,0.190380761523046,-0.724440855268275,-0.920440855268275
"5",-4.69939879759519,-0.111469024282222,0.190380761523046,-0.724440855268275,-0.920440855268275
"6",-4.57915831663327,0.0855030795477339,0.190380761523046,-0.724440855268275,-0.920440855268275
"7",-4.29859719438878,-0.143984044835495,0.190380761523046,-0.724440855268275,-0.920440855268275
"8",-4.15831663326653,-0.170586142868805,0.190380761523046,-0.724440855268275,-0.920440855268275
"9",-3.93787575150301,-0.401258042366585,0.190380761523046,-0.724440855268275,-0.920440855268275
"10",-3.8376753507014,-0.512474600225622,0.190380761523046,-0.724440855268275,-0.920440855268275
"11",-3.47695390781563,-0.728376483208266,0.190380761523046,-0.724440855268275,-0.920440855268275
"12",-3.39679358717435,-0.644072645564905,0.190380761523046,-0.724440855268275,-0.920440855268275
"13",-3.19639278557114,-0.686062992370087,0.190380761523046,-0.724440855268275,-0.920440855268275
"14",-2.77555110220441,-1.07617316245363,0.190380761523046,-0.724440855268275,-0.920440855268275
"15",-1.9939879759519,-1.07718679698036,0.190380761523046,-0.724440855268275,-0.920440855268275
"16",-1.97394789579158,-1.21879980148454,0.190380761523046,-0.724440855268275,-0.920440855268275
"17",-1.61322645290581,-0.982171245387644,0.190380761523046,-0.724440855268275,-0.920440855268275
"18",-0.91182364729459,-1.02233089817312,0.190380761523046,-0.724440855268275,-0.920440855268275
"19",-0.831663326653307,-0.813178937036246,0.190380761523046,-0.724440855268275,-0.920440855268275
"20",-0.61122244488978,-0.702680313791461,0.190380761523046,-0.724440855268275,-0.920440855268275
"21",-0.591182364729459,-0.99167914269361,0.190380761523046,-0.724440855268275,-0.920440855268275
"22",-0.551102204408818,-0.829069439733351,0.190380761523046,-0.724440855268275,-0.920440855268275
"23",-0.450901803607215,-1.0542124990861,0.190380761523046,-0.724440855268275,-0.920440855268275
"24",-0.430861723446894,-0.833954682853013,0.190380761523046,-0.724440855268275,-0.920440855268275
"25",-0.0901803607214431,-0.677867456526418,0.190380761523046,-0.724440855268275,-0.920440855268275
"26",-0.0701402805611222,-0.91279757285406,0.190380761523046,-0.724440855268275,-0.920440855268275
"27",0.130260521042084,-0.667298125003945,0.190380761523046,-0.724440855268275,-0.920440855268275
"28",0.270541082164328,-0.902012096908735,0.190380761523046,-0.724440855268275,-0.920440855268275
"29",0.511022044088176,-0.805160883298781,0.190380761523046,-0.724440855268275,-0.920440855268275
"30",0.6312625250501,-0.619199498125045,0.190380761523046,-0.724440855268275,-0.920440855268275
"31",0.751503006012024,-0.379720536329424,0.190380761523046,-0.724440855268275,-0.920440855268275
"32",1.01202404809619,-0.387218160681435,0.190380761523046,-0.724440855268275,-0.920440855268275
"33",1.05210420841683,-0.278364162783212,0.190380761523046,-0.724440855268275,-0.920440855268275
"34",1.07214428857715,-0.551066597893432,0.190380761523046,-0.724440855268275,-0.920440855268275
"35",1.29258517034068,-0.418651847059929,0.190380761523046,-0.724440855268275,-0.920440855268275
"36",1.47294589178357,-0.0148433068444364,0.190380761523046,-0.724440855268275,-0.920440855268275
"37",1.73346693386774,0.043443390078086,0.190380761523046,-0.724440855268275,-0.920440855268275
"38",1.85370741482966,0.135736287882434,0.190380761523046,-0.724440855268275,-0.920440855268275
"39",2.43486973947896,0.331599087214406,0.190380761523046,-0.724440855268275,-0.920440855268275
"40",2.59519038076152,0.370345491541731,0.190380761523046,-0.724440855268275,-0.920440855268275
"41",2.67535070140281,0.232354552127478,0.190380761523046,-0.724440855268275,-0.920440855268275
"42",3.21643286573146,0.389199999766438,0.190380761523046,-0.724440855268275,-0.920440855268275
"43",3.31663326653307,0.358876760249332,0.190380761523046,-0.724440855268275,-0.920440855268275
"44",3.57715430861723,0.282500439800966,0.190380761523046,-0.724440855268275,-0.920440855268275
"45",3.95791583166333,0.265497301100075,0.190380761523046,-0.724440855268275,-0.920440855268275
"46",4.15831663326653,-0.141954333996364,0.190380761523046,-0.724440855268275,-0.920440855268275
"47",4.3186372745491,0.0443597109544112,0.190380761523046,-0.724440855268275,-0.920440855268275
"48",4.63927855711423,-0.0840205070340757,0.190380761523046,-0.724440855268275,-0.920440855268275
"49",4.83967935871743,-0.312945682422821,0.190380761523046,-0.724440855268275,-0.920440855268275
"50",4.85971943887776,-0.326585832325291,0.190380761523046,-0.724440855268275,-0.920440855268275
