"","x","yplot","target","ftrue","fwrong"
"1",-4.95991983967936,-0.211290457038934,-2.85571142284569,0.566508425973454,0.370508425973454
"2",-4.57915831663327,0.171495375897608,-2.85571142284569,0.566508425973454,0.370508425973454
"3",-4.27855711422846,0.196019758284995,-2.85571142284569,0.566508425973454,0.370508425973454
"4",-4.17835671342685,0.423090936536775,-2.85571142284569,0.566508425973454,0.370508425973454
"5",-3.95791583166333,0.556891045218204,-2.85571142284569,0.566508425973454,0.370508425973454
"6",-3.69739478957916,0.662971227287363,-2.85571142284569,0.566508425973454,0.370508425973454
"7",-3.57715430861723,0.51044169480158,-2.85571142284569,0.566508425973454,0.370508425973454
"8",-3.49699398797595,0.627113383207026,-2.85571142284569,0.566508425973454,0.370508425973454
"9",-3.31663326653307,0.65653405694203,-2.85571142284569,0.566508425973454,0.370508425973454
"10",-3.27655310621242,0.578652379682734,-2.85571142284569,0.566508425973454,0.370508425973454
"11",-2.95591182364729,0.757554977372404,-2.85571142284569,0.566508425973454,0.370508425973454
"12",-2.93587174348697,0.66146022765032,-2.85571142284569,0.566508425973454,0.370508425973454
"13",-2.89579158316633,0.632695719235923,-2.85571142284569,0.566508425973454,0.370508425973454
"14",-2.71543086172345,0.458512394405318,-2.85571142284569,0.566508425973454,0.370508425973454
"15",-2.4749498997996,0.419697186813572,-2.85571142284569,0.566508425973454,0.370508425973454
"16",-2.25450901803607,0.0889309020275522,-2.85571142284569,0.566508425973454,0.370508425973454
"17",-1.91382765531062,-0.00929659144359609,-2.85571142284569,0.566508425973454,0.370508425973454
"18",-1.77354709418838,-0.264419328905057,-2.85571142284569,0.566508425973454,0.370508425973454
"19",-1.59318637274549,-0.382199677980074,-2.85571142284569,0.566508425973454,0.370508425973454
"20",-1.29258517034068,-0.476913620005948,-2.85571142284569,0.566508425973454,0.370508425973454
"21",-1.19238476953908,-0.364153935939052,-2.85571142284569,0.566508425973454,0.370508425973454
"22",-0.350701402805611,-0.87580942199555,-2.85571142284569,0.566508425973454,0.370508425973454
"23",-0.210420841683367,-0.854352545157696,-2.85571142284569,0.566508425973454,0.370508425973454
"24",-0.0100200400801604,-1.09706849484601,-2.85571142284569,0.566508425973454,0.370508425973454
"25",0.230460921843687,-0.961729762428566,-2.85571142284569,0.566508425973454,0.370508425973454
"26",1.1122244488978,-0.780933342874942,-2.85571142284569,0.566508425973454,0.370508425973454
"27",1.23246492985972,-0.746585237216731,-2.85571142284569,0.566508425973454,0.370508425973454
"28",1.8937875751503,-0.905168642770125,-2.85571142284569,0.566508425973454,0.370508425973454
"29",1.93386773547094,-0.890177258209799,-2.85571142284569,0.566508425973454,0.370508425973454
"30",2.25450901803607,-0.707052201704216,-2.85571142284569,0.566508425973454,0.370508425973454
"31",2.51503006012024,-0.762380197795651,-2.85571142284569,0.566508425973454,0.370508425973454
"32",2.77555110220441,-0.660859092534686,-2.85571142284569,0.566508425973454,0.370508425973454
"33",2.89579158316633,-0.616689125913514,-2.85571142284569,0.566508425973454,0.370508425973454
"34",3.29659318637274,-0.81787121431669,-2.85571142284569,0.566508425973454,0.370508425973454
"35",3.55711422845691,-0.776080286112824,-2.85571142284569,0.566508425973454,0.370508425973454
"36",4.5190380761523,-0.469084604909729,-2.85571142284569,0.566508425973454,0.370508425973454
"37",4.55911823647295,-0.423735411552137,-2.85571142284569,0.566508425973454,0.370508425973454
"38",4.85971943887776,-0.598824339005161,-2.85571142284569,0.566508425973454,0.370508425973454
"39",4.91983967935872,-0.391079607122221,-2.85571142284569,0.566508425973454,0.370508425973454
"40",4.93987975951904,-0.528687071954287,-2.85571142284569,0.566508425973454,0.370508425973454
