"","x","yplot","target","ftrue","fwrong"
"1",-4.75951903807615,0.590699074848579,-2.67535070140281,0.691358433051961,0.495358433051961
"2",-2.89579158316633,0.790324959259756,-2.67535070140281,0.691358433051961,0.495358433051961
"3",-2.31462925851703,0.707757241973781,-2.67535070140281,0.691358433051961,0.495358433051961
"4",-1.91382765531062,0.564263799259691,-2.67535070140281,0.691358433051961,0.495358433051961
"5",0.0300601202404804,-0.21305798243237,-2.67535070140281,0.691358433051961,0.495358433051961
"6",0.531062124248497,-0.17755309009243,-2.67535070140281,0.691358433051961,0.495358433051961
"7",0.891783567134269,-0.416526553793056,-2.67535070140281,0.691358433051961,0.495358433051961
"8",0.95190380761523,-0.503366796445307,-2.67535070140281,0.691358433051961,0.495358433051961
"9",4.75951903807615,-0.845537689810942,-2.67535070140281,0.691358433051961,0.495358433051961
"10",4.81963927855711,-0.837581436564614,-2.67535070140281,0.691358433051961,0.495358433051961
