"","x","yplot","target","ftrue","fwrong"
"1",-5,0.799663203426263,3.51703406813627,-0.0972327478797982,-0.293232747879798
"2",-4.77955911823647,0.684399878041231,3.51703406813627,-0.0972327478797982,-0.293232747879798
"3",-3.59719438877756,0.470786780424527,3.51703406813627,-0.0972327478797982,-0.293232747879798
"4",-3.1563126252505,0.455610092037677,3.51703406813627,-0.0972327478797982,-0.293232747879798
"5",-3.13627254509018,0.338095263058303,3.51703406813627,-0.0972327478797982,-0.293232747879798
"6",-2.87575150300601,0.19176638494536,3.51703406813627,-0.0972327478797982,-0.293232747879798
"7",-1.8937875751503,0.128516362673462,3.51703406813627,-0.0972327478797982,-0.293232747879798
"8",-1.53306613226453,0.115512875530944,3.51703406813627,-0.0972327478797982,-0.293232747879798
"9",-1.39278557114228,0.0990696625757042,3.51703406813627,-0.0972327478797982,-0.293232747879798
"10",-1.312625250501,0.011973092181573,3.51703406813627,-0.0972327478797982,-0.293232747879798
"11",-1.01202404809619,0.0478962480989744,3.51703406813627,-0.0972327478797982,-0.293232747879798
"12",-0.891783567134269,0.148946935277246,3.51703406813627,-0.0972327478797982,-0.293232747879798
"13",-0.871743486973948,0.0457165278018363,3.51703406813627,-0.0972327478797982,-0.293232747879798
"14",-0.490981963927856,0.175125504886155,3.51703406813627,-0.0972327478797982,-0.293232747879798
"15",-0.270541082164329,-0.0458257961207445,3.51703406813627,-0.0972327478797982,-0.293232747879798
"16",-0.0701402805611222,0.0622336229938356,3.51703406813627,-0.0972327478797982,-0.293232747879798
"17",-0.0300601202404813,-0.0368327500657693,3.51703406813627,-0.0972327478797982,-0.293232747879798
"18",0.0501002004008013,-0.00679450648854255,3.51703406813627,-0.0972327478797982,-0.293232747879798
"19",0.170340681362725,0.167649215799677,3.51703406813627,-0.0972327478797982,-0.293232747879798
"20",0.270541082164328,-0.073595646098805,3.51703406813627,-0.0972327478797982,-0.293232747879798
"21",0.450901803607215,0.208799046310543,3.51703406813627,-0.0972327478797982,-0.293232747879798
"22",0.551102204408817,-0.0341923212954399,3.51703406813627,-0.0972327478797982,-0.293232747879798
"23",0.711422845691382,-0.00645691811489428,3.51703406813627,-0.0972327478797982,-0.293232747879798
"24",0.891783567134269,-0.0153076344127732,3.51703406813627,-0.0972327478797982,-0.293232747879798
"25",1.13226452905812,0.0826937326422461,3.51703406813627,-0.0972327478797982,-0.293232747879798
"26",1.35270541082164,0.0631082452675299,3.51703406813627,-0.0972327478797982,-0.293232747879798
"27",1.61322645290581,0.0175148378316662,3.51703406813627,-0.0972327478797982,-0.293232747879798
"28",1.65330661322645,0.193823827930146,3.51703406813627,-0.0972327478797982,-0.293232747879798
"29",2.29458917835671,-0.0158761126488278,3.51703406813627,-0.0972327478797982,-0.293232747879798
"30",2.33466933867735,0.011492220700742,3.51703406813627,-0.0972327478797982,-0.293232747879798
"31",2.35470941883768,-0.0134719746977301,3.51703406813627,-0.0972327478797982,-0.293232747879798
"32",2.61523046092184,0.000404577009467744,3.51703406813627,-0.0972327478797982,-0.293232747879798
"33",2.65531062124249,0.163258228362675,3.51703406813627,-0.0972327478797982,-0.293232747879798
"34",2.69539078156313,-0.00186268293430016,3.51703406813627,-0.0972327478797982,-0.293232747879798
"35",2.79559118236473,-0.185251233363243,3.51703406813627,-0.0972327478797982,-0.293232747879798
"36",3.31663326653307,-0.162820415295927,3.51703406813627,-0.0972327478797982,-0.293232747879798
"37",3.35671342685371,0.0862298718847073,3.51703406813627,-0.0972327478797982,-0.293232747879798
"38",3.45691382765531,0.0826306410367521,3.51703406813627,-0.0972327478797982,-0.293232747879798
"39",3.49699398797595,-0.147612846953187,3.51703406813627,-0.0972327478797982,-0.293232747879798
"40",3.61723446893788,0.0843172315382871,3.51703406813627,-0.0972327478797982,-0.293232747879798
"41",3.79759519038076,-0.0918165942188651,3.51703406813627,-0.0972327478797982,-0.293232747879798
"42",3.93787575150301,-0.236611485462927,3.51703406813627,-0.0972327478797982,-0.293232747879798
"43",4.15831663326653,-0.282914316441416,3.51703406813627,-0.0972327478797982,-0.293232747879798
"44",4.39879759519038,-0.316325430431781,3.51703406813627,-0.0972327478797982,-0.293232747879798
"45",4.4188376753507,-0.123603351438992,3.51703406813627,-0.0972327478797982,-0.293232747879798
"46",4.43887775551102,-0.189053373882146,3.51703406813627,-0.0972327478797982,-0.293232747879798
"47",4.53907815631263,-0.276546737210151,3.51703406813627,-0.0972327478797982,-0.293232747879798
"48",4.83967935871743,-0.294124198234414,3.51703406813627,-0.0972327478797982,-0.293232747879798
"49",4.93987975951904,-0.294556969527994,3.51703406813627,-0.0972327478797982,-0.293232747879798
"50",4.97995991983968,-0.458424149586596,3.51703406813627,-0.0972327478797982,-0.293232747879798
