"","x","yplot","target","ftrue","fwrong"
"1",-3.17635270541082,0.828934538808549,0.93186372745491,-0.241892756647635,-0.0458927566476348
"2",-2.75551102204409,0.85868629828041,0.93186372745491,-0.241892756647635,-0.0458927566476348
"3",-1.63326653306613,-0.0824795944934638,0.93186372745491,-0.241892756647635,-0.0458927566476348
"4",-1.19238476953908,-0.308143225673679,0.93186372745491,-0.241892756647635,-0.0458927566476348
"5",-0.831663326653307,-0.174038588850946,0.93186372745491,-0.241892756647635,-0.0458927566476348
"6",-0.771543086172345,-0.409443163926107,0.93186372745491,-0.241892756647635,-0.0458927566476348
"7",-0.290581162324649,-0.36467332854324,0.93186372745491,-0.241892756647635,-0.0458927566476348
"8",-0.0501002004008022,-0.389006295768862,0.93186372745491,-0.241892756647635,-0.0458927566476348
"9",0.0901803607214431,-0.124669937060725,0.93186372745491,-0.241892756647635,-0.0458927566476348
"10",0.190380761523046,-0.249157895354066,0.93186372745491,-0.241892756647635,-0.0458927566476348
"11",0.350701402805611,-0.382395572269256,0.93186372745491,-0.241892756647635,-0.0458927566476348
"12",0.370741482965932,-0.32954059746923,0.93186372745491,-0.241892756647635,-0.0458927566476348
"13",0.390781563126252,-0.328381564591652,0.93186372745491,-0.241892756647635,-0.0458927566476348
"14",0.470941883767535,-0.352771183630889,0.93186372745491,-0.241892756647635,-0.0458927566476348
"15",0.490981963927855,-0.17812145688983,0.93186372745491,-0.241892756647635,-0.0458927566476348
"16",0.671342685370742,-0.156805605739914,0.93186372745491,-0.241892756647635,-0.0458927566476348
"17",0.791583166332665,-0.23835937522988,0.93186372745491,-0.241892756647635,-0.0458927566476348
"18",0.831663326653306,-0.303133334619849,0.93186372745491,-0.241892756647635,-0.0458927566476348
"19",0.851703406813627,-0.34734923112324,0.93186372745491,-0.241892756647635,-0.0458927566476348
"20",0.871743486973948,-0.373625373996588,0.93186372745491,-0.241892756647635,-0.0458927566476348
"21",0.93186372745491,-0.431811502128296,0.93186372745491,-0.241892756647635,-0.0458927566476348
"22",0.95190380761523,-0.261587350193695,0.93186372745491,-0.241892756647635,-0.0458927566476348
"23",0.991983967935871,-0.3232149035388,0.93186372745491,-0.241892756647635,-0.0458927566476348
"24",1.05210420841683,-0.206096327142645,0.93186372745491,-0.241892756647635,-0.0458927566476348
"25",1.19238476953908,-0.129675760422472,0.93186372745491,-0.241892756647635,-0.0458927566476348
"26",1.25250501002004,-0.225486154628686,0.93186372745491,-0.241892756647635,-0.0458927566476348
"27",1.33266533066132,-0.301494870765603,0.93186372745491,-0.241892756647635,-0.0458927566476348
"28",1.4128256513026,-0.257634625476821,0.93186372745491,-0.241892756647635,-0.0458927566476348
"29",1.45290581162325,-0.227303932107601,0.93186372745491,-0.241892756647635,-0.0458927566476348
"30",1.51302605210421,-0.229383638476211,0.93186372745491,-0.241892756647635,-0.0458927566476348
"31",1.55310621242485,-0.070541005787548,0.93186372745491,-0.241892756647635,-0.0458927566476348
"32",1.59318637274549,-0.186096291630902,0.93186372745491,-0.241892756647635,-0.0458927566476348
"33",1.67334669338677,-0.435049173416124,0.93186372745491,-0.241892756647635,-0.0458927566476348
"34",1.85370741482966,-0.264700369986545,0.93186372745491,-0.241892756647635,-0.0458927566476348
"35",1.87374749498998,-0.316770601347751,0.93186372745491,-0.241892756647635,-0.0458927566476348
"36",2.03406813627254,-0.182303846566891,0.93186372745491,-0.241892756647635,-0.0458927566476348
"37",4.05811623246493,-0.0916582519050308,0.93186372745491,-0.241892756647635,-0.0458927566476348
"38",4.23847695390782,0.0673744760143212,0.93186372745491,-0.241892756647635,-0.0458927566476348
"39",4.5190380761523,0.0817948477628082,0.93186372745491,-0.241892756647635,-0.0458927566476348
"40",4.73947895791583,0.0939779502030135,0.93186372745491,-0.241892756647635,-0.0458927566476348
