"","x","yplot","target","ftrue","fwrong"
"1",-3.85771543086172,0.446241944002351,1.45290581162325,-0.426592675862538,-0.622592675862538
"2",-2.53507014028056,0.760673503384473,1.45290581162325,-0.426592675862538,-0.622592675862538
"3",-2.43486973947896,0.729698650693929,1.45290581162325,-0.426592675862538,-0.622592675862538
"4",-1.05210420841683,0.337518804656261,1.45290581162325,-0.426592675862538,-0.622592675862538
"5",-0.470941883767535,0.310848174212762,1.45290581162325,-0.426592675862538,-0.622592675862538
"6",-0.390781563126253,0.223202283570817,1.45290581162325,-0.426592675862538,-0.622592675862538
"7",0.0901803607214431,0.247492639696681,1.45290581162325,-0.426592675862538,-0.622592675862538
"8",0.170340681362725,0.119691271491059,1.45290581162325,-0.426592675862538,-0.622592675862538
"9",0.531062124248497,-0.133589498824642,1.45290581162325,-0.426592675862538,-0.622592675862538
"10",0.551102204408817,-0.132381851370202,1.45290581162325,-0.426592675862538,-0.622592675862538
"11",0.6312625250501,-0.0643250640428582,1.45290581162325,-0.426592675862538,-0.622592675862538
"12",0.651302605210421,-0.122308353498059,1.45290581162325,-0.426592675862538,-0.622592675862538
"13",0.671342685370742,-0.0715244702225462,1.45290581162325,-0.426592675862538,-0.622592675862538
"14",0.751503006012024,-0.101570052112491,1.45290581162325,-0.426592675862538,-0.622592675862538
"15",0.791583166332665,-0.134545243334465,1.45290581162325,-0.426592675862538,-0.622592675862538
"16",0.811623246492986,-0.106082508718818,1.45290581162325,-0.426592675862538,-0.622592675862538
"17",0.851703406813627,-0.219859566298249,1.45290581162325,-0.426592675862538,-0.622592675862538
"18",0.93186372745491,-0.34076578743635,1.45290581162325,-0.426592675862538,-0.622592675862538
"19",1.05210420841683,-0.212049233723301,1.45290581162325,-0.426592675862538,-0.622592675862538
"20",1.07214428857715,-0.206940782494565,1.45290581162325,-0.426592675862538,-0.622592675862538
"21",1.1122244488978,-0.359960415134882,1.45290581162325,-0.426592675862538,-0.622592675862538
"22",1.19238476953908,-0.240269937826975,1.45290581162325,-0.426592675862538,-0.622592675862538
"23",1.2124248496994,-0.321328018684021,1.45290581162325,-0.426592675862538,-0.622592675862538
"24",1.312625250501,-0.415757604048235,1.45290581162325,-0.426592675862538,-0.622592675862538
"25",1.37274549098196,-0.462283992059284,1.45290581162325,-0.426592675862538,-0.622592675862538
"26",1.47294589178357,-0.387226930440761,1.45290581162325,-0.426592675862538,-0.622592675862538
"27",1.49298597194389,-0.630533270178793,1.45290581162325,-0.426592675862538,-0.622592675862538
"28",1.53306613226453,-0.575512442656772,1.45290581162325,-0.426592675862538,-0.622592675862538
"29",1.55310621242485,-0.453932505088005,1.45290581162325,-0.426592675862538,-0.622592675862538
"30",1.61322645290581,-0.539603777928197,1.45290581162325,-0.426592675862538,-0.622592675862538
"31",1.63326653306613,-0.439521451452448,1.45290581162325,-0.426592675862538,-0.622592675862538
"32",1.67334669338677,-0.479780481031805,1.45290581162325,-0.426592675862538,-0.622592675862538
"33",1.71342685370741,-0.566863947828383,1.45290581162325,-0.426592675862538,-0.622592675862538
"34",1.73346693386774,-0.553412959813705,1.45290581162325,-0.426592675862538,-0.622592675862538
"35",1.75350701402806,-0.485455069203364,1.45290581162325,-0.426592675862538,-0.622592675862538
"36",1.7935871743487,-0.673132372522821,1.45290581162325,-0.426592675862538,-0.622592675862538
"37",1.87374749498998,-0.483829646177445,1.45290581162325,-0.426592675862538,-0.622592675862538
"38",1.97394789579158,-0.710908012390584,1.45290581162325,-0.426592675862538,-0.622592675862538
"39",2.03406813627254,-0.689382482517563,1.45290581162325,-0.426592675862538,-0.622592675862538
"40",2.09418837675351,-0.630830365727512,1.45290581162325,-0.426592675862538,-0.622592675862538
"41",2.13426853707415,-0.709336274289577,1.45290581162325,-0.426592675862538,-0.622592675862538
"42",2.19438877755511,-0.754485452385854,1.45290581162325,-0.426592675862538,-0.622592675862538
"43",2.21442885771543,-0.681348251381046,1.45290581162325,-0.426592675862538,-0.622592675862538
"44",2.5751503006012,-0.589333570975621,1.45290581162325,-0.426592675862538,-0.622592675862538
"45",2.97595190380761,-0.824780906282103,1.45290581162325,-0.426592675862538,-0.622592675862538
"46",2.99599198396794,-0.872747324960289,1.45290581162325,-0.426592675862538,-0.622592675862538
"47",3.11623246492986,-0.889631039252332,1.45290581162325,-0.426592675862538,-0.622592675862538
"48",3.8376753507014,-0.677585635083406,1.45290581162325,-0.426592675862538,-0.622592675862538
"49",3.87775551102204,-0.675719976960741,1.45290581162325,-0.426592675862538,-0.622592675862538
"50",4.37875751503006,-0.381941429577348,1.45290581162325,-0.426592675862538,-0.622592675862538
