"","x","yplot","target","ftrue","fwrong"
"1",-4.97995991983968,-0.432384059801661,-1.25250501002004,-0.297060301871996,-0.493060301871996
"2",-4.8997995991984,-0.453599927596313,-1.25250501002004,-0.297060301871996,-0.493060301871996
"3",-4.29859719438878,-0.246247456005381,-1.25250501002004,-0.297060301871996,-0.493060301871996
"4",-4.2184368737475,-0.401784965172033,-1.25250501002004,-0.297060301871996,-0.493060301871996
"5",-3.97795591182365,-0.400497134619328,-1.25250501002004,-0.297060301871996,-0.493060301871996
"6",-3.6372745490982,-0.555088855825401,-1.25250501002004,-0.297060301871996,-0.493060301871996
"7",-3.23647294589178,-0.43840457622387,-1.25250501002004,-0.297060301871996,-0.493060301871996
"8",-3.13627254509018,-0.431827073879728,-1.25250501002004,-0.297060301871996,-0.493060301871996
"9",-2.39478957915832,-0.47951330224438,-1.25250501002004,-0.297060301871996,-0.493060301871996
"10",-2.31462925851703,-0.37306982356136,-1.25250501002004,-0.297060301871996,-0.493060301871996
"11",-2.05410821643287,-0.42130020019384,-1.25250501002004,-0.297060301871996,-0.493060301871996
"12",-1.83366733466934,-0.385750561956848,-1.25250501002004,-0.297060301871996,-0.493060301871996
"13",-1.77354709418838,-0.210344173210671,-1.25250501002004,-0.297060301871996,-0.493060301871996
"14",-1.73346693386774,-0.257772843467288,-1.25250501002004,-0.297060301871996,-0.493060301871996
"15",-1.67334669338677,-0.311445001896972,-1.25250501002004,-0.297060301871996,-0.493060301871996
"16",-1.57314629258517,-0.177742722533302,-1.25250501002004,-0.297060301871996,-0.493060301871996
"17",-1.53306613226453,-0.310541708108291,-1.25250501002004,-0.297060301871996,-0.493060301871996
"18",-1.47294589178357,-0.4598533125791,-1.25250501002004,-0.297060301871996,-0.493060301871996
"19",-1.43286573146293,-0.0414798855114142,-1.25250501002004,-0.297060301871996,-0.493060301871996
"20",-1.23246492985972,-0.408301934187461,-1.25250501002004,-0.297060301871996,-0.493060301871996
"21",-1.05210420841683,-0.161253876803371,-1.25250501002004,-0.297060301871996,-0.493060301871996
"22",-0.691382765531062,-0.243270157626576,-1.25250501002004,-0.297060301871996,-0.493060301871996
"23",-0.511022044088176,-0.120013323458136,-1.25250501002004,-0.297060301871996,-0.493060301871996
"24",-0.410821643286574,-0.166953239902657,-1.25250501002004,-0.297060301871996,-0.493060301871996
"25",-0.270541082164329,-0.158030477978011,-1.25250501002004,-0.297060301871996,-0.493060301871996
"26",0.0300601202404804,-0.00516175150242682,-1.25250501002004,-0.297060301871996,-0.493060301871996
"27",0.270541082164328,0.108608567917393,-1.25250501002004,-0.297060301871996,-0.493060301871996
"28",1.19238476953908,0.0705918956566205,-1.25250501002004,-0.297060301871996,-0.493060301871996
"29",1.23246492985972,0.285669925812227,-1.25250501002004,-0.297060301871996,-0.493060301871996
"30",1.35270541082164,0.119355996208693,-1.25250501002004,-0.297060301871996,-0.493060301871996
"31",1.43286573146293,0.218656667119579,-1.25250501002004,-0.297060301871996,-0.493060301871996
"32",1.45290581162325,0.184051786847965,-1.25250501002004,-0.297060301871996,-0.493060301871996
"33",1.59318637274549,0.381311096456171,-1.25250501002004,-0.297060301871996,-0.493060301871996
"34",1.65330661322645,0.286116724699177,-1.25250501002004,-0.297060301871996,-0.493060301871996
"35",1.75350701402806,0.23672805518747,-1.25250501002004,-0.297060301871996,-0.493060301871996
"36",1.9939879759519,0.575702910322292,-1.25250501002004,-0.297060301871996,-0.493060301871996
"37",2.05410821643287,0.346848616343017,-1.25250501002004,-0.297060301871996,-0.493060301871996
"38",2.33466933867735,0.586261892355389,-1.25250501002004,-0.297060301871996,-0.493060301871996
"39",3.01603206412826,0.590566715622787,-1.25250501002004,-0.297060301871996,-0.493060301871996
"40",3.19639278557114,0.729362418768735,-1.25250501002004,-0.297060301871996,-0.493060301871996
"41",3.33667334669339,0.7641016201462,-1.25250501002004,-0.297060301871996,-0.493060301871996
"42",3.47695390781563,0.814239628537016,-1.25250501002004,-0.297060301871996,-0.493060301871996
"43",3.57715430861723,0.762363246091403,-1.25250501002004,-0.297060301871996,-0.493060301871996
"44",3.65731462925852,0.811279334989519,-1.25250501002004,-0.297060301871996,-0.493060301871996
"45",3.89779559118236,0.749769877734186,-1.25250501002004,-0.297060301871996,-0.493060301871996
"46",4.13827655310621,0.785925269061433,-1.25250501002004,-0.297060301871996,-0.493060301871996
"47",4.15831663326653,0.847138121845918,-1.25250501002004,-0.297060301871996,-0.493060301871996
"48",4.25851703406814,0.736427308974595,-1.25250501002004,-0.297060301871996,-0.493060301871996
"49",4.39879759519038,0.690840225075852,-1.25250501002004,-0.297060301871996,-0.493060301871996
"50",4.65931863727455,0.860374819167966,-1.25250501002004,-0.297060301871996,-0.493060301871996
