"","x","yplot","target","ftrue","fwrong"
"1",-4.51903807615231,0.732971853461726,1.35270541082164,-0.437750156969317,-0.241750156969317
"2",-3.89779559118236,0.450077107008877,1.35270541082164,-0.437750156969317,-0.241750156969317
"3",-2.31462925851703,-0.0925834038825657,1.35270541082164,-0.437750156969317,-0.241750156969317
"4",-2.05410821643287,-0.0334311420533418,1.35270541082164,-0.437750156969317,-0.241750156969317
"5",-0.871743486973948,-0.309903227921658,1.35270541082164,-0.437750156969317,-0.241750156969317
"6",-0.210420841683367,-0.435416564945555,1.35270541082164,-0.437750156969317,-0.241750156969317
"7",0.390781563126252,-0.536935221766034,1.35270541082164,-0.437750156969317,-0.241750156969317
"8",0.410821643286573,-0.602967430592135,1.35270541082164,-0.437750156969317,-0.241750156969317
"9",0.450901803607215,-0.311902619489137,1.35270541082164,-0.437750156969317,-0.241750156969317
"10",0.551102204408817,-0.527066727350955,1.35270541082164,-0.437750156969317,-0.241750156969317
"11",0.711422845691382,-0.357271645547124,1.35270541082164,-0.437750156969317,-0.241750156969317
"12",0.751503006012024,-0.54334788124679,1.35270541082164,-0.437750156969317,-0.241750156969317
"13",0.771543086172344,-0.653477119374758,1.35270541082164,-0.437750156969317,-0.241750156969317
"14",0.891783567134269,-0.515833162388829,1.35270541082164,-0.437750156969317,-0.241750156969317
"15",1.03206412825651,-0.467196888617115,1.35270541082164,-0.437750156969317,-0.241750156969317
"16",1.07214428857715,-0.412950306315711,1.35270541082164,-0.437750156969317,-0.241750156969317
"17",1.23246492985972,-0.534719316438261,1.35270541082164,-0.437750156969317,-0.241750156969317
"18",1.33266533066132,-0.46048099453648,1.35270541082164,-0.437750156969317,-0.241750156969317
"19",1.37274549098196,-0.56368803283971,1.35270541082164,-0.437750156969317,-0.241750156969317
"20",1.49298597194389,-0.330377242543457,1.35270541082164,-0.437750156969317,-0.241750156969317
"21",1.65330661322645,-0.419070663485168,1.35270541082164,-0.437750156969317,-0.241750156969317
"22",1.71342685370741,-0.525610513433967,1.35270541082164,-0.437750156969317,-0.241750156969317
"23",1.75350701402806,-0.564446128218106,1.35270541082164,-0.437750156969317,-0.241750156969317
"24",1.91382765531062,-0.51340510075309,1.35270541082164,-0.437750156969317,-0.241750156969317
"25",2.03406813627254,-0.465193008902261,1.35270541082164,-0.437750156969317,-0.241750156969317
"26",2.09418837675351,-0.179412555307974,1.35270541082164,-0.437750156969317,-0.241750156969317
"27",2.25450901803607,-0.18570359659229,1.35270541082164,-0.437750156969317,-0.241750156969317
"28",3.07615230460922,-0.176864240470029,1.35270541082164,-0.437750156969317,-0.241750156969317
"29",3.7374749498998,-0.0664744189689862,1.35270541082164,-0.437750156969317,-0.241750156969317
"30",4.45891783567134,0.286954042860072,1.35270541082164,-0.437750156969317,-0.241750156969317
