"","x","yplot","target","ftrue","fwrong"
"1",-3.1563126252505,-0.420944262200922,0.410821643286573,0.700374143144738,0.504374143144738
"2",-1.51302605210421,0.652316228068643,0.410821643286573,0.700374143144738,0.504374143144738
"3",0.210420841683367,0.713698664575196,0.410821643286573,0.700374143144738,0.504374143144738
"4",0.511022044088176,0.617349481605919,0.410821643286573,0.700374143144738,0.504374143144738
"5",1.17234468937876,0.324680131477092,0.410821643286573,0.700374143144738,0.504374143144738
"6",1.53306613226453,0.144400657501954,0.410821643286573,0.700374143144738,0.504374143144738
"7",1.97394789579158,0.0552836490380006,0.410821643286573,0.700374143144738,0.504374143144738
"8",3.43687374749499,0.226597656507992,0.410821643286573,0.700374143144738,0.504374143144738
"9",3.6372745490982,0.367842183224838,0.410821643286573,0.700374143144738,0.504374143144738
"10",3.71743486973948,0.272618538906917,0.410821643286573,0.700374143144738,0.504374143144738
