"","x","yplot","target","ftrue","fwrong"
"1",-4.97995991983968,0.437273283788354,-4.23847695390782,0.409263433529947,0.605263433529947
"2",-4.8997995991984,0.411011139434826,-4.23847695390782,0.409263433529947,0.605263433529947
"3",-4.85971943887776,0.5958804224071,-4.23847695390782,0.409263433529947,0.605263433529947
"4",-4.75951903807615,0.496507324151763,-4.23847695390782,0.409263433529947,0.605263433529947
"5",-4.73947895791583,0.532997656523697,-4.23847695390782,0.409263433529947,0.605263433529947
"6",-4.67935871743487,0.477437308132925,-4.23847695390782,0.409263433529947,0.605263433529947
"7",-4.59919839679359,0.224787111317416,-4.23847695390782,0.409263433529947,0.605263433529947
"8",-4.53907815631263,0.67406012855558,-4.23847695390782,0.409263433529947,0.605263433529947
"9",-4.45891783567134,0.366969154507403,-4.23847695390782,0.409263433529947,0.605263433529947
"10",-4.4188376753507,0.412711279958104,-4.23847695390782,0.409263433529947,0.605263433529947
"11",-4.37875751503006,0.588067143151928,-4.23847695390782,0.409263433529947,0.605263433529947
"12",-4.35871743486974,0.46786195291404,-4.23847695390782,0.409263433529947,0.605263433529947
"13",-4.33867735470942,0.424099555487551,-4.23847695390782,0.409263433529947,0.605263433529947
"14",-4.29859719438878,0.453822585546952,-4.23847695390782,0.409263433529947,0.605263433529947
"15",-4.17835671342685,0.264331102651805,-4.23847695390782,0.409263433529947,0.605263433529947
"16",-4.13827655310621,0.493358721374991,-4.23847695390782,0.409263433529947,0.605263433529947
"17",-4.11823647294589,0.513585033272973,-4.23847695390782,0.409263433529947,0.605263433529947
"18",-3.85771543086172,0.355429753369779,-4.23847695390782,0.409263433529947,0.605263433529947
"19",-3.81763527054108,0.1565431413521,-4.23847695390782,0.409263433529947,0.605263433529947
"20",-3.79759519038076,0.349746859235315,-4.23847695390782,0.409263433529947,0.605263433529947
"21",-3.7374749498998,0.418473890387652,-4.23847695390782,0.409263433529947,0.605263433529947
"22",-3.6372745490982,0.186354985516568,-4.23847695390782,0.409263433529947,0.605263433529947
"23",-3.61723446893788,0.263852979332988,-4.23847695390782,0.409263433529947,0.605263433529947
"24",-3.55711422845691,0.202247692570547,-4.23847695390782,0.409263433529947,0.605263433529947
"25",-3.51703406813627,0.168947435387341,-4.23847695390782,0.409263433529947,0.605263433529947
"26",-3.43687374749499,0.0993780705840227,-4.23847695390782,0.409263433529947,0.605263433529947
"27",-3.39679358717435,-0.00408894670906376,-4.23847695390782,0.409263433529947,0.605263433529947
"28",-3.31663326653307,0.182071624478667,-4.23847695390782,0.409263433529947,0.605263433529947
"29",-1.63326653306613,-0.510719244072765,-4.23847695390782,0.409263433529947,0.605263433529947
"30",-1.39278557114228,-0.458191592362762,-4.23847695390782,0.409263433529947,0.605263433529947
"31",-1.2124248496994,-0.49002246491997,-4.23847695390782,0.409263433529947,0.605263433529947
"32",-0.370741482965932,-0.603700660628489,-4.23847695390782,0.409263433529947,0.605263433529947
"33",1.71342685370741,-0.986999801201666,-4.23847695390782,0.409263433529947,0.605263433529947
"34",1.83366733466934,-0.849964998752627,-4.23847695390782,0.409263433529947,0.605263433529947
"35",2.11422845691383,-0.942052196105303,-4.23847695390782,0.409263433529947,0.605263433529947
"36",3.35671342685371,-0.882653124401799,-4.23847695390782,0.409263433529947,0.605263433529947
"37",3.39679358717435,-0.827643548273327,-4.23847695390782,0.409263433529947,0.605263433529947
"38",3.57715430861723,-0.865268185096433,-4.23847695390782,0.409263433529947,0.605263433529947
"39",3.65731462925852,-0.843973202970818,-4.23847695390782,0.409263433529947,0.605263433529947
"40",4.37875751503006,-0.821783709569152,-4.23847695390782,0.409263433529947,0.605263433529947
