"","x","yplot","target","ftrue","fwrong"
"1",-3.97795591182365,-0.377957516689799,0.831663326653306,0.128545604657517,0.324545604657517
"2",-3.81763527054108,-0.405102553800083,0.831663326653306,0.128545604657517,0.324545604657517
"3",-2.5751503006012,0.181833707878779,0.831663326653306,0.128545604657517,0.324545604657517
"4",-1.67334669338677,0.75642697393163,0.831663326653306,0.128545604657517,0.324545604657517
"5",-1.17234468937876,0.949505709317686,0.831663326653306,0.128545604657517,0.324545604657517
"6",-1.01202404809619,0.93089382168018,0.831663326653306,0.128545604657517,0.324545604657517
"7",-0.571142284569138,0.892612251783608,0.831663326653306,0.128545604657517,0.324545604657517
"8",0.210420841683367,0.627417280819127,0.831663326653306,0.128545604657517,0.324545604657517
"9",0.470941883767535,0.265773617555903,0.831663326653306,0.128545604657517,0.324545604657517
"10",0.490981963927855,0.474439313807183,0.831663326653306,0.128545604657517,0.324545604657517
"11",0.591182364729459,0.301222596820904,0.831663326653306,0.128545604657517,0.324545604657517
"12",0.731462925851703,0.24600800464852,0.831663326653306,0.128545604657517,0.324545604657517
"13",0.911823647294589,0.127612325066302,0.831663326653306,0.128545604657517,0.324545604657517
"14",1.91382765531062,-0.7765915055538,0.831663326653306,0.128545604657517,0.324545604657517
"15",1.97394789579158,-0.446103229950697,0.831663326653306,0.128545604657517,0.324545604657517
"16",2.11422845691383,-0.597935901978254,0.831663326653306,0.128545604657517,0.324545604657517
"17",2.35470941883768,-0.532956918099538,0.831663326653306,0.128545604657517,0.324545604657517
"18",2.39478957915832,-0.563341775769273,0.831663326653306,0.128545604657517,0.324545604657517
"19",2.41482965931864,-0.403244668486709,0.831663326653306,0.128545604657517,0.324545604657517
"20",3.19639278557114,-0.178822847803787,0.831663326653306,0.128545604657517,0.324545604657517
