"","x","yplot","target","ftrue","fwrong"
"1",-4.97995991983968,0.595498015944937,-4.11823647294589,0.277815289310821,0.0818152893108205
"2",-4.75951903807615,0.599938362778964,-4.11823647294589,0.277815289310821,0.0818152893108205
"3",-4.69939879759519,0.581856466728477,-4.11823647294589,0.277815289310821,0.0818152893108205
"4",-4.63927855711423,0.304253774604537,-4.11823647294589,0.277815289310821,0.0818152893108205
"5",-4.59919839679359,0.489278734183237,-4.11823647294589,0.277815289310821,0.0818152893108205
"6",-4.51903807615231,0.3590853915313,-4.11823647294589,0.277815289310821,0.0818152893108205
"7",-4.45891783567134,0.265441291910313,-4.11823647294589,0.277815289310821,0.0818152893108205
"8",-4.4188376753507,0.488390701121379,-4.11823647294589,0.277815289310821,0.0818152893108205
"9",-4.37875751503006,0.592564836691258,-4.11823647294589,0.277815289310821,0.0818152893108205
"10",-4.27855711422846,0.090078091931019,-4.11823647294589,0.277815289310821,0.0818152893108205
"11",-4.15831663326653,0.140372059851332,-4.11823647294589,0.277815289310821,0.0818152893108205
"12",-4.07815631262525,0.151788382912485,-4.11823647294589,0.277815289310821,0.0818152893108205
"13",-4.03807615230461,0.38973698692618,-4.11823647294589,0.277815289310821,0.0818152893108205
"14",-3.89779559118236,0.109669029489076,-4.11823647294589,0.277815289310821,0.0818152893108205
"15",-3.79759519038076,0.338653754203821,-4.11823647294589,0.277815289310821,0.0818152893108205
"16",-3.59719438877756,0.284410682669702,-4.11823647294589,0.277815289310821,0.0818152893108205
"17",-3.57715430861723,0.0421845010604178,-4.11823647294589,0.277815289310821,0.0818152893108205
"18",-3.55711422845691,0.0650711739282239,-4.11823647294589,0.277815289310821,0.0818152893108205
"19",-3.49699398797595,0.120353489183377,-4.11823647294589,0.277815289310821,0.0818152893108205
"20",-3.47695390781563,0.0551545345050962,-4.11823647294589,0.277815289310821,0.0818152893108205
"21",-3.43687374749499,-0.0182572297855691,-4.11823647294589,0.277815289310821,0.0818152893108205
"22",-3.39679358717435,0.0168190978016613,-4.11823647294589,0.277815289310821,0.0818152893108205
"23",-3.35671342685371,0.100591998849777,-4.11823647294589,0.277815289310821,0.0818152893108205
"24",-3.33667334669339,0.217877709618019,-4.11823647294589,0.277815289310821,0.0818152893108205
"25",-3.31663326653307,-0.128324495338669,-4.11823647294589,0.277815289310821,0.0818152893108205
"26",-3.23647294589178,0.0908941187915589,-4.11823647294589,0.277815289310821,0.0818152893108205
"27",-3.17635270541082,0.0897916620503841,-4.11823647294589,0.277815289310821,0.0818152893108205
"28",-3.1563126252505,0.0715567964642958,-4.11823647294589,0.277815289310821,0.0818152893108205
"29",-2.73547094188377,-0.185379885244438,-4.11823647294589,0.277815289310821,0.0818152893108205
"30",-2.07414829659319,-0.217446690648667,-4.11823647294589,0.277815289310821,0.0818152893108205
"31",-0.791583166332665,-0.536808589833158,-4.11823647294589,0.277815289310821,0.0818152893108205
"32",0.130260521042084,-0.818989064654349,-4.11823647294589,0.277815289310821,0.0818152893108205
"33",1.13226452905812,-1.07010159390488,-4.11823647294589,0.277815289310821,0.0818152893108205
"34",1.17234468937876,-0.681658688602491,-4.11823647294589,0.277815289310821,0.0818152893108205
"35",1.45290581162325,-0.700333839241474,-4.11823647294589,0.277815289310821,0.0818152893108205
"36",1.47294589178357,-0.748095029946439,-4.11823647294589,0.277815289310821,0.0818152893108205
"37",2.11422845691383,-0.778920731690864,-4.11823647294589,0.277815289310821,0.0818152893108205
"38",2.5751503006012,-0.793183513357714,-4.11823647294589,0.277815289310821,0.0818152893108205
"39",4.05811623246493,-0.570353905257808,-4.11823647294589,0.277815289310821,0.0818152893108205
"40",4.65931863727455,-0.498345434594749,-4.11823647294589,0.277815289310821,0.0818152893108205
