"","x","yplot","target","ftrue","fwrong"
"1",0.891783567134269,0.26512824740097,3.87775551102204,-0.579740097428013,-0.775740097428013
"2",1.9939879759519,0.0664854878388421,3.87775551102204,-0.579740097428013,-0.775740097428013
"3",2.43486973947896,-0.231058423951837,3.87775551102204,-0.579740097428013,-0.775740097428013
"4",2.95591182364729,-0.368731120283123,3.87775551102204,-0.579740097428013,-0.775740097428013
"5",3.43687374749499,-0.416029134301327,3.87775551102204,-0.579740097428013,-0.775740097428013
"6",3.51703406813627,-0.551889011155109,3.87775551102204,-0.579740097428013,-0.775740097428013
"7",4.25851703406814,-0.758326274472137,3.87775551102204,-0.579740097428013,-0.775740097428013
"8",4.33867735470942,-0.747073345136837,3.87775551102204,-0.579740097428013,-0.775740097428013
"9",4.57915831663327,-0.785959221749188,3.87775551102204,-0.579740097428013,-0.775740097428013
"10",4.59919839679359,-0.79802441497784,3.87775551102204,-0.579740097428013,-0.775740097428013
