"","x","yplot","target","ftrue","fwrong"
"1",-1.03206412825651,0.33342177224609,2.81563126252505,-0.395127267742931,-0.199127267742931
"2",0.95190380761523,-0.737742205224524,2.81563126252505,-0.395127267742931,-0.199127267742931
"3",1.95390781563126,-0.877121953194679,2.81563126252505,-0.395127267742931,-0.199127267742931
"4",2.11422845691383,-0.832183828897434,2.81563126252505,-0.395127267742931,-0.199127267742931
"5",2.13426853707415,-0.776482176690559,2.81563126252505,-0.395127267742931,-0.199127267742931
"6",2.45490981963928,-0.563306696546323,2.81563126252505,-0.395127267742931,-0.199127267742931
"7",3.31663326653307,-0.192950475555553,2.81563126252505,-0.395127267742931,-0.199127267742931
"8",3.43687374749499,-0.221192001452037,2.81563126252505,-0.395127267742931,-0.199127267742931
"9",3.47695390781563,0.124314260941029,2.81563126252505,-0.395127267742931,-0.199127267742931
"10",4.97995991983968,-0.265254146440198,2.81563126252505,-0.395127267742931,-0.199127267742931
