"","x","yplot","target","ftrue","fwrong"
"1",-4.97995991983968,-0.260321631230512,-1.69338677354709,0.598940146416606,0.402940146416606
"2",-4.57915831663327,-0.223608800996359,-1.69338677354709,0.598940146416606,0.402940146416606
"3",-4.3186372745491,-0.289741438637994,-1.69338677354709,0.598940146416606,0.402940146416606
"4",-4.01803607214429,-0.226390109915669,-1.69338677354709,0.598940146416606,0.402940146416606
"5",-3.09619238476954,-0.018289979483804,-1.69338677354709,0.598940146416606,0.402940146416606
"6",-3.0561122244489,-0.074895209939037,-1.69338677354709,0.598940146416606,0.402940146416606
"7",-2.41482965931864,0.41637078343637,-1.69338677354709,0.598940146416606,0.402940146416606
"8",-1.7935871743487,0.595034536252337,-1.69338677354709,0.598940146416606,0.402940146416606
"9",-1.55310621242485,0.583344268507395,-1.69338677354709,0.598940146416606,0.402940146416606
"10",-1.43286573146293,0.611156830864093,-1.69338677354709,0.598940146416606,0.402940146416606
"11",-1.35270541082164,0.488744015506963,-1.69338677354709,0.598940146416606,0.402940146416606
"12",-1.17234468937876,0.669256601713289,-1.69338677354709,0.598940146416606,0.402940146416606
"13",-1.05210420841683,0.689532834230811,-1.69338677354709,0.598940146416606,0.402940146416606
"14",-0.95190380761523,0.95603563639663,-1.69338677354709,0.598940146416606,0.402940146416606
"15",-0.91182364729459,0.773774114535169,-1.69338677354709,0.598940146416606,0.402940146416606
"16",-0.430861723446894,0.903323414753754,-1.69338677354709,0.598940146416606,0.402940146416606
"17",1.05210420841683,0.35674652848419,-1.69338677354709,0.598940146416606,0.402940146416606
"18",1.15230460921844,0.11892814389793,-1.69338677354709,0.598940146416606,0.402940146416606
"19",1.37274549098196,0.108824266580053,-1.69338677354709,0.598940146416606,0.402940146416606
"20",1.49298597194389,-0.0194951590513812,-1.69338677354709,0.598940146416606,0.402940146416606
"21",1.85370741482966,-0.348401660112148,-1.69338677354709,0.598940146416606,0.402940146416606
"22",2.63527054108216,-0.96007263342699,-1.69338677354709,0.598940146416606,0.402940146416606
"23",2.79559118236473,-0.862598460519997,-1.69338677354709,0.598940146416606,0.402940146416606
"24",3.1563126252505,-0.948144293861298,-1.69338677354709,0.598940146416606,0.402940146416606
"25",3.77755511022044,-0.560582076406109,-1.69338677354709,0.598940146416606,0.402940146416606
"26",4.21843687374749,-0.00227010729427347,-1.69338677354709,0.598940146416606,0.402940146416606
"27",4.25851703406814,-0.0133035935621803,-1.69338677354709,0.598940146416606,0.402940146416606
"28",4.83967935871743,0.571845326634795,-1.69338677354709,0.598940146416606,0.402940146416606
"29",4.95991983967936,0.507308455175066,-1.69338677354709,0.598940146416606,0.402940146416606
"30",5,0.415494671272047,-1.69338677354709,0.598940146416606,0.402940146416606
