"","x","yplot","target","ftrue","fwrong"
"1",-4.81963927855711,-0.214152827021321,1.01202404809619,-0.502809484755163,-0.698809484755163
"2",-4.61923847695391,-0.277252689912575,1.01202404809619,-0.502809484755163,-0.698809484755163
"3",-4.27855711422846,-0.469990455779797,1.01202404809619,-0.502809484755163,-0.698809484755163
"4",-3.85771543086172,-0.641780751745941,1.01202404809619,-0.502809484755163,-0.698809484755163
"5",-3.81763527054108,-0.631282926755422,1.01202404809619,-0.502809484755163,-0.698809484755163
"6",-3.67735470941884,-0.602754822291914,1.01202404809619,-0.502809484755163,-0.698809484755163
"7",-3.27655310621242,-0.626353617237658,1.01202404809619,-0.502809484755163,-0.698809484755163
"8",-3.19639278557114,-0.657259076631322,1.01202404809619,-0.502809484755163,-0.698809484755163
"9",-3.1563126252505,-0.423099654148293,1.01202404809619,-0.502809484755163,-0.698809484755163
"10",-2.43486973947896,-0.371805343954715,1.01202404809619,-0.502809484755163,-0.698809484755163
"11",-2.03406813627255,-0.296225233547227,1.01202404809619,-0.502809484755163,-0.698809484755163
"12",-1.09218436873748,-0.234837063587395,1.01202404809619,-0.502809484755163,-0.698809484755163
"13",-0.430861723446894,-0.301965722732437,1.01202404809619,-0.502809484755163,-0.698809484755163
"14",-0.330661322645291,-0.274655378103772,1.01202404809619,-0.502809484755163,-0.698809484755163
"15",0.0501002004008013,-0.258334211569252,1.01202404809619,-0.502809484755163,-0.698809484755163
"16",0.33066132264529,-0.172703183175878,1.01202404809619,-0.502809484755163,-0.698809484755163
"17",0.511022044088176,-0.279592775636861,1.01202404809619,-0.502809484755163,-0.698809484755163
"18",1.03206412825651,-0.41096104276905,1.01202404809619,-0.502809484755163,-0.698809484755163
"19",1.1122244488978,-0.623925394958911,1.01202404809619,-0.502809484755163,-0.698809484755163
"20",1.51302605210421,-0.63302398162611,1.01202404809619,-0.502809484755163,-0.698809484755163
"21",1.61322645290581,-0.577990726378651,1.01202404809619,-0.502809484755163,-0.698809484755163
"22",1.63326653306613,-0.753536627030125,1.01202404809619,-0.502809484755163,-0.698809484755163
"23",1.97394789579158,-0.728014767470926,1.01202404809619,-0.502809484755163,-0.698809484755163
"24",2.15430861723447,-0.566884207050371,1.01202404809619,-0.502809484755163,-0.698809484755163
"25",2.75551102204409,-0.220497975468237,1.01202404809619,-0.502809484755163,-0.698809484755163
"26",3.33667334669339,0.0702919348935605,1.01202404809619,-0.502809484755163,-0.698809484755163
"27",3.37675350701403,-0.0563306149365657,1.01202404809619,-0.502809484755163,-0.698809484755163
"28",3.67735470941884,0.201427720455858,1.01202404809619,-0.502809484755163,-0.698809484755163
"29",4.61923847695391,0.665843265754426,1.01202404809619,-0.502809484755163,-0.698809484755163
"30",4.91983967935872,0.55883206445013,1.01202404809619,-0.502809484755163,-0.698809484755163
