"","x","yplot","target","ftrue","fwrong"
"1",-5,-0.758347762730029,-4.51903807615231,-0.694905626192736,-0.498905626192736
"2",-4.93987975951904,-0.482170642608051,-4.51903807615231,-0.694905626192736,-0.498905626192736
"3",-4.8997995991984,-0.820601778979961,-4.51903807615231,-0.694905626192736,-0.498905626192736
"4",-4.85971943887776,-0.644783633800388,-4.51903807615231,-0.694905626192736,-0.498905626192736
"5",-4.57915831663327,-0.8659094126108,-4.51903807615231,-0.694905626192736,-0.498905626192736
"6",-4.53907815631263,-0.754846297111684,-4.51903807615231,-0.694905626192736,-0.498905626192736
"7",-4.51903807615231,-0.69449139155435,-4.51903807615231,-0.694905626192736,-0.498905626192736
"8",-4.49899799599198,-0.592701958349973,-4.51903807615231,-0.694905626192736,-0.498905626192736
"9",-4.4188376753507,-0.713669320352274,-4.51903807615231,-0.694905626192736,-0.498905626192736
"10",-4.39879759519038,-0.965551729867599,-4.51903807615231,-0.694905626192736,-0.498905626192736
"11",-4.37875751503006,-0.777699296101571,-4.51903807615231,-0.694905626192736,-0.498905626192736
"12",-4.2184368737475,-0.739179338453876,-4.51903807615231,-0.694905626192736,-0.498905626192736
"13",-4.19839679358717,-0.824834676202874,-4.51903807615231,-0.694905626192736,-0.498905626192736
"14",-4.17835671342685,-0.814190973059246,-4.51903807615231,-0.694905626192736,-0.498905626192736
"15",-3.89779559118236,-0.806164587913476,-4.51903807615231,-0.694905626192736,-0.498905626192736
"16",-3.87775551102204,-0.786233728246311,-4.51903807615231,-0.694905626192736,-0.498905626192736
"17",-3.77755511022044,-0.73152316301471,-4.51903807615231,-0.694905626192736,-0.498905626192736
"18",-3.67735470941884,-0.80676945024415,-4.51903807615231,-0.694905626192736,-0.498905626192736
"19",-3.6372745490982,-0.942570440476274,-4.51903807615231,-0.694905626192736,-0.498905626192736
"20",-3.55711422845691,-0.692694001080151,-4.51903807615231,-0.694905626192736,-0.498905626192736
"21",-3.53707414829659,-0.747388005464853,-4.51903807615231,-0.694905626192736,-0.498905626192736
"22",-3.23647294589178,-0.955156516401965,-4.51903807615231,-0.694905626192736,-0.498905626192736
"23",-2.13426853707415,-0.53241610852105,-4.51903807615231,-0.694905626192736,-0.498905626192736
"24",-1.85370741482966,-0.653602186906212,-4.51903807615231,-0.694905626192736,-0.498905626192736
"25",-1.35270541082164,-0.444894052880221,-4.51903807615231,-0.694905626192736,-0.498905626192736
"26",-0.731462925851703,-0.50047121007572,-4.51903807615231,-0.694905626192736,-0.498905626192736
"27",0.450901803607215,-0.00949228956272691,-4.51903807615231,-0.694905626192736,-0.498905626192736
"28",1.71342685370741,0.367467314132173,-4.51903807615231,-0.694905626192736,-0.498905626192736
"29",1.91382765531062,0.330581274971528,-4.51903807615231,-0.694905626192736,-0.498905626192736
"30",4.8997995991984,0.0970755009541607,-4.51903807615231,-0.694905626192736,-0.498905626192736
