"","x","yplot","target","ftrue","fwrong"
"1",-4.11823647294589,0.11134728824892,-1.53306613226453,0.0425798963347396,0.23857989633474
"2",-2.29458917835671,0.157684132598754,-1.53306613226453,0.0425798963347396,0.23857989633474
"3",-1.39278557114228,0.14553599799484,-1.53306613226453,0.0425798963347396,0.23857989633474
"4",-1.27254509018036,-0.212741907617336,-1.53306613226453,0.0425798963347396,0.23857989633474
"5",1.29258517034068,-0.75415829866285,-1.53306613226453,0.0425798963347396,0.23857989633474
"6",2.15430861723447,-0.542817673315099,-1.53306613226453,0.0425798963347396,0.23857989633474
"7",2.71543086172345,-0.436857863527302,-1.53306613226453,0.0425798963347396,0.23857989633474
"8",3.69739478957916,-0.421323435389207,-1.53306613226453,0.0425798963347396,0.23857989633474
"9",4.23847695390782,0.144547793349894,-1.53306613226453,0.0425798963347396,0.23857989633474
"10",4.93987975951904,0.287255408141995,-1.53306613226453,0.0425798963347396,0.23857989633474
