"","x","yplot","target","ftrue","fwrong"
"1",-4.8997995991984,-0.684415825802322,-3.31663326653307,-0.285716761027868,-0.0897167610278677
"2",-4.25851703406814,-0.489853107945238,-3.31663326653307,-0.285716761027868,-0.0897167610278677
"3",-4.23847695390782,-0.429175571650854,-3.31663326653307,-0.285716761027868,-0.0897167610278677
"4",-3.97795591182365,-0.445815444219497,-3.31663326653307,-0.285716761027868,-0.0897167610278677
"5",-3.93787575150301,-0.407414945441643,-3.31663326653307,-0.285716761027868,-0.0897167610278677
"6",-3.87775551102204,-0.274337034245664,-3.31663326653307,-0.285716761027868,-0.0897167610278677
"7",-3.39679358717435,-0.0853426495424125,-3.31663326653307,-0.285716761027868,-0.0897167610278677
"8",-3.01603206412826,-0.175433296367855,-3.31663326653307,-0.285716761027868,-0.0897167610278677
"9",-2.49498997995992,-0.0463275910699967,-3.31663326653307,-0.285716761027868,-0.0897167610278677
"10",-2.35470941883768,-0.0988441540265741,-3.31663326653307,-0.285716761027868,-0.0897167610278677
"11",-1.91382765531062,0.0518521302249843,-3.31663326653307,-0.285716761027868,-0.0897167610278677
"12",-1.45290581162325,0.221867212465809,-3.31663326653307,-0.285716761027868,-0.0897167610278677
"13",-1.41282565130261,0.381170941085276,-3.31663326653307,-0.285716761027868,-0.0897167610278677
"14",-1.13226452905812,0.206875415016322,-3.31663326653307,-0.285716761027868,-0.0897167610278677
"15",-0.95190380761523,0.328676325240024,-3.31663326653307,-0.285716761027868,-0.0897167610278677
"16",-0.591182364729459,0.301676307214063,-3.31663326653307,-0.285716761027868,-0.0897167610278677
"17",0.430861723446894,0.78612206975673,-3.31663326653307,-0.285716761027868,-0.0897167610278677
"18",0.531062124248497,0.695302552777895,-3.31663326653307,-0.285716761027868,-0.0897167610278677
"19",0.551102204408817,0.685179679169256,-3.31663326653307,-0.285716761027868,-0.0897167610278677
"20",0.871743486973948,0.951415456500704,-3.31663326653307,-0.285716761027868,-0.0897167610278677
"21",1.27254509018036,0.92587371810715,-3.31663326653307,-0.285716761027868,-0.0897167610278677
"22",1.87374749498998,1.07387742303855,-3.31663326653307,-0.285716761027868,-0.0897167610278677
"23",2.05410821643287,1.00410466707008,-3.31663326653307,-0.285716761027868,-0.0897167610278677
"24",2.27454909819639,0.895085466694349,-3.31663326653307,-0.285716761027868,-0.0897167610278677
"25",2.39478957915832,1.04605799241715,-3.31663326653307,-0.285716761027868,-0.0897167610278677
"26",3.07615230460922,0.88694690671591,-3.31663326653307,-0.285716761027868,-0.0897167610278677
"27",3.47695390781563,1.02400506371582,-3.31663326653307,-0.285716761027868,-0.0897167610278677
"28",3.75751503006012,1.033146893436,-3.31663326653307,-0.285716761027868,-0.0897167610278677
"29",3.99799599198397,0.915821194000067,-3.31663326653307,-0.285716761027868,-0.0897167610278677
"30",4.01803607214429,0.933774077478524,-3.31663326653307,-0.285716761027868,-0.0897167610278677
