"","x","yplot","target","ftrue","fwrong"
"1",-4.85971943887776,-0.415452091929631,2.63527054108216,-0.110722268115064,-0.306722268115064
"2",-4.79959919839679,-0.170019224791665,2.63527054108216,-0.110722268115064,-0.306722268115064
"3",-4.61923847695391,-0.369021969155128,2.63527054108216,-0.110722268115064,-0.306722268115064
"4",-4.43887775551102,-0.449062946229361,2.63527054108216,-0.110722268115064,-0.306722268115064
"5",-4.29859719438878,-0.534438798818288,2.63527054108216,-0.110722268115064,-0.306722268115064
"6",-3.89779559118236,-0.436833947080241,2.63527054108216,-0.110722268115064,-0.306722268115064
"7",-3.85771543086172,-0.345183175728636,2.63527054108216,-0.110722268115064,-0.306722268115064
"8",-3.57715430861723,-0.260528797137498,2.63527054108216,-0.110722268115064,-0.306722268115064
"9",-3.43687374749499,-0.441539258771353,2.63527054108216,-0.110722268115064,-0.306722268115064
"10",-3.23647294589178,-0.246312087044742,2.63527054108216,-0.110722268115064,-0.306722268115064
"11",-3.09619238476954,-0.492907321754061,2.63527054108216,-0.110722268115064,-0.306722268115064
"12",-2.75551102204409,-0.255239135048067,2.63527054108216,-0.110722268115064,-0.306722268115064
"13",-2.71543086172345,-0.560783070560751,2.63527054108216,-0.110722268115064,-0.306722268115064
"14",-2.67535070140281,-0.533803630775953,2.63527054108216,-0.110722268115064,-0.306722268115064
"15",-2.45490981963928,-0.443336403958058,2.63527054108216,-0.110722268115064,-0.306722268115064
"16",-2.43486973947896,-0.427803013642029,2.63527054108216,-0.110722268115064,-0.306722268115064
"17",-2.31462925851703,-0.278284689699982,2.63527054108216,-0.110722268115064,-0.306722268115064
"18",-1.87374749498998,-0.647729926139509,2.63527054108216,-0.110722268115064,-0.306722268115064
"19",-1.57314629258517,-0.533445843936842,2.63527054108216,-0.110722268115064,-0.306722268115064
"20",-1.07214428857715,-0.381736094963613,2.63527054108216,-0.110722268115064,-0.306722268115064
"21",-0.871743486973948,-0.589464255404754,2.63527054108216,-0.110722268115064,-0.306722268115064
"22",-0.731462925851703,-0.39063173111629,2.63527054108216,-0.110722268115064,-0.306722268115064
"23",-0.551102204408818,-0.468703202162832,2.63527054108216,-0.110722268115064,-0.306722268115064
"24",-0.470941883767535,-0.493629682304063,2.63527054108216,-0.110722268115064,-0.306722268115064
"25",-0.430861723446894,-0.506665876708468,2.63527054108216,-0.110722268115064,-0.306722268115064
"26",-0.410821643286574,-0.536579619906598,2.63527054108216,-0.110722268115064,-0.306722268115064
"27",-0.0501002004008022,-0.63502345070966,2.63527054108216,-0.110722268115064,-0.306722268115064
"28",0.170340681362725,-0.633252973724354,2.63527054108216,-0.110722268115064,-0.306722268115064
"29",0.571142284569138,-0.612076102290948,2.63527054108216,-0.110722268115064,-0.306722268115064
"30",0.831663326653306,-0.526744511351802,2.63527054108216,-0.110722268115064,-0.306722268115064
"31",0.971943887775551,-0.656616310820473,2.63527054108216,-0.110722268115064,-0.306722268115064
"32",1.1122244488978,-0.361879969293975,2.63527054108216,-0.110722268115064,-0.306722268115064
"33",1.59318637274549,-0.267445722303805,2.63527054108216,-0.110722268115064,-0.306722268115064
"34",1.67334669338677,-0.440852284100191,2.63527054108216,-0.110722268115064,-0.306722268115064
"35",1.75350701402806,-0.219164668978739,2.63527054108216,-0.110722268115064,-0.306722268115064
"36",1.95390781563126,-0.308938549896398,2.63527054108216,-0.110722268115064,-0.306722268115064
"37",1.9939879759519,-0.444201461116242,2.63527054108216,-0.110722268115064,-0.306722268115064
"38",2.01402805611222,-0.34257627279633,2.63527054108216,-0.110722268115064,-0.306722268115064
"39",2.07414829659319,-0.393710420906144,2.63527054108216,-0.110722268115064,-0.306722268115064
"40",2.4749498997996,-0.0809444285054825,2.63527054108216,-0.110722268115064,-0.306722268115064
"41",2.83567134268537,0.0299384430445295,2.63527054108216,-0.110722268115064,-0.306722268115064
"42",2.93587174348697,0.0577423847706896,2.63527054108216,-0.110722268115064,-0.306722268115064
"43",3.01603206412826,-0.0363584333777796,2.63527054108216,-0.110722268115064,-0.306722268115064
"44",3.11623246492986,0.0200225282393032,2.63527054108216,-0.110722268115064,-0.306722268115064
"45",3.17635270541082,0.206212266780841,2.63527054108216,-0.110722268115064,-0.306722268115064
"46",3.21643286573146,0.0889146464510583,2.63527054108216,-0.110722268115064,-0.306722268115064
"47",3.33667334669339,0.157147302521448,2.63527054108216,-0.110722268115064,-0.306722268115064
"48",3.61723446893788,0.33992283854627,2.63527054108216,-0.110722268115064,-0.306722268115064
"49",4.09819639278557,0.351287066623398,2.63527054108216,-0.110722268115064,-0.306722268115064
"50",4.83967935871743,0.790531835969773,2.63527054108216,-0.110722268115064,-0.306722268115064
