"","x","yplot","target","ftrue","fwrong"
"1",-4.8997995991984,-0.676153613421922,-3.07615230460922,-0.92400153320728,-0.72800153320728
"2",-4.53907815631263,-1.03288940652809,-3.07615230460922,-0.92400153320728,-0.72800153320728
"3",-4.45891783567134,-0.750530489074528,-3.07615230460922,-0.92400153320728,-0.72800153320728
"4",-4.3186372745491,-0.992005141203488,-3.07615230460922,-0.92400153320728,-0.72800153320728
"5",-4.27855711422846,-0.686462901681688,-3.07615230460922,-0.92400153320728,-0.72800153320728
"6",-4.05811623246493,-0.914705650996369,-3.07615230460922,-0.92400153320728,-0.72800153320728
"7",-4.01803607214429,-0.871598154330466,-3.07615230460922,-0.92400153320728,-0.72800153320728
"8",-3.79759519038076,-0.851364047712639,-3.07615230460922,-0.92400153320728,-0.72800153320728
"9",-3.77755511022044,-0.914465518488242,-3.07615230460922,-0.92400153320728,-0.72800153320728
"10",-3.7374749498998,-0.971596716426215,-3.07615230460922,-0.92400153320728,-0.72800153320728
"11",-3.69739478957916,-0.821418499027583,-3.07615230460922,-0.92400153320728,-0.72800153320728
"12",-3.6372745490982,-1.04833536285611,-3.07615230460922,-0.92400153320728,-0.72800153320728
"13",-3.53707414829659,-0.733651069625516,-3.07615230460922,-0.92400153320728,-0.72800153320728
"14",-3.37675350701403,-1.00677389490603,-3.07615230460922,-0.92400153320728,-0.72800153320728
"15",-3.29659318637275,-1.01697778513036,-3.07615230460922,-0.92400153320728,-0.72800153320728
"16",-3.07615230460922,-0.855717065625781,-3.07615230460922,-0.92400153320728,-0.72800153320728
"17",-2.59519038076152,-0.850558836635007,-3.07615230460922,-0.92400153320728,-0.72800153320728
"18",-2.4749498997996,-0.846496753263541,-3.07615230460922,-0.92400153320728,-0.72800153320728
"19",-2.45490981963928,-0.970321067055742,-3.07615230460922,-0.92400153320728,-0.72800153320728
"20",-2.29458917835671,-0.902808701693552,-3.07615230460922,-0.92400153320728,-0.72800153320728
"21",-1.65330661322645,-0.6575960335778,-3.07615230460922,-0.92400153320728,-0.72800153320728
"22",-1.47294589178357,-0.71773951473949,-3.07615230460922,-0.92400153320728,-0.72800153320728
"23",-1.312625250501,-0.659960911138677,-3.07615230460922,-0.92400153320728,-0.72800153320728
"24",-1.03206412825651,-0.603120895313124,-3.07615230460922,-0.92400153320728,-0.72800153320728
"25",-0.991983967935872,-0.497740645286942,-3.07615230460922,-0.92400153320728,-0.72800153320728
"26",-0.671342685370742,-0.423451709727319,-3.07615230460922,-0.92400153320728,-0.72800153320728
"27",-0.511022044088176,-0.46980422773082,-3.07615230460922,-0.92400153320728,-0.72800153320728
"28",0.0501002004008013,-0.175792682395887,-3.07615230460922,-0.92400153320728,-0.72800153320728
"29",0.150300601202405,-0.0942440458277861,-3.07615230460922,-0.92400153320728,-0.72800153320728
"30",0.31062124248497,-0.21069721168948,-3.07615230460922,-0.92400153320728,-0.72800153320728
"31",0.811623246492986,0.0581748564992732,-3.07615230460922,-0.92400153320728,-0.72800153320728
"32",0.93186372745491,0.0200778689499258,-3.07615230460922,-0.92400153320728,-0.72800153320728
"33",1.07214428857715,0.149534976313801,-3.07615230460922,-0.92400153320728,-0.72800153320728
"34",1.15230460921844,0.0465829461247414,-3.07615230460922,-0.92400153320728,-0.72800153320728
"35",1.19238476953908,0.120894879028755,-3.07615230460922,-0.92400153320728,-0.72800153320728
"36",1.37274549098196,0.379376312633681,-3.07615230460922,-0.92400153320728,-0.72800153320728
"37",1.51302605210421,0.315032721833542,-3.07615230460922,-0.92400153320728,-0.72800153320728
"38",1.61322645290581,0.18669347231512,-3.07615230460922,-0.92400153320728,-0.72800153320728
"39",1.75350701402806,0.303312444834658,-3.07615230460922,-0.92400153320728,-0.72800153320728
"40",1.95390781563126,0.590502607507267,-3.07615230460922,-0.92400153320728,-0.72800153320728
"41",2.17434869739479,0.38243620833992,-3.07615230460922,-0.92400153320728,-0.72800153320728
"42",2.19438877755511,0.41435973302252,-3.07615230460922,-0.92400153320728,-0.72800153320728
"43",2.35470941883768,0.518514897048703,-3.07615230460922,-0.92400153320728,-0.72800153320728
"44",2.4749498997996,0.769934329376051,-3.07615230460922,-0.92400153320728,-0.72800153320728
"45",2.73547094188377,0.503141663568058,-3.07615230460922,-0.92400153320728,-0.72800153320728
"46",2.95591182364729,0.742361938231625,-3.07615230460922,-0.92400153320728,-0.72800153320728
"47",2.97595190380761,0.672915680398846,-3.07615230460922,-0.92400153320728,-0.72800153320728
"48",3.65731462925852,0.728376963206551,-3.07615230460922,-0.92400153320728,-0.72800153320728
"49",4.19839679358717,0.728503212104845,-3.07615230460922,-0.92400153320728,-0.72800153320728
"50",4.47895791583166,0.752721015916127,-3.07615230460922,-0.92400153320728,-0.72800153320728
