"","x","yplot","target","ftrue","fwrong"
"1",-4.25851703406814,-0.476373576616844,-1.87374749498998,0.908555841908983,1.10455584190898
"2",-2.69539078156313,0.477017974410908,-1.87374749498998,0.908555841908983,1.10455584190898
"3",-2.21442885771543,0.777930945214436,-1.87374749498998,0.908555841908983,1.10455584190898
"4",-2.13426853707415,0.863175483630116,-1.87374749498998,0.908555841908983,1.10455584190898
"5",-2.05410821643287,0.933318814600723,-1.87374749498998,0.908555841908983,1.10455584190898
"6",-1.73346693386774,0.778696178711293,-1.87374749498998,0.908555841908983,1.10455584190898
"7",-1.53306613226453,1.08792682683605,-1.87374749498998,0.908555841908983,1.10455584190898
"8",-1.2124248496994,0.905848821519102,-1.87374749498998,0.908555841908983,1.10455584190898
"9",-0.170340681362726,0.991871082925218,-1.87374749498998,0.908555841908983,1.10455584190898
"10",4.07815631262525,-0.5555729405217,-1.87374749498998,0.908555841908983,1.10455584190898
