"","x","yplot","target","ftrue","fwrong"
"1",-4.73947895791583,0.587638968871462,-4.47895791583166,0.424105059275696,0.620105059275696
"2",-3.8376753507014,0.286277649972879,-4.47895791583166,0.424105059275696,0.620105059275696
"3",-3.49699398797595,0.196235483068437,-4.47895791583166,0.424105059275696,0.620105059275696
"4",-2.15430861723447,0.0156552494923771,-4.47895791583166,0.424105059275696,0.620105059275696
"5",-0.631262525050101,-0.582284387290869,-4.47895791583166,0.424105059275696,0.620105059275696
"6",-0.270541082164329,-0.570263346271916,-4.47895791583166,0.424105059275696,0.620105059275696
"7",-0.0501002004008022,-0.576097545286543,-4.47895791583166,0.424105059275696,0.620105059275696
"8",0.31062124248497,-0.649167975576672,-4.47895791583166,0.424105059275696,0.620105059275696
"9",0.511022044088176,-0.705061236904435,-4.47895791583166,0.424105059275696,0.620105059275696
"10",2.79559118236473,-0.831213746475603,-4.47895791583166,0.424105059275696,0.620105059275696
