"","x","yplot","target","ftrue","fwrong"
"1",-0.791583166332665,-0.380511060359571,0.110220440881763,-0.289497500440088,-0.0934975004400878
"2",-0.631262525050101,-0.124507163825157,0.110220440881763,-0.289497500440088,-0.0934975004400878
"3",-0.250501002004008,-0.0913464093743369,0.110220440881763,-0.289497500440088,-0.0934975004400878
"4",0.33066132264529,-0.252537804455051,0.110220440881763,-0.289497500440088,-0.0934975004400878
"5",0.390781563126252,-0.322225478927309,0.110220440881763,-0.289497500440088,-0.0934975004400878
"6",0.751503006012024,-0.430197796291224,0.110220440881763,-0.289497500440088,-0.0934975004400878
"7",0.911823647294589,-0.293647354214995,0.110220440881763,-0.289497500440088,-0.0934975004400878
"8",1.29258517034068,-0.344749460243635,0.110220440881763,-0.289497500440088,-0.0934975004400878
"9",2.4749498997996,-0.59065620573246,0.110220440881763,-0.289497500440088,-0.0934975004400878
"10",3.69739478957916,-0.821740129079174,0.110220440881763,-0.289497500440088,-0.0934975004400878
