"","x","yplot","target","ftrue","fwrong"
"1",-4.8997995991984,0.219787740052608,2.33466933867735,-0.433022009730357,-0.237022009730357
"2",-4.51903807615231,0.426656083120855,2.33466933867735,-0.433022009730357,-0.237022009730357
"3",-3.79759519038076,0.335483643892901,2.33466933867735,-0.433022009730357,-0.237022009730357
"4",-3.43687374749499,0.450597921215877,2.33466933867735,-0.433022009730357,-0.237022009730357
"5",-3.17635270541082,0.393499491579398,2.33466933867735,-0.433022009730357,-0.237022009730357
"6",-3.01603206412826,0.411816509954375,2.33466933867735,-0.433022009730357,-0.237022009730357
"7",-2.73547094188377,0.461583219801818,2.33466933867735,-0.433022009730357,-0.237022009730357
"8",-2.61523046092184,0.522792446859892,2.33466933867735,-0.433022009730357,-0.237022009730357
"9",-2.19438877755511,0.478673200039127,2.33466933867735,-0.433022009730357,-0.237022009730357
"10",-1.49298597194389,0.389079102312326,2.33466933867735,-0.433022009730357,-0.237022009730357
"11",-1.41282565130261,0.342447490126759,2.33466933867735,-0.433022009730357,-0.237022009730357
"12",-0.95190380761523,0.405912356797786,2.33466933867735,-0.433022009730357,-0.237022009730357
"13",-0.591182364729459,-0.0276188892879238,2.33466933867735,-0.433022009730357,-0.237022009730357
"14",-0.531062124248497,0.218584078776816,2.33466933867735,-0.433022009730357,-0.237022009730357
"15",-0.410821643286574,0.179441894852077,2.33466933867735,-0.433022009730357,-0.237022009730357
"16",-0.0901803607214431,0.265439144090334,2.33466933867735,-0.433022009730357,-0.237022009730357
"17",0.490981963927855,0.185226231081562,2.33466933867735,-0.433022009730357,-0.237022009730357
"18",0.731462925851703,0.0503668855816737,2.33466933867735,-0.433022009730357,-0.237022009730357
"19",1.35270541082164,-0.0284175249473269,2.33466933867735,-0.433022009730357,-0.237022009730357
"20",1.69338677354709,-0.178731187935574,2.33466933867735,-0.433022009730357,-0.237022009730357
"21",1.95390781563126,-0.408003712233593,2.33466933867735,-0.433022009730357,-0.237022009730357
"22",1.97394789579158,-0.193118816571166,2.33466933867735,-0.433022009730357,-0.237022009730357
"23",2.61523046092184,-0.504074655074021,2.33466933867735,-0.433022009730357,-0.237022009730357
"24",2.65531062124249,-0.43467281609796,2.33466933867735,-0.433022009730357,-0.237022009730357
"25",2.69539078156313,-0.633835928071831,2.33466933867735,-0.433022009730357,-0.237022009730357
"26",2.85571142284569,-0.488125649455726,2.33466933867735,-0.433022009730357,-0.237022009730357
"27",3.21643286573146,-0.601993598779978,2.33466933867735,-0.433022009730357,-0.237022009730357
"28",3.79759519038076,-0.887737177455607,2.33466933867735,-0.433022009730357,-0.237022009730357
"29",4.53907815631263,-0.805663108782175,2.33466933867735,-0.433022009730357,-0.237022009730357
"30",4.97995991983968,-0.981478102213099,2.33466933867735,-0.433022009730357,-0.237022009730357
