"","x","yplot","target","ftrue","fwrong"
"1",-2.27454909819639,0.0128277582732657,-1.45290581162325,-0.119410640352235,0.0765893596477652
"2",-2.23446893787575,-0.0595723359326467,-1.45290581162325,-0.119410640352235,0.0765893596477652
"3",-1.81362725450902,-0.0387406889619661,-1.45290581162325,-0.119410640352235,0.0765893596477652
"4",-1.33266533066132,-0.0554319344421544,-1.45290581162325,-0.119410640352235,0.0765893596477652
"5",-1.13226452905812,-0.301137350926959,-1.45290581162325,-0.119410640352235,0.0765893596477652
"6",-0.93186372745491,-0.146215440264975,-1.45290581162325,-0.119410640352235,0.0765893596477652
"7",-0.711422845691383,-0.209063580744673,-1.45290581162325,-0.119410640352235,0.0765893596477652
"8",3.17635270541082,-0.359449361679441,-1.45290581162325,-0.119410640352235,0.0765893596477652
"9",3.2565130260521,-0.577195476226994,-1.45290581162325,-0.119410640352235,0.0765893596477652
"10",4.77955911823647,0.0279734429306162,-1.45290581162325,-0.119410640352235,0.0765893596477652
