"","x","yplot","target","ftrue","fwrong"
"1",-4.45891783567134,-0.86425851901301,0.611222444889779,-0.685074060684228,-0.489074060684228
"2",-4.19839679358717,-0.700944771398795,0.611222444889779,-0.685074060684228,-0.489074060684228
"3",-3.93787575150301,-0.837593703036917,0.611222444889779,-0.685074060684228,-0.489074060684228
"4",-2.51503006012024,-0.0808141649470452,0.611222444889779,-0.685074060684228,-0.489074060684228
"5",-1.8937875751503,-0.255843447346985,0.611222444889779,-0.685074060684228,-0.489074060684228
"6",-1.27254509018036,-0.444411268491343,0.611222444889779,-0.685074060684228,-0.489074060684228
"7",-1.15230460921844,-0.310945044143581,0.611222444889779,-0.685074060684228,-0.489074060684228
"8",-0.991983967935872,-0.45625202961166,0.611222444889779,-0.685074060684228,-0.489074060684228
"9",-0.711422845691383,-0.411244631250073,0.611222444889779,-0.685074060684228,-0.489074060684228
"10",-0.270541082164329,-0.780064978242811,0.611222444889779,-0.685074060684228,-0.489074060684228
"11",-0.230460921843687,-0.341144073163585,0.611222444889779,-0.685074060684228,-0.489074060684228
"12",-0.130260521042084,-0.649081520378842,0.611222444889779,-0.685074060684228,-0.489074060684228
"13",-0.0901803607214431,-0.557815127270163,0.611222444889779,-0.685074060684228,-0.489074060684228
"14",0.0100200400801604,-0.359774023076414,0.611222444889779,-0.685074060684228,-0.489074060684228
"15",0.0300601202404804,-0.804039560684757,0.611222444889779,-0.685074060684228,-0.489074060684228
"16",0.0701402805611222,-0.575963258742646,0.611222444889779,-0.685074060684228,-0.489074060684228
"17",0.0901803607214431,-0.783959098849398,0.611222444889779,-0.685074060684228,-0.489074060684228
"18",0.210420841683367,-0.637817113617057,0.611222444889779,-0.685074060684228,-0.489074060684228
"19",0.270541082164328,-0.620307740115512,0.611222444889779,-0.685074060684228,-0.489074060684228
"20",0.31062124248497,-0.671929568778322,0.611222444889779,-0.685074060684228,-0.489074060684228
"21",0.33066132264529,-0.548457762718724,0.611222444889779,-0.685074060684228,-0.489074060684228
"22",0.430861723446894,-0.619721603542539,0.611222444889779,-0.685074060684228,-0.489074060684228
"23",0.490981963927855,-0.728667684699413,0.611222444889779,-0.685074060684228,-0.489074060684228
"24",0.511022044088176,-0.677714103464408,0.611222444889779,-0.685074060684228,-0.489074060684228
"25",0.6312625250501,-0.704269499443624,0.611222444889779,-0.685074060684228,-0.489074060684228
"26",0.711422845691382,-0.508443586711167,0.611222444889779,-0.685074060684228,-0.489074060684228
"27",0.731462925851703,-0.564248475919495,0.611222444889779,-0.685074060684228,-0.489074060684228
"28",0.811623246492986,-0.586657439892592,0.611222444889779,-0.685074060684228,-0.489074060684228
"29",0.851703406813627,-0.712716876721009,0.611222444889779,-0.685074060684228,-0.489074060684228
"30",0.871743486973948,-0.697506497911426,0.611222444889779,-0.685074060684228,-0.489074060684228
"31",0.93186372745491,-0.700393599802434,0.611222444889779,-0.685074060684228,-0.489074060684228
"32",0.971943887775551,-0.637041049522643,0.611222444889779,-0.685074060684228,-0.489074060684228
"33",1.03206412825651,-0.645533272977001,0.611222444889779,-0.685074060684228,-0.489074060684228
"34",1.1122244488978,-0.402295856651406,0.611222444889779,-0.685074060684228,-0.489074060684228
"35",1.15230460921844,-0.619182782979508,0.611222444889779,-0.685074060684228,-0.489074060684228
"36",1.17234468937876,-0.494908416825092,0.611222444889779,-0.685074060684228,-0.489074060684228
"37",1.2124248496994,-0.54606582024657,0.611222444889779,-0.685074060684228,-0.489074060684228
"38",1.27254509018036,-0.58033433234998,0.611222444889779,-0.685074060684228,-0.489074060684228
"39",1.39278557114228,-0.411468426870922,0.611222444889779,-0.685074060684228,-0.489074060684228
"40",1.4128256513026,-0.388401125382692,0.611222444889779,-0.685074060684228,-0.489074060684228
"41",1.51302605210421,-0.399088439762499,0.611222444889779,-0.685074060684228,-0.489074060684228
"42",1.53306613226453,-0.390487456430332,0.611222444889779,-0.685074060684228,-0.489074060684228
"43",1.55310621242485,-0.378294427403553,0.611222444889779,-0.685074060684228,-0.489074060684228
"44",1.57314629258517,-0.336326736814966,0.611222444889779,-0.685074060684228,-0.489074060684228
"45",2.17434869739479,-0.186435484654189,0.611222444889779,-0.685074060684228,-0.489074060684228
"46",4.09819639278557,0.115670925485153,0.611222444889779,-0.685074060684228,-0.489074060684228
"47",4.15831663326653,-0.01562200640025,0.611222444889779,-0.685074060684228,-0.489074060684228
"48",4.21843687374749,0.242686811183438,0.611222444889779,-0.685074060684228,-0.489074060684228
"49",4.55911823647295,0.020836385326102,0.611222444889779,-0.685074060684228,-0.489074060684228
"50",5,0.389797811512904,0.611222444889779,-0.685074060684228,-0.489074060684228
