"","x","yplot","target","ftrue","fwrong"
"1",-4.79959919839679,-1.17431905487747,2.4749498997996,-0.0639315576947544,-0.259931557694754
"2",-4.15831663326653,-0.902313678120909,2.4749498997996,-0.0639315576947544,-0.259931557694754
"3",-3.69739478957916,-0.721847900641349,2.4749498997996,-0.0639315576947544,-0.259931557694754
"4",-3.27655310621242,-0.86992190166379,2.4749498997996,-0.0639315576947544,-0.259931557694754
"5",-2.85571142284569,-0.77477024520717,2.4749498997996,-0.0639315576947544,-0.259931557694754
"6",-2.83567134268537,-0.74940286633657,2.4749498997996,-0.0639315576947544,-0.259931557694754
"7",-2.77555110220441,-0.571900631414292,2.4749498997996,-0.0639315576947544,-0.259931557694754
"8",-2.27454909819639,-0.814449314505295,2.4749498997996,-0.0639315576947544,-0.259931557694754
"9",-1.03206412825651,-0.566647313409377,2.4749498997996,-0.0639315576947544,-0.259931557694754
"10",-0.330661322645291,-0.566732918131129,2.4749498997996,-0.0639315576947544,-0.259931557694754
"11",0.33066132264529,-0.495903336436284,2.4749498997996,-0.0639315576947544,-0.259931557694754
"12",0.711422845691382,-0.404360836786982,2.4749498997996,-0.0639315576947544,-0.259931557694754
"13",0.731462925851703,-0.50003269565637,2.4749498997996,-0.0639315576947544,-0.259931557694754
"14",1.73346693386774,-0.259526443157938,2.4749498997996,-0.0639315576947544,-0.259931557694754
"15",2.17434869739479,-0.124609271904753,2.4749498997996,-0.0639315576947544,-0.259931557694754
"16",2.27454909819639,-0.234043415951628,2.4749498997996,-0.0639315576947544,-0.259931557694754
"17",2.39478957915832,-0.161494016120931,2.4749498997996,-0.0639315576947544,-0.259931557694754
"18",2.79559118236473,-0.0130064340814155,2.4749498997996,-0.0639315576947544,-0.259931557694754
"19",2.83567134268537,0.0988804516181847,2.4749498997996,-0.0639315576947544,-0.259931557694754
"20",3.65731462925852,0.213769894333764,2.4749498997996,-0.0639315576947544,-0.259931557694754
