"","x","yplot","target","ftrue","fwrong"
"1",-2.5751503006012,0.355956096056933,-0.250501002004008,-0.17922855882764,-0.37522855882764
"2",-2.29458917835671,0.374853999032657,-0.250501002004008,-0.17922855882764,-0.37522855882764
"3",-2.23446893787575,0.307937391664055,-0.250501002004008,-0.17922855882764,-0.37522855882764
"4",-1.75350701402806,0.258353620372491,-0.250501002004008,-0.17922855882764,-0.37522855882764
"5",-1.17234468937876,-0.104848993190272,-0.250501002004008,-0.17922855882764,-0.37522855882764
"6",-1.07214428857715,-0.0746662142869949,-0.250501002004008,-0.17922855882764,-0.37522855882764
"7",-0.891783567134269,-0.171350484403039,-0.250501002004008,-0.17922855882764,-0.37522855882764
"8",-0.831663326653307,0.0511805459538762,-0.250501002004008,-0.17922855882764,-0.37522855882764
"9",-0.711422845691383,-0.0284423978452723,-0.250501002004008,-0.17922855882764,-0.37522855882764
"10",-0.651302605210421,-0.046306467653498,-0.250501002004008,-0.17922855882764,-0.37522855882764
"11",-0.631262525050101,-0.124901344505759,-0.250501002004008,-0.17922855882764,-0.37522855882764
"12",-0.61122244488978,-0.21246240593332,-0.250501002004008,-0.17922855882764,-0.37522855882764
"13",-0.490981963927856,-0.0267072534471478,-0.250501002004008,-0.17922855882764,-0.37522855882764
"14",-0.390781563126253,-0.165174175947445,-0.250501002004008,-0.17922855882764,-0.37522855882764
"15",-0.370741482965932,-0.123716142885404,-0.250501002004008,-0.17922855882764,-0.37522855882764
"16",-0.290581162324649,-0.165490210920575,-0.250501002004008,-0.17922855882764,-0.37522855882764
"17",-0.270541082164329,-0.0971740005167154,-0.250501002004008,-0.17922855882764,-0.37522855882764
"18",-0.230460921843687,-0.164798405555693,-0.250501002004008,-0.17922855882764,-0.37522855882764
"19",-0.210420841683367,-0.248709831313121,-0.250501002004008,-0.17922855882764,-0.37522855882764
"20",-0.170340681362726,-0.492066046638772,-0.250501002004008,-0.17922855882764,-0.37522855882764
"21",-0.150300601202405,-0.26426554777061,-0.250501002004008,-0.17922855882764,-0.37522855882764
"22",0.0100200400801604,-0.205948163349656,-0.250501002004008,-0.17922855882764,-0.37522855882764
"23",0.110220440881763,-0.11514056840201,-0.250501002004008,-0.17922855882764,-0.37522855882764
"24",0.170340681362725,-0.228383596721196,-0.250501002004008,-0.17922855882764,-0.37522855882764
"25",0.230460921843687,-0.292354681601808,-0.250501002004008,-0.17922855882764,-0.37522855882764
"26",0.370741482965932,-0.176099928829003,-0.250501002004008,-0.17922855882764,-0.37522855882764
"27",0.390781563126252,-0.140685465775733,-0.250501002004008,-0.17922855882764,-0.37522855882764
"28",0.470941883767535,-0.232764639884353,-0.250501002004008,-0.17922855882764,-0.37522855882764
"29",0.490981963927855,-0.28233849577081,-0.250501002004008,-0.17922855882764,-0.37522855882764
"30",0.571142284569138,-0.305768983529142,-0.250501002004008,-0.17922855882764,-0.37522855882764
"31",0.611222444889779,-0.399694283742723,-0.250501002004008,-0.17922855882764,-0.37522855882764
"32",0.651302605210421,-0.268201652521204,-0.250501002004008,-0.17922855882764,-0.37522855882764
"33",1.312625250501,-0.275096018132776,-0.250501002004008,-0.17922855882764,-0.37522855882764
"34",1.77354709418838,-0.353729874100152,-0.250501002004008,-0.17922855882764,-0.37522855882764
"35",1.8937875751503,-0.343191214562808,-0.250501002004008,-0.17922855882764,-0.37522855882764
"36",2.53507014028056,-0.316053198940554,-0.250501002004008,-0.17922855882764,-0.37522855882764
"37",2.89579158316633,-0.432502940682516,-0.250501002004008,-0.17922855882764,-0.37522855882764
"38",3.8376753507014,-0.249527274907641,-0.250501002004008,-0.17922855882764,-0.37522855882764
"39",3.97795591182365,-0.0906804285993614,-0.250501002004008,-0.17922855882764,-0.37522855882764
"40",4.03807615230461,-0.485803237594664,-0.250501002004008,-0.17922855882764,-0.37522855882764
