"","x","yplot","target","ftrue","fwrong"
"1",-4.95991983967936,0.710637655708991,3.57715430861723,-0.647048195036055,-0.843048195036055
"2",0.0701402805611222,-0.393132121149162,3.57715430861723,-0.647048195036055,-0.843048195036055
"3",1.33266533066132,-0.857608674674037,3.57715430861723,-0.647048195036055,-0.843048195036055
"4",2.73547094188377,-0.553836487871713,3.57715430861723,-0.647048195036055,-0.843048195036055
"5",3.6372745490982,-0.681343933349109,3.57715430861723,-0.647048195036055,-0.843048195036055
"6",3.67735470941884,-0.623314401611075,3.57715430861723,-0.647048195036055,-0.843048195036055
"7",3.69739478957916,-0.577362432033539,3.57715430861723,-0.647048195036055,-0.843048195036055
"8",3.77755511022044,-0.683432442542603,3.57715430861723,-0.647048195036055,-0.843048195036055
"9",3.8376753507014,-0.646343923955212,3.57715430861723,-0.647048195036055,-0.843048195036055
"10",4.03807615230461,-0.548717572820642,3.57715430861723,-0.647048195036055,-0.843048195036055
