"","x","yplot","target","ftrue","fwrong"
"1",-4.53907815631263,-0.436321070854991,4.61923847695391,0.96465264323795,0.76865264323795
"2",-3.71743486973948,-0.410408479260835,4.61923847695391,0.96465264323795,0.76865264323795
"3",-3.33667334669339,-0.462055128508296,4.61923847695391,0.96465264323795,0.76865264323795
"4",-3.17635270541082,-0.463580485382674,4.61923847695391,0.96465264323795,0.76865264323795
"5",-3.0561122244489,-0.417093681303621,4.61923847695391,0.96465264323795,0.76865264323795
"6",-2.97595190380762,-0.371079207652773,4.61923847695391,0.96465264323795,0.76865264323795
"7",-2.75551102204409,-0.373309750515408,4.61923847695391,0.96465264323795,0.76865264323795
"8",-1.41282565130261,-0.0301751378416308,4.61923847695391,0.96465264323795,0.76865264323795
"9",-0.991983967935872,0.268195339392347,4.61923847695391,0.96465264323795,0.76865264323795
"10",-0.430861723446894,0.305721779784029,4.61923847695391,0.96465264323795,0.76865264323795
"11",0.0300601202404804,0.376303446403051,4.61923847695391,0.96465264323795,0.76865264323795
"12",1.27254509018036,0.487727810046052,4.61923847695391,0.96465264323795,0.76865264323795
"13",2.5751503006012,0.85063208556026,4.61923847695391,0.96465264323795,0.76865264323795
"14",2.97595190380761,0.931568876609869,4.61923847695391,0.96465264323795,0.76865264323795
"15",3.79759519038076,0.90465020838028,4.61923847695391,0.96465264323795,0.76865264323795
"16",3.8376753507014,0.755175733564968,4.61923847695391,0.96465264323795,0.76865264323795
"17",4.05811623246493,0.878246144565429,4.61923847695391,0.96465264323795,0.76865264323795
"18",4.17835671342685,1.01497246136605,4.61923847695391,0.96465264323795,0.76865264323795
"19",4.79959919839679,0.997944575877303,4.61923847695391,0.96465264323795,0.76865264323795
"20",4.85971943887776,0.768163924551449,4.61923847695391,0.96465264323795,0.76865264323795
