"","x","yplot","target","ftrue","fwrong"
"1",-4.25851703406814,-0.594777441577433,4.3186372745491,0.506184067532662,0.310184067532662
"2",-3.81763527054108,-0.971925015176788,4.3186372745491,0.506184067532662,0.310184067532662
"3",-3.55711422845691,-0.877407853139516,4.3186372745491,0.506184067532662,0.310184067532662
"4",-1.91382765531062,-0.943363994774632,4.3186372745491,0.506184067532662,0.310184067532662
"5",-0.0701402805611222,-0.431475771917658,4.3186372745491,0.506184067532662,0.310184067532662
"6",0.170340681362725,-0.368103993851362,4.3186372745491,0.506184067532662,0.310184067532662
"7",0.190380761523046,-0.421475238159046,4.3186372745491,0.506184067532662,0.310184067532662
"8",0.290581162324649,-0.373647222707406,4.3186372745491,0.506184067532662,0.310184067532662
"9",0.771543086172344,-0.0170305585652381,4.3186372745491,0.506184067532662,0.310184067532662
"10",0.971943887775551,-0.23458356625991,4.3186372745491,0.506184067532662,0.310184067532662
"11",2.45490981963928,0.245079761062425,4.3186372745491,0.506184067532662,0.310184067532662
"12",2.75551102204409,0.192259746959331,4.3186372745491,0.506184067532662,0.310184067532662
"13",3.35671342685371,0.4994242398399,4.3186372745491,0.506184067532662,0.310184067532662
"14",3.41683366733467,0.443908823432123,4.3186372745491,0.506184067532662,0.310184067532662
"15",3.45691382765531,0.557426266476612,4.3186372745491,0.506184067532662,0.310184067532662
"16",3.49699398797595,0.324233010176896,4.3186372745491,0.506184067532662,0.310184067532662
"17",3.57715430861723,0.518307118473302,4.3186372745491,0.506184067532662,0.310184067532662
"18",3.61723446893788,0.49413204155512,4.3186372745491,0.506184067532662,0.310184067532662
"19",3.6372745490982,0.515111028758436,4.3186372745491,0.506184067532662,0.310184067532662
"20",3.67735470941884,0.589273070116259,4.3186372745491,0.506184067532662,0.310184067532662
"21",3.79759519038076,0.630558771346301,4.3186372745491,0.506184067532662,0.310184067532662
"22",3.81763527054108,0.530751191867475,4.3186372745491,0.506184067532662,0.310184067532662
"23",3.85771543086172,0.462863591362089,4.3186372745491,0.506184067532662,0.310184067532662
"24",3.95791583166333,0.592254420721367,4.3186372745491,0.506184067532662,0.310184067532662
"25",4.03807615230461,0.53111939574083,4.3186372745491,0.506184067532662,0.310184067532662
"26",4.07815631262525,0.644399694411085,4.3186372745491,0.506184067532662,0.310184067532662
"27",4.09819639278557,0.475833901888727,4.3186372745491,0.506184067532662,0.310184067532662
"28",4.13827655310621,0.600132132029084,4.3186372745491,0.506184067532662,0.310184067532662
"29",4.27855711422846,0.47516642911522,4.3186372745491,0.506184067532662,0.310184067532662
"30",4.35871743486974,0.39826209735493,4.3186372745491,0.506184067532662,0.310184067532662
"31",4.39879759519038,0.369009535064899,4.3186372745491,0.506184067532662,0.310184067532662
"32",4.49899799599198,0.425581184650408,4.3186372745491,0.506184067532662,0.310184067532662
"33",4.59919839679359,0.510916538584989,4.3186372745491,0.506184067532662,0.310184067532662
"34",4.65931863727455,0.441817209814731,4.3186372745491,0.506184067532662,0.310184067532662
"35",4.67935871743487,0.352981420769515,4.3186372745491,0.506184067532662,0.310184067532662
"36",4.71943887775551,0.58592385004455,4.3186372745491,0.506184067532662,0.310184067532662
"37",4.75951903807615,0.532706004110102,4.3186372745491,0.506184067532662,0.310184067532662
"38",4.79959919839679,0.426049068414032,4.3186372745491,0.506184067532662,0.310184067532662
"39",4.87975951903808,0.502533192592662,4.3186372745491,0.506184067532662,0.310184067532662
"40",4.8997995991984,0.391279737702569,4.3186372745491,0.506184067532662,0.310184067532662
