"","x","yplot","target","ftrue","fwrong"
"1",-4.95991983967936,-0.984875229221665,-4.27855711422846,-0.84903837883485,-0.65303837883485
"2",-4.77955911823647,-1.11554954079802,-4.27855711422846,-0.84903837883485,-0.65303837883485
"3",-4.73947895791583,-0.963999202977211,-4.27855711422846,-0.84903837883485,-0.65303837883485
"4",-4.69939879759519,-0.857969309286359,-4.27855711422846,-0.84903837883485,-0.65303837883485
"5",-4.51903807615231,-0.859847535983124,-4.27855711422846,-0.84903837883485,-0.65303837883485
"6",-4.47895791583166,-0.925280182647663,-4.27855711422846,-0.84903837883485,-0.65303837883485
"7",-4.29859719438878,-0.875791738270778,-4.27855711422846,-0.84903837883485,-0.65303837883485
"8",-4.27855711422846,-0.778853486191023,-4.27855711422846,-0.84903837883485,-0.65303837883485
"9",-4.23847695390782,-0.919643411049355,-4.27855711422846,-0.84903837883485,-0.65303837883485
"10",-4.13827655310621,-0.773395277692816,-4.27855711422846,-0.84903837883485,-0.65303837883485
"11",-3.91783567134269,-0.868663287207876,-4.27855711422846,-0.84903837883485,-0.65303837883485
"12",-3.85771543086172,-0.693044497797969,-4.27855711422846,-0.84903837883485,-0.65303837883485
"13",-3.79759519038076,-0.789806984788691,-4.27855711422846,-0.84903837883485,-0.65303837883485
"14",-3.75751503006012,-0.786137453520252,-4.27855711422846,-0.84903837883485,-0.65303837883485
"15",-3.69739478957916,-0.788996154886189,-4.27855711422846,-0.84903837883485,-0.65303837883485
"16",-3.59719438877756,-0.747241422695816,-4.27855711422846,-0.84903837883485,-0.65303837883485
"17",-3.51703406813627,-0.769557192324403,-4.27855711422846,-0.84903837883485,-0.65303837883485
"18",-3.49699398797595,-0.733872332375713,-4.27855711422846,-0.84903837883485,-0.65303837883485
"19",-3.41683366733467,-0.54075520656349,-4.27855711422846,-0.84903837883485,-0.65303837883485
"20",-3.31663326653307,-0.635581554559387,-4.27855711422846,-0.84903837883485,-0.65303837883485
"21",-3.29659318637275,-0.714632435991265,-4.27855711422846,-0.84903837883485,-0.65303837883485
"22",-3.09619238476954,-0.637254611466699,-4.27855711422846,-0.84903837883485,-0.65303837883485
"23",-2.11422845691383,-0.279174668260212,-4.27855711422846,-0.84903837883485,-0.65303837883485
"24",-1.85370741482966,-0.204444196956205,-4.27855711422846,-0.84903837883485,-0.65303837883485
"25",-1.25250501002004,-0.00259135640647228,-4.27855711422846,-0.84903837883485,-0.65303837883485
"26",1.51302605210421,0.548036973769461,-4.27855711422846,-0.84903837883485,-0.65303837883485
"27",3.99799599198397,0.492789774997832,-4.27855711422846,-0.84903837883485,-0.65303837883485
"28",4.23847695390782,0.420100941786962,-4.27855711422846,-0.84903837883485,-0.65303837883485
"29",4.35871743486974,0.41315576807758,-4.27855711422846,-0.84903837883485,-0.65303837883485
"30",4.39879759519038,0.502570765932605,-4.27855711422846,-0.84903837883485,-0.65303837883485
