"","x","yplot","target","ftrue","fwrong"
"1",-4.23847695390782,-0.29848124760937,-2.67535070140281,-0.391718343689423,-0.587718343689423
"2",-3.61723446893788,-0.249843653201292,-2.67535070140281,-0.391718343689423,-0.587718343689423
"3",-3.37675350701403,-0.421417656399269,-2.67535070140281,-0.391718343689423,-0.587718343689423
"4",-3.31663326653307,-0.388884906472792,-2.67535070140281,-0.391718343689423,-0.587718343689423
"5",-3.2565130260521,-0.418391357788867,-2.67535070140281,-0.391718343689423,-0.587718343689423
"6",-3.21643286573146,-0.362541544409777,-2.67535070140281,-0.391718343689423,-0.587718343689423
"7",-3.13627254509018,-0.447894536084197,-2.67535070140281,-0.391718343689423,-0.587718343689423
"8",-3.11623246492986,-0.257321491544957,-2.67535070140281,-0.391718343689423,-0.587718343689423
"9",-3.09619238476954,-0.419837008460727,-2.67535070140281,-0.391718343689423,-0.587718343689423
"10",-2.89579158316633,-0.398103093404046,-2.67535070140281,-0.391718343689423,-0.587718343689423
"11",-2.83567134268537,-0.42293122438712,-2.67535070140281,-0.391718343689423,-0.587718343689423
"12",-2.75551102204409,-0.397416743609376,-2.67535070140281,-0.391718343689423,-0.587718343689423
"13",-2.65531062124249,-0.273515519070188,-2.67535070140281,-0.391718343689423,-0.587718343689423
"14",-2.61523046092184,-0.25596564637324,-2.67535070140281,-0.391718343689423,-0.587718343689423
"15",-2.43486973947896,-0.335241084664894,-2.67535070140281,-0.391718343689423,-0.587718343689423
"16",-2.374749498998,-0.346199909706055,-2.67535070140281,-0.391718343689423,-0.587718343689423
"17",-2.27454909819639,-0.388845918559262,-2.67535070140281,-0.391718343689423,-0.587718343689423
"18",-2.25450901803607,-0.361764478561954,-2.67535070140281,-0.391718343689423,-0.587718343689423
"19",-2.23446893787575,-0.376649036316274,-2.67535070140281,-0.391718343689423,-0.587718343689423
"20",-2.11422845691383,-0.258849197373505,-2.67535070140281,-0.391718343689423,-0.587718343689423
"21",-2.05410821643287,-0.249897285963626,-2.67535070140281,-0.391718343689423,-0.587718343689423
"22",-1.87374749498998,-0.26287301148229,-2.67535070140281,-0.391718343689423,-0.587718343689423
"23",-1.59318637274549,-0.0124455323519565,-2.67535070140281,-0.391718343689423,-0.587718343689423
"24",-1.1122244488978,0.109907956824578,-2.67535070140281,-0.391718343689423,-0.587718343689423
"25",0.611222444889779,0.537818171030974,-2.67535070140281,-0.391718343689423,-0.587718343689423
"26",0.991983967935871,0.74824690773854,-2.67535070140281,-0.391718343689423,-0.587718343689423
"27",1.01202404809619,0.772117695033134,-2.67535070140281,-0.391718343689423,-0.587718343689423
"28",1.13226452905812,0.786796416016688,-2.67535070140281,-0.391718343689423,-0.587718343689423
"29",2.55511022044088,1.07620609007252,-2.67535070140281,-0.391718343689423,-0.587718343689423
"30",3.21643286573146,0.689590217832828,-2.67535070140281,-0.391718343689423,-0.587718343689423
