"","x","yplot","target","ftrue","fwrong"
"1",-5,-0.254331607053963,-4.15831663326653,0.0615628344195583,-0.134437165580442
"2",-4.85971943887776,-0.300107886744821,-4.15831663326653,0.0615628344195583,-0.134437165580442
"3",-4.79959919839679,-0.186295930735031,-4.15831663326653,0.0615628344195583,-0.134437165580442
"4",-4.77955911823647,-0.025945720972079,-4.15831663326653,0.0615628344195583,-0.134437165580442
"5",-4.73947895791583,-0.0801544817289542,-4.15831663326653,0.0615628344195583,-0.134437165580442
"6",-4.69939879759519,-0.0731499330627725,-4.15831663326653,0.0615628344195583,-0.134437165580442
"7",-4.67935871743487,-0.0839982754079181,-4.15831663326653,0.0615628344195583,-0.134437165580442
"8",-4.61923847695391,-0.0213402406786877,-4.15831663326653,0.0615628344195583,-0.134437165580442
"9",-4.55911823647295,0.0402044859852226,-4.15831663326653,0.0615628344195583,-0.134437165580442
"10",-4.49899799599198,0.124354662928227,-4.15831663326653,0.0615628344195583,-0.134437165580442
"11",-4.47895791583166,0.0650253453809372,-4.15831663326653,0.0615628344195583,-0.134437165580442
"12",-4.39879759519038,-0.246418684663703,-4.15831663326653,0.0615628344195583,-0.134437165580442
"13",-4.33867735470942,-0.0429865211551831,-4.15831663326653,0.0615628344195583,-0.134437165580442
"14",-4.15831663326653,0.0444708952935789,-4.15831663326653,0.0615628344195583,-0.134437165580442
"15",-4.13827655310621,0.127567775274239,-4.15831663326653,0.0615628344195583,-0.134437165580442
"16",-4.05811623246493,0.0496542506228065,-4.15831663326653,0.0615628344195583,-0.134437165580442
"17",-4.03807615230461,0.152039263158401,-4.15831663326653,0.0615628344195583,-0.134437165580442
"18",-3.87775551102204,0.102776342306751,-4.15831663326653,0.0615628344195583,-0.134437165580442
"19",-3.81763527054108,0.283446843321213,-4.15831663326653,0.0615628344195583,-0.134437165580442
"20",-3.7374749498998,0.0152143220715515,-4.15831663326653,0.0615628344195583,-0.134437165580442
"21",-3.71743486973948,0.0991002669753562,-4.15831663326653,0.0615628344195583,-0.134437165580442
"22",-3.6372745490982,0.215096832739726,-4.15831663326653,0.0615628344195583,-0.134437165580442
"23",-3.57715430861723,0.212041056308709,-4.15831663326653,0.0615628344195583,-0.134437165580442
"24",-3.51703406813627,0.179153908207562,-4.15831663326653,0.0615628344195583,-0.134437165580442
"25",-3.45691382765531,0.0957119513429097,-4.15831663326653,0.0615628344195583,-0.134437165580442
"26",-3.37675350701403,0.0866820410738312,-4.15831663326653,0.0615628344195583,-0.134437165580442
"27",-3.27655310621242,0.27677005164578,-4.15831663326653,0.0615628344195583,-0.134437165580442
"28",-3.2565130260521,0.120869535421812,-4.15831663326653,0.0615628344195583,-0.134437165580442
"29",-3.0561122244489,0.0968645701360461,-4.15831663326653,0.0615628344195583,-0.134437165580442
"30",-2.29458917835671,0.278448724541803,-4.15831663326653,0.0615628344195583,-0.134437165580442
"31",-0.591182364729459,0.34231721601841,-4.15831663326653,0.0615628344195583,-0.134437165580442
"32",1.2124248496994,0.963638434102563,-4.15831663326653,0.0615628344195583,-0.134437165580442
"33",1.63326653306613,1.00995338634137,-4.15831663326653,0.0615628344195583,-0.134437165580442
"34",1.7935871743487,0.902920594453244,-4.15831663326653,0.0615628344195583,-0.134437165580442
"35",2.43486973947896,0.797564670420961,-4.15831663326653,0.0615628344195583,-0.134437165580442
"36",2.65531062124249,0.674366719343093,-4.15831663326653,0.0615628344195583,-0.134437165580442
"37",3.65731462925852,0.0576290566987667,-4.15831663326653,0.0615628344195583,-0.134437165580442
"38",3.85771543086172,-0.0390236687782296,-4.15831663326653,0.0615628344195583,-0.134437165580442
"39",3.89779559118236,-0.00648738001992674,-4.15831663326653,0.0615628344195583,-0.134437165580442
"40",4.39879759519038,-0.562814003641603,-4.15831663326653,0.0615628344195583,-0.134437165580442
