"","x","yplot","target","ftrue","fwrong"
"1",-4.81963927855711,-0.847958662909639,-3.97795591182365,0.019469606481856,-0.176530393518144
"2",-4.63927855711423,-0.701410466349002,-3.97795591182365,0.019469606481856,-0.176530393518144
"3",-4.59919839679359,-0.358803133600399,-3.97795591182365,0.019469606481856,-0.176530393518144
"4",-4.11823647294589,-0.0999319142491327,-3.97795591182365,0.019469606481856,-0.176530393518144
"5",-4.09819639278557,-0.164267683676989,-3.97795591182365,0.019469606481856,-0.176530393518144
"6",-4.03807615230461,0.00666716174647098,-3.97795591182365,0.019469606481856,-0.176530393518144
"7",-3.67735470941884,0.17812417362755,-3.97795591182365,0.019469606481856,-0.176530393518144
"8",-3.41683366733467,0.286602124144285,-3.97795591182365,0.019469606481856,-0.176530393518144
"9",-3.37675350701403,0.16220904859583,-3.97795591182365,0.019469606481856,-0.176530393518144
"10",-3.31663326653307,0.153538727704216,-3.97795591182365,0.019469606481856,-0.176530393518144
"11",-3.17635270541082,0.313371372118831,-3.97795591182365,0.019469606481856,-0.176530393518144
"12",-3.09619238476954,-0.0489934932561742,-3.97795591182365,0.019469606481856,-0.176530393518144
"13",-2.95591182364729,0.0561767115166934,-3.97795591182365,0.019469606481856,-0.176530393518144
"14",-2.41482965931864,0.159442463782907,-3.97795591182365,0.019469606481856,-0.176530393518144
"15",-1.29258517034068,-0.138667340024454,-3.97795591182365,0.019469606481856,-0.176530393518144
"16",-0.230460921843687,0.345643675174114,-3.97795591182365,0.019469606481856,-0.176530393518144
"17",0.210420841683367,0.319850873802149,-3.97795591182365,0.019469606481856,-0.176530393518144
"18",0.711422845691382,0.314231846747584,-3.97795591182365,0.019469606481856,-0.176530393518144
"19",0.891783567134269,0.49201206843963,-3.97795591182365,0.019469606481856,-0.176530393518144
"20",1.03206412825651,0.572231172066713,-3.97795591182365,0.019469606481856,-0.176530393518144
"21",1.312625250501,0.384299748651554,-3.97795591182365,0.019469606481856,-0.176530393518144
"22",1.33266533066132,0.381622576873011,-3.97795591182365,0.019469606481856,-0.176530393518144
"23",1.55310621242485,0.54706841974062,-3.97795591182365,0.019469606481856,-0.176530393518144
"24",1.73346693386774,0.558871881223667,-3.97795591182365,0.019469606481856,-0.176530393518144
"25",1.81362725450902,0.323647575511409,-3.97795591182365,0.019469606481856,-0.176530393518144
"26",1.87374749498998,0.476661983340563,-3.97795591182365,0.019469606481856,-0.176530393518144
"27",2.21442885771543,0.279417992393976,-3.97795591182365,0.019469606481856,-0.176530393518144
"28",2.83567134268537,0.017153915166887,-3.97795591182365,0.019469606481856,-0.176530393518144
"29",3.21643286573146,-0.17165492332279,-3.97795591182365,0.019469606481856,-0.176530393518144
"30",3.6372745490982,-0.461026228991074,-3.97795591182365,0.019469606481856,-0.176530393518144
"31",3.67735470941884,-0.368023488575418,-3.97795591182365,0.019469606481856,-0.176530393518144
"32",3.97795591182365,-0.720796371996886,-3.97795591182365,0.019469606481856,-0.176530393518144
"33",3.99799599198397,-0.807088921272736,-3.97795591182365,0.019469606481856,-0.176530393518144
"34",4.11823647294589,-0.476192372957005,-3.97795591182365,0.019469606481856,-0.176530393518144
"35",4.15831663326653,-0.841791070528738,-3.97795591182365,0.019469606481856,-0.176530393518144
"36",4.39879759519038,-0.667418323336522,-3.97795591182365,0.019469606481856,-0.176530393518144
"37",4.47895791583166,-0.808560181502266,-3.97795591182365,0.019469606481856,-0.176530393518144
"38",4.53907815631263,-0.616381626760886,-3.97795591182365,0.019469606481856,-0.176530393518144
"39",4.75951903807615,-0.661514369348326,-3.97795591182365,0.019469606481856,-0.176530393518144
"40",4.85971943887776,-0.647278450635216,-3.97795591182365,0.019469606481856,-0.176530393518144
