"","x","yplot","target","ftrue","fwrong"
"1",-3.57715430861723,0.247502540307516,3.01603206412826,0.298831075437805,0.494831075437805
"2",-2.23446893787575,0.46726448394292,3.01603206412826,0.298831075437805,0.494831075437805
"3",-0.470941883767535,-0.234398657203472,3.01603206412826,0.298831075437805,0.494831075437805
"4",1.71342685370741,-0.244303645005041,3.01603206412826,0.298831075437805,0.494831075437805
"5",2.03406813627254,-0.0275966636359244,3.01603206412826,0.298831075437805,0.494831075437805
"6",2.05410821643287,-0.134659750373586,3.01603206412826,0.298831075437805,0.494831075437805
"7",2.23446893787575,0.00226849704697485,3.01603206412826,0.298831075437805,0.494831075437805
"8",2.41482965931864,0.349362392920867,3.01603206412826,0.298831075437805,0.494831075437805
"9",2.43486973947896,0.00553467121034154,3.01603206412826,0.298831075437805,0.494831075437805
"10",2.63527054108216,0.138529223517889,3.01603206412826,0.298831075437805,0.494831075437805
"11",2.65531062124249,0.2402127514231,3.01603206412826,0.298831075437805,0.494831075437805
"12",2.97595190380761,0.13771447424949,3.01603206412826,0.298831075437805,0.494831075437805
"13",3.03607214428858,0.1979483513966,3.01603206412826,0.298831075437805,0.494831075437805
"14",3.07615230460922,0.500707372414356,3.01603206412826,0.298831075437805,0.494831075437805
"15",3.11623246492986,0.251800234500257,3.01603206412826,0.298831075437805,0.494831075437805
"16",3.13627254509018,0.323497657893193,3.01603206412826,0.298831075437805,0.494831075437805
"17",3.35671342685371,0.372546738309548,3.01603206412826,0.298831075437805,0.494831075437805
"18",3.43687374749499,0.350846669333861,3.01603206412826,0.298831075437805,0.494831075437805
"19",4.45891783567134,0.0614288900787496,3.01603206412826,0.298831075437805,0.494831075437805
"20",4.57915831663327,0.04793915339813,3.01603206412826,0.298831075437805,0.494831075437805
