"","x","yplot","target","ftrue","fwrong"
"1",-4.17835671342685,-0.320446127424289,-2.01402805611222,0.626159834320809,0.822159834320809
"2",-2.97595190380762,0.0582418506695505,-2.01402805611222,0.626159834320809,0.822159834320809
"3",-2.93587174348697,0.0193599321110925,-2.01402805611222,0.626159834320809,0.822159834320809
"4",-2.83567134268537,0.248729454509271,-2.01402805611222,0.626159834320809,0.822159834320809
"5",-2.71543086172345,0.402049775676493,-2.01402805611222,0.626159834320809,0.822159834320809
"6",-2.69539078156313,0.509667248792635,-2.01402805611222,0.626159834320809,0.822159834320809
"7",-2.53507014028056,0.598507217330635,-2.01402805611222,0.626159834320809,0.822159834320809
"8",-2.25450901803607,0.615347682269179,-2.01402805611222,0.626159834320809,0.822159834320809
"9",-2.19438877755511,0.434615610442832,-2.01402805611222,0.626159834320809,0.822159834320809
"10",-2.09418837675351,0.430975621231192,-2.01402805611222,0.626159834320809,0.822159834320809
"11",-2.07414829659319,0.43649144653021,-2.01402805611222,0.626159834320809,0.822159834320809
"12",-1.93386773547094,0.842905157143414,-2.01402805611222,0.626159834320809,0.822159834320809
"13",-1.91382765531062,0.70607846990486,-2.01402805611222,0.626159834320809,0.822159834320809
"14",-1.83366733466934,0.553150721209747,-2.01402805611222,0.626159834320809,0.822159834320809
"15",-1.77354709418838,0.696895766831271,-2.01402805611222,0.626159834320809,0.822159834320809
"16",-1.69338677354709,0.606440483399338,-2.01402805611222,0.626159834320809,0.822159834320809
"17",-1.51302605210421,0.819388652898453,-2.01402805611222,0.626159834320809,0.822159834320809
"18",-1.49298597194389,0.721851002603384,-2.01402805611222,0.626159834320809,0.822159834320809
"19",-1.45290581162325,0.665983439740106,-2.01402805611222,0.626159834320809,0.822159834320809
"20",-1.2124248496994,0.627282568314014,-2.01402805611222,0.626159834320809,0.822159834320809
"21",-1.15230460921844,0.548795085456827,-2.01402805611222,0.626159834320809,0.822159834320809
"22",-1.1122244488978,0.588347949189475,-2.01402805611222,0.626159834320809,0.822159834320809
"23",-0.851703406813628,0.515662169629662,-2.01402805611222,0.626159834320809,0.822159834320809
"24",-0.751503006012024,0.388908944029051,-2.01402805611222,0.626159834320809,0.822159834320809
"25",-0.731462925851703,0.480429958558897,-2.01402805611222,0.626159834320809,0.822159834320809
"26",-0.130260521042084,0.168856831642217,-2.01402805611222,0.626159834320809,0.822159834320809
"27",1.93386773547094,-0.667371561812335,-2.01402805611222,0.626159834320809,0.822159834320809
"28",2.17434869739479,-0.912777225960677,-2.01402805611222,0.626159834320809,0.822159834320809
"29",2.91583166332665,-0.667290120433926,-2.01402805611222,0.626159834320809,0.822159834320809
"30",3.23647294589178,-0.716281015018195,-2.01402805611222,0.626159834320809,0.822159834320809
