"","x","yplot","target","ftrue","fwrong"
"1",-2.83567134268537,0.459688757799617,-2.07414829659319,0.58084872370499,0.77684872370499
"2",-2.73547094188377,0.471850872992064,-2.07414829659319,0.58084872370499,0.77684872370499
"3",-2.59519038076152,0.430973106969579,-2.07414829659319,0.58084872370499,0.77684872370499
"4",-2.45490981963928,0.449023325141349,-2.07414829659319,0.58084872370499,0.77684872370499
"5",-2.05410821643287,0.704617243080174,-2.07414829659319,0.58084872370499,0.77684872370499
"6",-1.39278557114228,0.61947275218363,-2.07414829659319,0.58084872370499,0.77684872370499
"7",-1.33266533066132,0.734958326816137,-2.07414829659319,0.58084872370499,0.77684872370499
"8",1.53306613226453,0.11872814028766,-2.07414829659319,0.58084872370499,0.77684872370499
"9",4.29859719438878,-0.537693038181231,-2.07414829659319,0.58084872370499,0.77684872370499
"10",4.3186372745491,-0.728083504203863,-2.07414829659319,0.58084872370499,0.77684872370499
