"","x","yplot","target","ftrue","fwrong"
"1",-4.77955911823647,0.385188038942549,-0.370741482965932,-0.199611043570219,-0.00361104357021949
"2",-4.01803607214429,0.871495797195162,-0.370741482965932,-0.199611043570219,-0.00361104357021949
"3",-3.87775551102204,0.756200320923052,-0.370741482965932,-0.199611043570219,-0.00361104357021949
"4",-3.21643286573146,0.842941522525032,-0.370741482965932,-0.199611043570219,-0.00361104357021949
"5",-2.97595190380762,0.884960948683119,-0.370741482965932,-0.199611043570219,-0.00361104357021949
"6",-2.75551102204409,1.07939877515719,-0.370741482965932,-0.199611043570219,-0.00361104357021949
"7",-2.49498997995992,0.864640698097718,-0.370741482965932,-0.199611043570219,-0.00361104357021949
"8",-1.85370741482966,0.654489136472461,-0.370741482965932,-0.199611043570219,-0.00361104357021949
"9",-1.77354709418838,0.720206430733437,-0.370741482965932,-0.199611043570219,-0.00361104357021949
"10",-1.39278557114228,0.532657768089539,-0.370741482965932,-0.199611043570219,-0.00361104357021949
"11",-1.312625250501,0.458282530723969,-0.370741482965932,-0.199611043570219,-0.00361104357021949
"12",-1.27254509018036,0.484472351779843,-0.370741482965932,-0.199611043570219,-0.00361104357021949
"13",-1.19238476953908,0.196991049375884,-0.370741482965932,-0.199611043570219,-0.00361104357021949
"14",-1.17234468937876,0.299408432997943,-0.370741482965932,-0.199611043570219,-0.00361104357021949
"15",-1.07214428857715,0.311618433601402,-0.370741482965932,-0.199611043570219,-0.00361104357021949
"16",-1.03206412825651,0.236586962433307,-0.370741482965932,-0.199611043570219,-0.00361104357021949
"17",-0.95190380761523,0.286346992355159,-0.370741482965932,-0.199611043570219,-0.00361104357021949
"18",-0.871743486973948,0.16373923678359,-0.370741482965932,-0.199611043570219,-0.00361104357021949
"19",-0.851703406813628,0.154175494734,-0.370741482965932,-0.199611043570219,-0.00361104357021949
"20",-0.831663326653307,0.211066595640608,-0.370741482965932,-0.199611043570219,-0.00361104357021949
"21",-0.811623246492986,0.148736660136739,-0.370741482965932,-0.199611043570219,-0.00361104357021949
"22",-0.651302605210421,0.11705525373233,-0.370741482965932,-0.199611043570219,-0.00361104357021949
"23",-0.551102204408818,0.14273302553348,-0.370741482965932,-0.199611043570219,-0.00361104357021949
"24",-0.511022044088176,-0.107909439663238,-0.370741482965932,-0.199611043570219,-0.00361104357021949
"25",-0.470941883767535,0.0262990274730923,-0.370741482965932,-0.199611043570219,-0.00361104357021949
"26",-0.370741482965932,-0.298932894780378,-0.370741482965932,-0.199611043570219,-0.00361104357021949
"27",-0.330661322645291,-0.34546853580063,-0.370741482965932,-0.199611043570219,-0.00361104357021949
"28",-0.290581162324649,-0.214265343929387,-0.370741482965932,-0.199611043570219,-0.00361104357021949
"29",-0.270541082164329,-0.372386914407142,-0.370741482965932,-0.199611043570219,-0.00361104357021949
"30",-0.230460921843687,-0.14200950327138,-0.370741482965932,-0.199611043570219,-0.00361104357021949
"31",-0.210420841683367,-0.271590599504558,-0.370741482965932,-0.199611043570219,-0.00361104357021949
"32",-0.110220440881764,-0.517862044848026,-0.370741482965932,-0.199611043570219,-0.00361104357021949
"33",-0.0701402805611222,-0.412646069073282,-0.370741482965932,-0.199611043570219,-0.00361104357021949
"34",-0.0100200400801604,-0.474095886338535,-0.370741482965932,-0.199611043570219,-0.00361104357021949
"35",0.0300601202404804,-0.380857037481734,-0.370741482965932,-0.199611043570219,-0.00361104357021949
"36",0.0501002004008013,-0.545108887603917,-0.370741482965932,-0.199611043570219,-0.00361104357021949
"37",0.170340681362725,-0.68238981149457,-0.370741482965932,-0.199611043570219,-0.00361104357021949
"38",0.210420841683367,-0.371329001092138,-0.370741482965932,-0.199611043570219,-0.00361104357021949
"39",0.230460921843687,-0.689532038356076,-0.370741482965932,-0.199611043570219,-0.00361104357021949
"40",0.290581162324649,-0.587045419902964,-0.370741482965932,-0.199611043570219,-0.00361104357021949
"41",0.31062124248497,-0.728345318966825,-0.370741482965932,-0.199611043570219,-0.00361104357021949
"42",0.390781563126252,-0.355977764085764,-0.370741482965932,-0.199611043570219,-0.00361104357021949
"43",0.410821643286573,-0.79040852421311,-0.370741482965932,-0.199611043570219,-0.00361104357021949
"44",0.450901803607215,-0.657660532993587,-0.370741482965932,-0.199611043570219,-0.00361104357021949
"45",0.571142284569138,-0.677052346766773,-0.370741482965932,-0.199611043570219,-0.00361104357021949
"46",2.89579158316633,0.221132559931067,-0.370741482965932,-0.199611043570219,-0.00361104357021949
"47",3.23647294589178,0.331883177249991,-0.370741482965932,-0.199611043570219,-0.00361104357021949
"48",4.39879759519038,0.622571826932009,-0.370741482965932,-0.199611043570219,-0.00361104357021949
"49",4.49899799599198,0.578826647668409,-0.370741482965932,-0.199611043570219,-0.00361104357021949
"50",4.79959919839679,0.461801167642702,-0.370741482965932,-0.199611043570219,-0.00361104357021949
