"","x","yplot","target","ftrue","fwrong"
"1",-4.45891783567134,0.312540027599598,0.891783567134269,0.00513715410424228,0.201137154104242
"2",-4.25851703406814,0.550745974884425,0.891783567134269,0.00513715410424228,0.201137154104242
"3",-2.25450901803607,-0.269810373262592,0.891783567134269,0.00513715410424228,0.201137154104242
"4",-2.15430861723447,-0.439318158532775,0.891783567134269,0.00513715410424228,0.201137154104242
"5",-1.19238476953908,-0.809558904381918,0.891783567134269,0.00513715410424228,0.201137154104242
"6",-0.0501002004008022,-0.725078334201786,0.891783567134269,0.00513715410424228,0.201137154104242
"7",-0.0300601202404813,-0.709109803933217,0.891783567134269,0.00513715410424228,0.201137154104242
"8",0.0100200400801604,-0.559189964321202,0.891783567134269,0.00513715410424228,0.201137154104242
"9",0.0501002004008013,-0.796007808982447,0.891783567134269,0.00513715410424228,0.201137154104242
"10",0.0901803607214431,-0.526072920876384,0.891783567134269,0.00513715410424228,0.201137154104242
"11",0.390781563126252,-0.470871548119189,0.891783567134269,0.00513715410424228,0.201137154104242
"12",0.571142284569138,-0.364191735457914,0.891783567134269,0.00513715410424228,0.201137154104242
"13",0.671342685370742,-0.310663131840332,0.891783567134269,0.00513715410424228,0.201137154104242
"14",0.691382765531062,-0.163289153699803,0.891783567134269,0.00513715410424228,0.201137154104242
"15",0.911823647294589,-0.0323396169718744,0.891783567134269,0.00513715410424228,0.201137154104242
"16",1.23246492985972,0.274564756009722,0.891783567134269,0.00513715410424228,0.201137154104242
"17",1.45290581162325,0.543149560748162,0.891783567134269,0.00513715410424228,0.201137154104242
"18",1.59318637274549,0.468336469626927,0.891783567134269,0.00513715410424228,0.201137154104242
"19",1.85370741482966,0.557150633869949,0.891783567134269,0.00513715410424228,0.201137154104242
"20",4.27855711422846,0.0961072813260994,0.891783567134269,0.00513715410424228,0.201137154104242
