"","x","yplot","target","ftrue","fwrong"
"1",-4.91983967935872,0.75652169615718,-4.01803607214429,0.81446070494771,0.61846070494771
"2",-4.83967935871743,0.748781005689758,-4.01803607214429,0.81446070494771,0.61846070494771
"3",-4.81963927855711,0.617088036551848,-4.01803607214429,0.81446070494771,0.61846070494771
"4",-4.75951903807615,0.713828265012226,-4.01803607214429,0.81446070494771,0.61846070494771
"5",-4.51903807615231,0.881082048219248,-4.01803607214429,0.81446070494771,0.61846070494771
"6",-4.49899799599198,0.77459327142334,-4.01803607214429,0.81446070494771,0.61846070494771
"7",-4.45891783567134,0.801430260644035,-4.01803607214429,0.81446070494771,0.61846070494771
"8",-4.17835671342685,0.701143374396478,-4.01803607214429,0.81446070494771,0.61846070494771
"9",-4.01803607214429,0.808098950538355,-4.01803607214429,0.81446070494771,0.61846070494771
"10",-3.93787575150301,1.0163343811571,-4.01803607214429,0.81446070494771,0.61846070494771
"11",-3.91783567134269,0.849735870976501,-4.01803607214429,0.81446070494771,0.61846070494771
"12",-3.8376753507014,0.872248141073537,-4.01803607214429,0.81446070494771,0.61846070494771
"13",-3.81763527054108,0.830155859991827,-4.01803607214429,0.81446070494771,0.61846070494771
"14",-3.77755511022044,0.941763547874135,-4.01803607214429,0.81446070494771,0.61846070494771
"15",-3.61723446893788,1.11571641179416,-4.01803607214429,0.81446070494771,0.61846070494771
"16",-3.55711422845691,0.812867106127018,-4.01803607214429,0.81446070494771,0.61846070494771
"17",-3.39679358717435,0.838532550966213,-4.01803607214429,0.81446070494771,0.61846070494771
"18",-3.33667334669339,1.02433718366375,-4.01803607214429,0.81446070494771,0.61846070494771
"19",-3.27655310621242,0.733151270843616,-4.01803607214429,0.81446070494771,0.61846070494771
"20",-3.21643286573146,0.905661260567335,-4.01803607214429,0.81446070494771,0.61846070494771
"21",-3.09619238476954,0.851431291134664,-4.01803607214429,0.81446070494771,0.61846070494771
"22",-1.05210420841683,0.929953132453723,-4.01803607214429,0.81446070494771,0.61846070494771
"23",-0.110220440881764,1.22651063048537,-4.01803607214429,0.81446070494771,0.61846070494771
"24",0.290581162324649,0.743856863128697,-4.01803607214429,0.81446070494771,0.61846070494771
"25",0.33066132264529,0.966433791478805,-4.01803607214429,0.81446070494771,0.61846070494771
"26",0.93186372745491,0.844500186160029,-4.01803607214429,0.81446070494771,0.61846070494771
"27",1.7935871743487,0.599947019894885,-4.01803607214429,0.81446070494771,0.61846070494771
"28",3.07615230460922,0.141828440995586,-4.01803607214429,0.81446070494771,0.61846070494771
"29",4.11823647294589,-0.201129547009057,-4.01803607214429,0.81446070494771,0.61846070494771
"30",4.3186372745491,-0.261514006899106,-4.01803607214429,0.81446070494771,0.61846070494771
