"","x","yplot","target","ftrue","fwrong"
"1",-4.43887775551102,0.00156938745378134,2.71543086172345,0.369919266704237,0.565919266704237
"2",-0.330661322645291,0.224784746742863,2.71543086172345,0.369919266704237,0.565919266704237
"3",0.0901803607214431,0.419993824469071,2.71543086172345,0.369919266704237,0.565919266704237
"4",1.85370741482966,0.61420003820687,2.71543086172345,0.369919266704237,0.565919266704237
"5",1.91382765531062,0.494172361690483,2.71543086172345,0.369919266704237,0.565919266704237
"6",3.03607214428858,0.193606067325661,2.71543086172345,0.369919266704237,0.565919266704237
"7",3.17635270541082,0.394110652020541,2.71543086172345,0.369919266704237,0.565919266704237
"8",3.31663326653307,0.110317379360602,2.71543086172345,0.369919266704237,0.565919266704237
"9",3.33667334669339,0.360903070946536,2.71543086172345,0.369919266704237,0.565919266704237
"10",3.61723446893788,0.269444487735234,2.71543086172345,0.369919266704237,0.565919266704237
