"","x","yplot","target","ftrue","fwrong"
"1",-2.5751503006012,0.306403203291039,3.55711422845691,-0.426043681829456,-0.230043681829456
"2",-2.33466933867735,0.371236762848267,3.55711422845691,-0.426043681829456,-0.230043681829456
"3",-2.23446893787575,0.241638488620157,3.55711422845691,-0.426043681829456,-0.230043681829456
"4",-0.0701402805611222,0.728495695640392,3.55711422845691,-0.426043681829456,-0.230043681829456
"5",1.43286573146293,0.090850029181197,3.55711422845691,-0.426043681829456,-0.230043681829456
"6",1.97394789579158,0.0615620494738096,3.55711422845691,-0.426043681829456,-0.230043681829456
"7",2.61523046092184,-0.427045212379204,3.55711422845691,-0.426043681829456,-0.230043681829456
"8",2.67535070140281,-0.410215456809494,3.55711422845691,-0.426043681829456,-0.230043681829456
"9",2.77555110220441,-0.450935529090075,3.55711422845691,-0.426043681829456,-0.230043681829456
"10",3.07615230460922,-0.461960425110423,3.55711422845691,-0.426043681829456,-0.230043681829456
"11",3.11623246492986,-0.372706313165644,3.55711422845691,-0.426043681829456,-0.230043681829456
"12",3.51703406813627,-0.410879794987474,3.55711422845691,-0.426043681829456,-0.230043681829456
"13",3.71743486973948,-0.406153819308699,3.55711422845691,-0.426043681829456,-0.230043681829456
"14",3.79759519038076,-0.539831213415536,3.55711422845691,-0.426043681829456,-0.230043681829456
"15",3.87775551102204,-0.474724769474276,3.55711422845691,-0.426043681829456,-0.230043681829456
"16",4.01803607214429,-0.846642470755447,3.55711422845691,-0.426043681829456,-0.230043681829456
"17",4.09819639278557,-0.553134770135974,3.55711422845691,-0.426043681829456,-0.230043681829456
"18",4.27855711422846,-0.599823687289229,3.55711422845691,-0.426043681829456,-0.230043681829456
"19",4.33867735470942,-0.678441169597835,3.55711422845691,-0.426043681829456,-0.230043681829456
"20",4.4188376753507,-0.628048615199893,3.55711422845691,-0.426043681829456,-0.230043681829456
