"","x","yplot","target","ftrue","fwrong"
"1",-4.81963927855711,0.490550749503816,-4.95991983967936,0.648396788307361,0.452396788307361
"2",-4.23847695390782,0.388852411107863,-4.95991983967936,0.648396788307361,0.452396788307361
"3",-4.01803607214429,0.146099527480108,-4.95991983967936,0.648396788307361,0.452396788307361
"4",-1.01202404809619,0.147685181690283,-4.95991983967936,0.648396788307361,0.452396788307361
"5",-0.891783567134269,0.142727216751858,-4.95991983967936,0.648396788307361,0.452396788307361
"6",0.110220440881763,0.403389098135881,-4.95991983967936,0.648396788307361,0.452396788307361
"7",0.551102204408817,0.280253599688217,-4.95991983967936,0.648396788307361,0.452396788307361
"8",1.59318637274549,0.0601959062061451,-4.95991983967936,0.648396788307361,0.452396788307361
"9",1.8937875751503,-0.13959662404507,-4.95991983967936,0.648396788307361,0.452396788307361
"10",4.19839679358717,-0.103997789651626,-4.95991983967936,0.648396788307361,0.452396788307361
