"","x","yplot","target","ftrue","fwrong"
"1",-4.8997995991984,-0.286145765198871,-3.33667334669339,-0.517523522356376,-0.321523522356376
"2",-4.57915831663327,-0.316027651907638,-3.33667334669339,-0.517523522356376,-0.321523522356376
"3",-4.37875751503006,-0.55350646781892,-3.33667334669339,-0.517523522356376,-0.321523522356376
"4",-3.99799599198397,-0.686092807028397,-3.33667334669339,-0.517523522356376,-0.321523522356376
"5",-3.65731462925852,-0.444930140298005,-3.33667334669339,-0.517523522356376,-0.321523522356376
"6",-3.59719438877756,-0.702517501266275,-3.33667334669339,-0.517523522356376,-0.321523522356376
"7",-3.55711422845691,-0.570402613842632,-3.33667334669339,-0.517523522356376,-0.321523522356376
"8",-3.51703406813627,-0.566370890237074,-3.33667334669339,-0.517523522356376,-0.321523522356376
"9",-3.43687374749499,-0.594053851311891,-3.33667334669339,-0.517523522356376,-0.321523522356376
"10",-3.37675350701403,-0.670636407973623,-3.33667334669339,-0.517523522356376,-0.321523522356376
"11",-3.31663326653307,-0.455266545213601,-3.33667334669339,-0.517523522356376,-0.321523522356376
"12",-3.29659318637275,-0.706241862453434,-3.33667334669339,-0.517523522356376,-0.321523522356376
"13",-3.2565130260521,-0.38332594396278,-3.33667334669339,-0.517523522356376,-0.321523522356376
"14",-3.19639278557114,-0.495848268081232,-3.33667334669339,-0.517523522356376,-0.321523522356376
"15",-3.1563126252505,-0.454959479315895,-3.33667334669339,-0.517523522356376,-0.321523522356376
"16",-2.69539078156313,-0.222011893942076,-3.33667334669339,-0.517523522356376,-0.321523522356376
"17",-2.53507014028056,-0.1546655595926,-3.33667334669339,-0.517523522356376,-0.321523522356376
"18",-2.41482965931864,-0.128821216921058,-3.33667334669339,-0.517523522356376,-0.321523522356376
"19",-2.31462925851703,-0.0620905609277378,-3.33667334669339,-0.517523522356376,-0.321523522356376
"20",-1.93386773547094,-0.105303934286607,-3.33667334669339,-0.517523522356376,-0.321523522356376
"21",-1.7935871743487,0.198157852148675,-3.33667334669339,-0.517523522356376,-0.321523522356376
"22",-1.03206412825651,0.271846403395108,-3.33667334669339,-0.517523522356376,-0.321523522356376
"23",-0.811623246492986,0.245453795660009,-3.33667334669339,-0.517523522356376,-0.321523522356376
"24",-0.771543086172345,0.226039685319298,-3.33667334669339,-0.517523522356376,-0.321523522356376
"25",-0.450901803607215,0.193059308383455,-3.33667334669339,-0.517523522356376,-0.321523522356376
"26",-0.270541082164329,0.320793262706925,-3.33667334669339,-0.517523522356376,-0.321523522356376
"27",0.0100200400801604,0.29748723264969,-3.33667334669339,-0.517523522356376,-0.321523522356376
"28",0.290581162324649,0.425582510743715,-3.33667334669339,-0.517523522356376,-0.321523522356376
"29",0.531062124248497,0.341486330862927,-3.33667334669339,-0.517523522356376,-0.321523522356376
"30",0.711422845691382,0.369759515191521,-3.33667334669339,-0.517523522356376,-0.321523522356376
"31",1.15230460921844,0.429287367006851,-3.33667334669339,-0.517523522356376,-0.321523522356376
"32",1.51302605210421,0.688573985411054,-3.33667334669339,-0.517523522356376,-0.321523522356376
"33",1.53306613226453,0.654150922791519,-3.33667334669339,-0.517523522356376,-0.321523522356376
"34",1.59318637274549,0.576854733883259,-3.33667334669339,-0.517523522356376,-0.321523522356376
"35",1.75350701402806,0.595689636012499,-3.33667334669339,-0.517523522356376,-0.321523522356376
"36",1.87374749498998,0.368745280455687,-3.33667334669339,-0.517523522356376,-0.321523522356376
"37",2.43486973947896,0.539612018254653,-3.33667334669339,-0.517523522356376,-0.321523522356376
"38",2.49498997995992,0.73508689832749,-3.33667334669339,-0.517523522356376,-0.321523522356376
"39",2.69539078156313,0.541265584615421,-3.33667334669339,-0.517523522356376,-0.321523522356376
"40",2.87575150300601,0.589727284950906,-3.33667334669339,-0.517523522356376,-0.321523522356376
"41",2.91583166332665,0.466996514791644,-3.33667334669339,-0.517523522356376,-0.321523522356376
"42",3.31663326653307,0.470136905536071,-3.33667334669339,-0.517523522356376,-0.321523522356376
"43",3.33667334669339,0.534075548706633,-3.33667334669339,-0.517523522356376,-0.321523522356376
"44",3.81763527054108,0.577836138868088,-3.33667334669339,-0.517523522356376,-0.321523522356376
"45",4.07815631262525,0.281167850002611,-3.33667334669339,-0.517523522356376,-0.321523522356376
"46",4.09819639278557,0.428119395503747,-3.33667334669339,-0.517523522356376,-0.321523522356376
"47",4.29859719438878,0.733161559532491,-3.33667334669339,-0.517523522356376,-0.321523522356376
"48",4.37875751503006,0.566738846035674,-3.33667334669339,-0.517523522356376,-0.321523522356376
"49",4.47895791583166,0.721253210655257,-3.33667334669339,-0.517523522356376,-0.321523522356376
"50",4.75951903807615,0.769424625572924,-3.33667334669339,-0.517523522356376,-0.321523522356376
