"","x","yplot","target","ftrue","fwrong"
"1",-4.81963927855711,-0.216967953363319,4.4188376753507,0.595816716972498,0.399816716972498
"2",-4.77955911823647,-0.47608035295656,4.4188376753507,0.595816716972498,0.399816716972498
"3",-4.65931863727455,-0.115839257560251,4.4188376753507,0.595816716972498,0.399816716972498
"4",-4.45891783567134,-0.11790528139395,4.4188376753507,0.595816716972498,0.399816716972498
"5",-4.13827655310621,0.0550780611176156,4.4188376753507,0.595816716972498,0.399816716972498
"6",-4.05811623246493,-0.0498361083964566,4.4188376753507,0.595816716972498,0.399816716972498
"7",-3.97795591182365,0.141595058754288,4.4188376753507,0.595816716972498,0.399816716972498
"8",-3.75751503006012,0.126755742272542,4.4188376753507,0.595816716972498,0.399816716972498
"9",-3.41683366733467,0.39033564603285,4.4188376753507,0.595816716972498,0.399816716972498
"10",-3.01603206412826,0.537220047065932,4.4188376753507,0.595816716972498,0.399816716972498
"11",-2.81563126252505,0.485779824210546,4.4188376753507,0.595816716972498,0.399816716972498
"12",-2.69539078156313,0.785748944486988,4.4188376753507,0.595816716972498,0.399816716972498
"13",-2.45490981963928,0.66693328653213,4.4188376753507,0.595816716972498,0.399816716972498
"14",-2.13426853707415,0.489346000745928,4.4188376753507,0.595816716972498,0.399816716972498
"15",-1.87374749498998,0.183796110347113,4.4188376753507,0.595816716972498,0.399816716972498
"16",-1.37274549098196,-0.0219100491533481,4.4188376753507,0.595816716972498,0.399816716972498
"17",-0.731462925851703,-0.449056296975632,4.4188376753507,0.595816716972498,0.399816716972498
"18",-0.711422845691383,-0.477247789820608,4.4188376753507,0.595816716972498,0.399816716972498
"19",-0.651302605210421,-0.566056255932877,4.4188376753507,0.595816716972498,0.399816716972498
"20",-0.430861723446894,-0.719766626458666,4.4188376753507,0.595816716972498,0.399816716972498
"21",-0.410821643286574,-0.570508670412823,4.4188376753507,0.595816716972498,0.399816716972498
"22",0.811623246492986,-0.383588907916856,4.4188376753507,0.595816716972498,0.399816716972498
"23",1.63326653306613,0.485167010474993,4.4188376753507,0.595816716972498,0.399816716972498
"24",1.65330661322645,0.421248884470526,4.4188376753507,0.595816716972498,0.399816716972498
"25",1.81362725450902,0.194126295372237,4.4188376753507,0.595816716972498,0.399816716972498
"26",2.35470941883768,0.821002794045309,4.4188376753507,0.595816716972498,0.399816716972498
"27",2.41482965931864,0.891355355753664,4.4188376753507,0.595816716972498,0.399816716972498
"28",2.53507014028056,0.890221296084288,4.4188376753507,0.595816716972498,0.399816716972498
"29",3.47695390781563,0.924790010085658,4.4188376753507,0.595816716972498,0.399816716972498
"30",3.6372745490982,0.826743377912601,4.4188376753507,0.595816716972498,0.399816716972498
"31",3.69739478957916,0.942682443679733,4.4188376753507,0.595816716972498,0.399816716972498
"32",3.85771543086172,0.657506568216541,4.4188376753507,0.595816716972498,0.399816716972498
"33",4.19839679358717,0.611040486924422,4.4188376753507,0.595816716972498,0.399816716972498
"34",4.21843687374749,0.68224353111623,4.4188376753507,0.595816716972498,0.399816716972498
"35",4.3186372745491,0.683923262526059,4.4188376753507,0.595816716972498,0.399816716972498
"36",4.47895791583166,0.582909512438287,4.4188376753507,0.595816716972498,0.399816716972498
"37",4.49899799599198,0.686417386683691,4.4188376753507,0.595816716972498,0.399816716972498
"38",4.53907815631263,0.338374305745512,4.4188376753507,0.595816716972498,0.399816716972498
"39",4.61923847695391,0.566755410159992,4.4188376753507,0.595816716972498,0.399816716972498
"40",4.93987975951904,0.16577112526873,4.4188376753507,0.595816716972498,0.399816716972498
