"","x","yplot","target","ftrue","fwrong"
"1",-5,-0.888951660814969,-2.65531062124249,-0.305566585609641,-0.109566585609641
"2",-4.97995991983968,-1.06039667895545,-2.65531062124249,-0.305566585609641,-0.109566585609641
"3",-4.85971943887776,-0.947681656806645,-2.65531062124249,-0.305566585609641,-0.109566585609641
"4",-4.15831663326653,-0.511980536372327,-2.65531062124249,-0.305566585609641,-0.109566585609641
"5",-4.09819639278557,-0.583074277946944,-2.65531062124249,-0.305566585609641,-0.109566585609641
"6",-3.85771543086172,-0.444307735300285,-2.65531062124249,-0.305566585609641,-0.109566585609641
"7",-3.29659318637275,-0.39071111285206,-2.65531062124249,-0.305566585609641,-0.109566585609641
"8",-3.13627254509018,-0.445607933299869,-2.65531062124249,-0.305566585609641,-0.109566585609641
"9",-2.93587174348697,-0.315366765428518,-2.65531062124249,-0.305566585609641,-0.109566585609641
"10",-2.83567134268537,-0.314769260048784,-2.65531062124249,-0.305566585609641,-0.109566585609641
"11",-2.75551102204409,-0.381653616354849,-2.65531062124249,-0.305566585609641,-0.109566585609641
"12",-2.49498997995992,-0.22387837260304,-2.65531062124249,-0.305566585609641,-0.109566585609641
"13",-2.43486973947896,-0.347855155667811,-2.65531062124249,-0.305566585609641,-0.109566585609641
"14",-2.07414829659319,-0.219521408568383,-2.65531062124249,-0.305566585609641,-0.109566585609641
"15",-1.95390781563126,-0.30213198086896,-2.65531062124249,-0.305566585609641,-0.109566585609641
"16",-1.81362725450902,-0.3786069124793,-2.65531062124249,-0.305566585609641,-0.109566585609641
"17",-1.75350701402806,-0.338922179789182,-2.65531062124249,-0.305566585609641,-0.109566585609641
"18",-1.67334669338677,-0.390651299905042,-2.65531062124249,-0.305566585609641,-0.109566585609641
"19",-0.831663326653307,-0.180346541309297,-2.65531062124249,-0.305566585609641,-0.109566585609641
"20",-0.791583166332665,-0.354400276250974,-2.65531062124249,-0.305566585609641,-0.109566585609641
"21",-0.571142284569138,-0.267855832140879,-2.65531062124249,-0.305566585609641,-0.109566585609641
"22",-0.150300601202405,0.0779466365454276,-2.65531062124249,-0.305566585609641,-0.109566585609641
"23",-0.0100200400801604,0.148090312908971,-2.65531062124249,-0.305566585609641,-0.109566585609641
"24",0.0501002004008013,0.0473769384854413,-2.65531062124249,-0.305566585609641,-0.109566585609641
"25",0.430861723446894,0.487617641032431,-2.65531062124249,-0.305566585609641,-0.109566585609641
"26",0.511022044088176,0.370544968978315,-2.65531062124249,-0.305566585609641,-0.109566585609641
"27",0.671342685370742,0.423629127246253,-2.65531062124249,-0.305566585609641,-0.109566585609641
"28",0.831663326653306,0.541769330020157,-2.65531062124249,-0.305566585609641,-0.109566585609641
"29",1.05210420841683,0.521840179164501,-2.65531062124249,-0.305566585609641,-0.109566585609641
"30",1.47294589178357,0.789460987007385,-2.65531062124249,-0.305566585609641,-0.109566585609641
"31",1.81362725450902,0.450181686553653,-2.65531062124249,-0.305566585609641,-0.109566585609641
"32",1.93386773547094,0.35807821993436,-2.65531062124249,-0.305566585609641,-0.109566585609641
"33",2.5751503006012,-0.104561959182856,-2.65531062124249,-0.305566585609641,-0.109566585609641
"34",2.67535070140281,-0.0249075830303702,-2.65531062124249,-0.305566585609641,-0.109566585609641
"35",2.75551102204409,-0.0351540664576608,-2.65531062124249,-0.305566585609641,-0.109566585609641
"36",3.53707414829659,-0.386395229655817,-2.65531062124249,-0.305566585609641,-0.109566585609641
"37",4.03807615230461,-0.581749128045227,-2.65531062124249,-0.305566585609641,-0.109566585609641
"38",4.21843687374749,-0.586070080996959,-2.65531062124249,-0.305566585609641,-0.109566585609641
"39",4.81963927855711,-0.269169012587045,-2.65531062124249,-0.305566585609641,-0.109566585609641
"40",4.83967935871743,-0.256769286845273,-2.65531062124249,-0.305566585609641,-0.109566585609641
