"","x","yplot","target","ftrue","fwrong"
"1",-3.8376753507014,0.62025186155554,-1.9939879759519,0.412189672860245,0.608189672860246
"2",-2.67535070140281,0.48605583955733,-1.9939879759519,0.412189672860245,0.608189672860246
"3",-2.51503006012024,0.664796152993271,-1.9939879759519,0.412189672860245,0.608189672860246
"4",-2.43486973947896,0.401760360453649,-1.9939879759519,0.412189672860245,0.608189672860246
"5",-2.29458917835671,0.488952341277818,-1.9939879759519,0.412189672860245,0.608189672860246
"6",-2.27454909819639,0.487102171207232,-1.9939879759519,0.412189672860245,0.608189672860246
"7",-2.05410821643287,0.428231726461655,-1.9939879759519,0.412189672860245,0.608189672860246
"8",-1.9939879759519,0.515667952244926,-1.9939879759519,0.412189672860245,0.608189672860246
"9",-1.93386773547094,0.540001604145234,-1.9939879759519,0.412189672860245,0.608189672860246
"10",-1.87374749498998,0.38211101333217,-1.9939879759519,0.412189672860245,0.608189672860246
"11",-1.83366733466934,0.510463829441803,-1.9939879759519,0.412189672860245,0.608189672860246
"12",-1.67334669338677,0.483220750260614,-1.9939879759519,0.412189672860245,0.608189672860246
"13",-1.63326653306613,0.252137564636492,-1.9939879759519,0.412189672860245,0.608189672860246
"14",-1.55310621242485,0.287558370408041,-1.9939879759519,0.412189672860245,0.608189672860246
"15",-1.37274549098196,0.157250858693296,-1.9939879759519,0.412189672860245,0.608189672860246
"16",-1.33266533066132,0.278530640868496,-1.9939879759519,0.412189672860245,0.608189672860246
"17",-1.312625250501,0.425594317528548,-1.9939879759519,0.412189672860245,0.608189672860246
"18",-1.25250501002004,0.265886405973838,-1.9939879759519,0.412189672860245,0.608189672860246
"19",-1.2124248496994,0.240724526327829,-1.9939879759519,0.412189672860245,0.608189672860246
"20",-1.19238476953908,0.142964849867567,-1.9939879759519,0.412189672860245,0.608189672860246
"21",-1.1122244488978,0.103629248093481,-1.9939879759519,0.412189672860245,0.608189672860246
"22",-1.07214428857715,0.0807238128588314,-1.9939879759519,0.412189672860245,0.608189672860246
"23",-0.490981963927856,0.0125869038511297,-1.9939879759519,0.412189672860245,0.608189672860246
"24",1.39278557114228,-0.202448894281577,-1.9939879759519,0.412189672860245,0.608189672860246
"25",1.57314629258517,-0.25370551430749,-1.9939879759519,0.412189672860245,0.608189672860246
"26",2.21442885771543,-0.244940394788716,-1.9939879759519,0.412189672860245,0.608189672860246
"27",3.19639278557114,-0.493220186920854,-1.9939879759519,0.412189672860245,0.608189672860246
"28",4.19839679358717,-0.546806176971232,-1.9939879759519,0.412189672860245,0.608189672860246
"29",4.47895791583166,-0.525118220884354,-1.9939879759519,0.412189672860245,0.608189672860246
"30",4.83967935871743,-0.430510230911084,-1.9939879759519,0.412189672860245,0.608189672860246
