"","x","yplot","target","ftrue","fwrong"
"1",-3.51703406813627,-0.179053640892077,-1.312625250501,-0.597256032176063,-0.793256032176063
"2",-3.41683366733467,-0.222249427295945,-1.312625250501,-0.597256032176063,-0.793256032176063
"3",-3.13627254509018,-0.301696986190752,-1.312625250501,-0.597256032176063,-0.793256032176063
"4",-2.99599198396794,-0.379427808554561,-1.312625250501,-0.597256032176063,-0.793256032176063
"5",-2.93587174348697,-0.267130014611471,-1.312625250501,-0.597256032176063,-0.793256032176063
"6",-2.79559118236473,-0.399126524786342,-1.312625250501,-0.597256032176063,-0.793256032176063
"7",-2.27454909819639,-0.419744786983979,-1.312625250501,-0.597256032176063,-0.793256032176063
"8",-2.23446893787575,-0.431295725047274,-1.312625250501,-0.597256032176063,-0.793256032176063
"9",-2.17434869739479,-0.540373623841317,-1.312625250501,-0.597256032176063,-0.793256032176063
"10",-1.91382765531062,-0.37209011476055,-1.312625250501,-0.597256032176063,-0.793256032176063
"11",-1.85370741482966,-0.503754124691849,-1.312625250501,-0.597256032176063,-0.793256032176063
"12",-1.83366733466934,-0.435945602772972,-1.312625250501,-0.597256032176063,-0.793256032176063
"13",-1.65330661322645,-0.643205596602275,-1.312625250501,-0.597256032176063,-0.793256032176063
"14",-1.61322645290581,-0.368039069817483,-1.312625250501,-0.597256032176063,-0.793256032176063
"15",-1.47294589178357,-0.540499017629033,-1.312625250501,-0.597256032176063,-0.793256032176063
"16",-1.45290581162325,-0.574469504506852,-1.312625250501,-0.597256032176063,-0.793256032176063
"17",-1.43286573146293,-0.654744383860612,-1.312625250501,-0.597256032176063,-0.793256032176063
"18",-1.37274549098196,-0.543971127789974,-1.312625250501,-0.597256032176063,-0.793256032176063
"19",-1.35270541082164,-0.774480112164021,-1.312625250501,-0.597256032176063,-0.793256032176063
"20",-1.312625250501,-0.502181979337039,-1.312625250501,-0.597256032176063,-0.793256032176063
"21",-1.29258517034068,-0.583088748654458,-1.312625250501,-0.597256032176063,-0.793256032176063
"22",-1.27254509018036,-0.508047771740531,-1.312625250501,-0.597256032176063,-0.793256032176063
"23",-1.25250501002004,-0.504875802152929,-1.312625250501,-0.597256032176063,-0.793256032176063
"24",-1.2124248496994,-0.693800199927474,-1.312625250501,-0.597256032176063,-0.793256032176063
"25",-1.19238476953908,-0.577722568858243,-1.312625250501,-0.597256032176063,-0.793256032176063
"26",-1.13226452905812,-0.570551360111645,-1.312625250501,-0.597256032176063,-0.793256032176063
"27",-1.09218436873748,-0.64830478399676,-1.312625250501,-0.597256032176063,-0.793256032176063
"28",-1.07214428857715,-0.628582280045933,-1.312625250501,-0.597256032176063,-0.793256032176063
"29",-1.05210420841683,-0.880522429899641,-1.312625250501,-0.597256032176063,-0.793256032176063
"30",-1.03206412825651,-0.58183279266063,-1.312625250501,-0.597256032176063,-0.793256032176063
"31",-0.93186372745491,-0.729572424411373,-1.312625250501,-0.597256032176063,-0.793256032176063
"32",-0.751503006012024,-0.768610852940487,-1.312625250501,-0.597256032176063,-0.793256032176063
"33",-0.731462925851703,-0.591613913465394,-1.312625250501,-0.597256032176063,-0.793256032176063
"34",-0.631262525050101,-0.72551682002193,-1.312625250501,-0.597256032176063,-0.793256032176063
"35",-0.571142284569138,-0.641972004281814,-1.312625250501,-0.597256032176063,-0.793256032176063
"36",-0.531062124248497,-0.737321393743293,-1.312625250501,-0.597256032176063,-0.793256032176063
"37",-0.410821643286574,-0.601037267885965,-1.312625250501,-0.597256032176063,-0.793256032176063
"38",-0.390781563126253,-0.710407533860888,-1.312625250501,-0.597256032176063,-0.793256032176063
"39",-0.370741482965932,-0.765969822552205,-1.312625250501,-0.597256032176063,-0.793256032176063
"40",-0.350701402805611,-0.597345106184857,-1.312625250501,-0.597256032176063,-0.793256032176063
"41",-0.330661322645291,-0.830060533502098,-1.312625250501,-0.597256032176063,-0.793256032176063
"42",0.0701402805611222,-0.695249396804155,-1.312625250501,-0.597256032176063,-0.793256032176063
"43",1.37274549098196,-0.774520235059302,-1.312625250501,-0.597256032176063,-0.793256032176063
"44",1.57314629258517,-0.820113389910095,-1.312625250501,-0.597256032176063,-0.793256032176063
"45",2.35470941883768,-0.960413783261058,-1.312625250501,-0.597256032176063,-0.793256032176063
"46",2.79559118236473,-1.01753731769871,-1.312625250501,-0.597256032176063,-0.793256032176063
"47",3.99799599198397,-0.812299348502471,-1.312625250501,-0.597256032176063,-0.793256032176063
"48",4.49899799599198,-0.841078713830701,-1.312625250501,-0.597256032176063,-0.793256032176063
"49",4.81963927855711,-0.609321402145577,-1.312625250501,-0.597256032176063,-0.793256032176063
"50",4.95991983967936,-0.909762289080064,-1.312625250501,-0.597256032176063,-0.793256032176063
