"","x","yplot","target","ftrue","fwrong"
"1",-4.13827655310621,0.759347500065498,0.130260521042084,0.377479473573535,0.181479473573535
"2",-1.71342685370742,0.885097219748509,0.130260521042084,0.377479473573535,0.181479473573535
"3",-0.891783567134269,0.824880564017885,0.130260521042084,0.377479473573535,0.181479473573535
"4",-0.651302605210421,0.745746828252419,0.130260521042084,0.377479473573535,0.181479473573535
"5",-0.591182364729459,0.668128674737217,0.130260521042084,0.377479473573535,0.181479473573535
"6",-0.531062124248497,0.789006481590126,0.130260521042084,0.377479473573535,0.181479473573535
"7",-0.390781563126253,0.490541907583033,0.130260521042084,0.377479473573535,0.181479473573535
"8",-0.290581162324649,0.625221521385697,0.130260521042084,0.377479473573535,0.181479473573535
"9",-0.130260521042084,0.40942731721757,0.130260521042084,0.377479473573535,0.181479473573535
"10",-0.0300601202404813,0.360368084181485,0.130260521042084,0.377479473573535,0.181479473573535
"11",0.0901803607214431,0.387541686995282,0.130260521042084,0.377479473573535,0.181479473573535
"12",0.230460921843687,0.457925149339833,0.130260521042084,0.377479473573535,0.181479473573535
"13",0.591182364729459,0.148111575042678,0.130260521042084,0.377479473573535,0.181479473573535
"14",0.651302605210421,-0.051839372338994,0.130260521042084,0.377479473573535,0.181479473573535
"15",0.671342685370742,0.244111524002081,0.130260521042084,0.377479473573535,0.181479473573535
"16",0.851703406813627,0.0129824396910634,0.130260521042084,0.377479473573535,0.181479473573535
"17",1.05210420841683,-0.245730861706527,0.130260521042084,0.377479473573535,0.181479473573535
"18",2.21442885771543,-0.596920826478835,0.130260521042084,0.377479473573535,0.181479473573535
"19",3.23647294589178,-0.743615124644105,0.130260521042084,0.377479473573535,0.181479473573535
"20",3.8376753507014,-0.632864178217172,0.130260521042084,0.377479473573535,0.181479473573535
