"","x","yplot","target","ftrue","fwrong"
"1",-5,-0.472068542027693,-4.43887775551102,-0.525188678616948,-0.721188678616948
"2",-4.83967935871743,-0.365230377079324,-4.43887775551102,-0.525188678616948,-0.721188678616948
"3",-4.79959919839679,-0.436619709341696,-4.43887775551102,-0.525188678616948,-0.721188678616948
"4",-4.77955911823647,-0.442031991328265,-4.43887775551102,-0.525188678616948,-0.721188678616948
"5",-4.75951903807615,-0.502254691487697,-4.43887775551102,-0.525188678616948,-0.721188678616948
"6",-4.69939879759519,-0.528028961645525,-4.43887775551102,-0.525188678616948,-0.721188678616948
"7",-4.53907815631263,-0.51625809896965,-4.43887775551102,-0.525188678616948,-0.721188678616948
"8",-4.05811623246493,-0.490843411625029,-4.43887775551102,-0.525188678616948,-0.721188678616948
"9",-4.03807615230461,-0.565915142242948,-4.43887775551102,-0.525188678616948,-0.721188678616948
"10",-3.8376753507014,-0.469021308194129,-4.43887775551102,-0.525188678616948,-0.721188678616948
"11",-3.75751503006012,-0.575605394404128,-4.43887775551102,-0.525188678616948,-0.721188678616948
"12",-3.69739478957916,-0.48082970306104,-4.43887775551102,-0.525188678616948,-0.721188678616948
"13",-3.67735470941884,-0.45521248872077,-4.43887775551102,-0.525188678616948,-0.721188678616948
"14",-3.6372745490982,-0.388216714096645,-4.43887775551102,-0.525188678616948,-0.721188678616948
"15",-3.53707414829659,-0.385705027038011,-4.43887775551102,-0.525188678616948,-0.721188678616948
"16",-3.1563126252505,-0.535091012163762,-4.43887775551102,-0.525188678616948,-0.721188678616948
"17",-3.11623246492986,-0.650386047489849,-4.43887775551102,-0.525188678616948,-0.721188678616948
"18",-3.01603206412826,-0.334662523640808,-4.43887775551102,-0.525188678616948,-0.721188678616948
"19",-2.95591182364729,-0.391876321989855,-4.43887775551102,-0.525188678616948,-0.721188678616948
"20",-2.75551102204409,-0.556591342760621,-4.43887775551102,-0.525188678616948,-0.721188678616948
"21",-2.5751503006012,-0.15915969130314,-4.43887775551102,-0.525188678616948,-0.721188678616948
"22",-2.43486973947896,-0.228711271311905,-4.43887775551102,-0.525188678616948,-0.721188678616948
"23",-2.33466933867735,-0.445786272981654,-4.43887775551102,-0.525188678616948,-0.721188678616948
"24",-1.65330661322645,-0.314073135058192,-4.43887775551102,-0.525188678616948,-0.721188678616948
"25",-1.61322645290581,-0.218444254738811,-4.43887775551102,-0.525188678616948,-0.721188678616948
"26",-1.01202404809619,-0.0910375081436553,-4.43887775551102,-0.525188678616948,-0.721188678616948
"27",-0.671342685370742,-0.0436646254285617,-4.43887775551102,-0.525188678616948,-0.721188678616948
"28",-0.61122244488978,0.0675965122827128,-4.43887775551102,-0.525188678616948,-0.721188678616948
"29",-0.511022044088176,-0.0717276992625802,-4.43887775551102,-0.525188678616948,-0.721188678616948
"30",-0.410821643286574,0.115707243849984,-4.43887775551102,-0.525188678616948,-0.721188678616948
"31",0.0701402805611222,0.111089920951775,-4.43887775551102,-0.525188678616948,-0.721188678616948
"32",0.170340681362725,0.228733217837865,-4.43887775551102,-0.525188678616948,-0.721188678616948
"33",0.190380761523046,0.366228341075531,-4.43887775551102,-0.525188678616948,-0.721188678616948
"34",0.450901803607215,0.338141343943881,-4.43887775551102,-0.525188678616948,-0.721188678616948
"35",0.751503006012024,0.343013713378152,-4.43887775551102,-0.525188678616948,-0.721188678616948
"36",0.851703406813627,0.425673828505872,-4.43887775551102,-0.525188678616948,-0.721188678616948
"37",0.891783567134269,0.542028531280697,-4.43887775551102,-0.525188678616948,-0.721188678616948
"38",1.87374749498998,0.593366031481256,-4.43887775551102,-0.525188678616948,-0.721188678616948
"39",2.05410821643287,0.658240782948171,-4.43887775551102,-0.525188678616948,-0.721188678616948
"40",2.45490981963928,0.691230831790425,-4.43887775551102,-0.525188678616948,-0.721188678616948
"41",2.73547094188377,0.737927612719725,-4.43887775551102,-0.525188678616948,-0.721188678616948
"42",2.77555110220441,1.02559481136887,-4.43887775551102,-0.525188678616948,-0.721188678616948
"43",3.31663326653307,0.771750516393039,-4.43887775551102,-0.525188678616948,-0.721188678616948
"44",3.97795591182365,0.7217680479456,-4.43887775551102,-0.525188678616948,-0.721188678616948
"45",4.21843687374749,0.887983146052582,-4.43887775551102,-0.525188678616948,-0.721188678616948
"46",4.43887775551102,0.769435936640181,-4.43887775551102,-0.525188678616948,-0.721188678616948
"47",4.59919839679359,0.804290206768061,-4.43887775551102,-0.525188678616948,-0.721188678616948
"48",4.69939879759519,0.854446558412395,-4.43887775551102,-0.525188678616948,-0.721188678616948
"49",4.8997995991984,0.65416053593242,-4.43887775551102,-0.525188678616948,-0.721188678616948
"50",4.91983967935872,0.664869000582566,-4.43887775551102,-0.525188678616948,-0.721188678616948
