"","x","yplot","target","ftrue","fwrong"
"1",-3.53707414829659,0.6766376280805,0.0300601202404804,-0.0100862439225165,0.185913756077483
"2",-2.83567134268537,0.720631809801352,0.0300601202404804,-0.0100862439225165,0.185913756077483
"3",-2.41482965931864,0.504126889540433,0.0300601202404804,-0.0100862439225165,0.185913756077483
"4",-2.23446893787575,0.688345578553848,0.0300601202404804,-0.0100862439225165,0.185913756077483
"5",-1.83366733466934,0.335635581308539,0.0300601202404804,-0.0100862439225165,0.185913756077483
"6",-1.71342685370742,0.349885573916508,0.0300601202404804,-0.0100862439225165,0.185913756077483
"7",-0.95190380761523,0.308115983798547,0.0300601202404804,-0.0100862439225165,0.185913756077483
"8",-0.91182364729459,0.255911732443658,0.0300601202404804,-0.0100862439225165,0.185913756077483
"9",-0.891783567134269,0.317871783694251,0.0300601202404804,-0.0100862439225165,0.185913756077483
"10",-0.831663326653307,0.301764167636383,0.0300601202404804,-0.0100862439225165,0.185913756077483
"11",-0.711422845691383,0.30054461109069,0.0300601202404804,-0.0100862439225165,0.185913756077483
"12",-0.671342685370742,0.288992435635154,0.0300601202404804,-0.0100862439225165,0.185913756077483
"13",-0.490981963927856,0.116885705192721,0.0300601202404804,-0.0100862439225165,0.185913756077483
"14",-0.470941883767535,-0.0470151858988321,0.0300601202404804,-0.0100862439225165,0.185913756077483
"15",-0.450901803607215,0.152818059536387,0.0300601202404804,-0.0100862439225165,0.185913756077483
"16",-0.430861723446894,0.20088110816103,0.0300601202404804,-0.0100862439225165,0.185913756077483
"17",-0.410821643286574,0.205604482240106,0.0300601202404804,-0.0100862439225165,0.185913756077483
"18",-0.290581162324649,0.0872778657101767,0.0300601202404804,-0.0100862439225165,0.185913756077483
"19",-0.230460921843687,0.155580741096505,0.0300601202404804,-0.0100862439225165,0.185913756077483
"20",-0.150300601202405,0.17948644486404,0.0300601202404804,-0.0100862439225165,0.185913756077483
"21",0.190380761523046,-0.0827448570087514,0.0300601202404804,-0.0100862439225165,0.185913756077483
"22",0.290581162324649,-0.263532241413245,0.0300601202404804,-0.0100862439225165,0.185913756077483
"23",0.31062124248497,-0.0126050083659307,0.0300601202404804,-0.0100862439225165,0.185913756077483
"24",0.33066132264529,0.0138261373960422,0.0300601202404804,-0.0100862439225165,0.185913756077483
"25",0.350701402805611,0.0153721264747269,0.0300601202404804,-0.0100862439225165,0.185913756077483
"26",0.450901803607215,-0.0778930965707392,0.0300601202404804,-0.0100862439225165,0.185913756077483
"27",0.671342685370742,-0.142010462028543,0.0300601202404804,-0.0100862439225165,0.185913756077483
"28",0.691382765531062,-0.285521432777796,0.0300601202404804,-0.0100862439225165,0.185913756077483
"29",0.771543086172344,0.0184843095338222,0.0300601202404804,-0.0100862439225165,0.185913756077483
"30",0.791583166332665,-0.238303767168906,0.0300601202404804,-0.0100862439225165,0.185913756077483
"31",0.831663326653306,-0.171841944697501,0.0300601202404804,-0.0100862439225165,0.185913756077483
"32",0.851703406813627,-0.146338696351956,0.0300601202404804,-0.0100862439225165,0.185913756077483
"33",0.891783567134269,-0.175548711478466,0.0300601202404804,-0.0100862439225165,0.185913756077483
"34",0.911823647294589,-0.151484052020693,0.0300601202404804,-0.0100862439225165,0.185913756077483
"35",1.69338677354709,-0.463450223768892,0.0300601202404804,-0.0100862439225165,0.185913756077483
"36",2.75551102204409,-0.476524249330759,0.0300601202404804,-0.0100862439225165,0.185913756077483
"37",2.77555110220441,-0.739385681883432,0.0300601202404804,-0.0100862439225165,0.185913756077483
"38",4.33867735470942,-0.58526064454493,0.0300601202404804,-0.0100862439225165,0.185913756077483
"39",4.39879759519038,-0.545109613440482,0.0300601202404804,-0.0100862439225165,0.185913756077483
"40",4.93987975951904,-0.298959330088752,0.0300601202404804,-0.0100862439225165,0.185913756077483
