"","x","yplot","target","ftrue","fwrong"
"1",-4.85971943887776,0.168624025899215,-2.19438877755511,0.828578357768924,0.632578357768924
"2",-4.67935871743487,0.503813217031249,-2.19438877755511,0.828578357768924,0.632578357768924
"3",-3.13627254509018,0.588577827620539,-2.19438877755511,0.828578357768924,0.632578357768924
"4",-2.87575150300601,0.684886517564927,-2.19438877755511,0.828578357768924,0.632578357768924
"5",-1.97394789579158,0.883368608766847,-2.19438877755511,0.828578357768924,0.632578357768924
"6",-1.93386773547094,0.849992181868034,-2.19438877755511,0.828578357768924,0.632578357768924
"7",-1.49298597194389,0.805193893633414,-2.19438877755511,0.828578357768924,0.632578357768924
"8",-1.35270541082164,0.808686532406244,-2.19438877755511,0.828578357768924,0.632578357768924
"9",-1.09218436873748,0.687246917135099,-2.19438877755511,0.828578357768924,0.632578357768924
"10",-0.93186372745491,0.649443769961005,-2.19438877755511,0.828578357768924,0.632578357768924
"11",0.130260521042084,0.763735585595546,-2.19438877755511,0.828578357768924,0.632578357768924
"12",1.63326653306613,0.435134492531005,-2.19438877755511,0.828578357768924,0.632578357768924
"13",1.69338677354709,0.460868523279127,-2.19438877755511,0.828578357768924,0.632578357768924
"14",1.77354709418838,0.783697216871075,-2.19438877755511,0.828578357768924,0.632578357768924
"15",2.05410821643287,0.420863827866241,-2.19438877755511,0.828578357768924,0.632578357768924
"16",2.83567134268537,-0.218510553223346,-2.19438877755511,0.828578357768924,0.632578357768924
"17",3.19639278557114,-0.256805092710444,-2.19438877755511,0.828578357768924,0.632578357768924
"18",3.91783567134268,-0.931441162228411,-2.19438877755511,0.828578357768924,0.632578357768924
"19",4.03807615230461,-1.05084939155128,-2.19438877755511,0.828578357768924,0.632578357768924
"20",4.55911823647295,-0.854334348485363,-2.19438877755511,0.828578357768924,0.632578357768924
