"","x","yplot","target","ftrue","fwrong"
"1",-4.49899799599198,-0.0864165767732839,-0.91182364729459,-0.422796986089229,-0.226796986089229
"2",-4.17835671342685,-0.0799701586831957,-0.91182364729459,-0.422796986089229,-0.226796986089229
"3",-3.95791583166333,0.137763031751027,-0.91182364729459,-0.422796986089229,-0.226796986089229
"4",-3.11623246492986,0.340681855317708,-0.91182364729459,-0.422796986089229,-0.226796986089229
"5",-1.85370741482966,0.270427520985172,-0.91182364729459,-0.422796986089229,-0.226796986089229
"6",-1.77354709418838,-0.0184315289291521,-0.91182364729459,-0.422796986089229,-0.226796986089229
"7",-1.73346693386774,0.102271256690555,-0.91182364729459,-0.422796986089229,-0.226796986089229
"8",-1.69338677354709,0.230611874526661,-0.91182364729459,-0.422796986089229,-0.226796986089229
"9",-1.65330661322645,0.00118673384068603,-0.91182364729459,-0.422796986089229,-0.226796986089229
"10",-1.61322645290581,0.0135468367184051,-0.91182364729459,-0.422796986089229,-0.226796986089229
"11",-1.59318637274549,0.0483678355827117,-0.91182364729459,-0.422796986089229,-0.226796986089229
"12",-1.57314629258517,0.155576065992818,-0.91182364729459,-0.422796986089229,-0.226796986089229
"13",-1.53306613226453,0.130988927017357,-0.91182364729459,-0.422796986089229,-0.226796986089229
"14",-1.43286573146293,0.0035250293484204,-0.91182364729459,-0.422796986089229,-0.226796986089229
"15",-1.37274549098196,-0.181334947909263,-0.91182364729459,-0.422796986089229,-0.226796986089229
"16",-1.35270541082164,-0.240034241145369,-0.91182364729459,-0.422796986089229,-0.226796986089229
"17",-1.29258517034068,-0.135988716643543,-0.91182364729459,-0.422796986089229,-0.226796986089229
"18",-1.13226452905812,-0.284776621352031,-0.91182364729459,-0.422796986089229,-0.226796986089229
"19",-1.1122244488978,-0.193564287823327,-0.91182364729459,-0.422796986089229,-0.226796986089229
"20",-0.971943887775551,-0.511296738925266,-0.91182364729459,-0.422796986089229,-0.226796986089229
"21",-0.95190380761523,-0.487515925873831,-0.91182364729459,-0.422796986089229,-0.226796986089229
"22",-0.93186372745491,-0.434104953857276,-0.91182364729459,-0.422796986089229,-0.226796986089229
"23",-0.91182364729459,-0.251764890930164,-0.91182364729459,-0.422796986089229,-0.226796986089229
"24",-0.831663326653307,-0.715544793691698,-0.91182364729459,-0.422796986089229,-0.226796986089229
"25",-0.711422845691383,-0.636223085914518,-0.91182364729459,-0.422796986089229,-0.226796986089229
"26",-0.591182364729459,-0.561246667555059,-0.91182364729459,-0.422796986089229,-0.226796986089229
"27",-0.571142284569138,-0.625043775888052,-0.91182364729459,-0.422796986089229,-0.226796986089229
"28",-0.551102204408818,-0.682968748100683,-0.91182364729459,-0.422796986089229,-0.226796986089229
"29",-0.490981963927856,-0.541680875128042,-0.91182364729459,-0.422796986089229,-0.226796986089229
"30",-0.450901803607215,-0.733625867034754,-0.91182364729459,-0.422796986089229,-0.226796986089229
"31",-0.410821643286574,-0.753541825241439,-0.91182364729459,-0.422796986089229,-0.226796986089229
"32",-0.390781563126253,-0.626884555590836,-0.91182364729459,-0.422796986089229,-0.226796986089229
"33",-0.370741482965932,-0.784477558932475,-0.91182364729459,-0.422796986089229,-0.226796986089229
"34",-0.270541082164329,-0.53962024235864,-0.91182364729459,-0.422796986089229,-0.226796986089229
"35",-0.110220440881764,-0.966692470427447,-0.91182364729459,-0.422796986089229,-0.226796986089229
"36",-0.0501002004008022,-0.730590264303798,-0.91182364729459,-0.422796986089229,-0.226796986089229
"37",0.0100200400801604,-0.890862404491954,-0.91182364729459,-0.422796986089229,-0.226796986089229
"38",0.0300601202404804,-0.974196128684034,-0.91182364729459,-0.422796986089229,-0.226796986089229
"39",0.0701402805611222,-0.591522755593994,-0.91182364729459,-0.422796986089229,-0.226796986089229
"40",0.270541082164328,-0.933526276915477,-0.91182364729459,-0.422796986089229,-0.226796986089229
"41",0.651302605210421,-1.09896575467865,-0.91182364729459,-0.422796986089229,-0.226796986089229
"42",0.691382765531062,-1.07190944020658,-0.91182364729459,-0.422796986089229,-0.226796986089229
"43",0.831663326653306,-0.731419655747481,-0.91182364729459,-0.422796986089229,-0.226796986089229
"44",0.911823647294589,-0.934823745986896,-0.91182364729459,-0.422796986089229,-0.226796986089229
"45",0.991983967935871,-0.66046659356593,-0.91182364729459,-0.422796986089229,-0.226796986089229
"46",1.39278557114228,-0.937910644401461,-0.91182364729459,-0.422796986089229,-0.226796986089229
"47",1.85370741482966,-0.90706455611917,-0.91182364729459,-0.422796986089229,-0.226796986089229
"48",2.374749498998,-0.583607239405247,-0.91182364729459,-0.422796986089229,-0.226796986089229
"49",2.87575150300601,-0.276590716962751,-0.91182364729459,-0.422796986089229,-0.226796986089229
"50",3.43687374749499,0.0621659765319974,-0.91182364729459,-0.422796986089229,-0.226796986089229
