"","x","yplot","target","ftrue","fwrong"
"1",-4.97995991983968,0.537975871496444,-4.71943887775551,0.448854596736745,0.644854596736745
"2",-4.91983967935872,0.603567851644217,-4.71943887775551,0.448854596736745,0.644854596736745
"3",-4.77955911823647,0.517842473763563,-4.71943887775551,0.448854596736745,0.644854596736745
"4",-4.67935871743487,0.243642129773851,-4.71943887775551,0.448854596736745,0.644854596736745
"5",-4.45891783567134,0.417177535406984,-4.71943887775551,0.448854596736745,0.644854596736745
"6",-4.37875751503006,0.254064865514474,-4.71943887775551,0.448854596736745,0.644854596736745
"7",-4.33867735470942,0.318940594473539,-4.71943887775551,0.448854596736745,0.644854596736745
"8",-4.03807615230461,0.527096987312667,-4.71943887775551,0.448854596736745,0.644854596736745
"9",-3.97795591182365,0.360696287618527,-4.71943887775551,0.448854596736745,0.644854596736745
"10",-3.91783567134269,0.0783957275896755,-4.71943887775551,0.448854596736745,0.644854596736745
"11",-3.81763527054108,0.254572114859308,-4.71943887775551,0.448854596736745,0.644854596736745
"12",-3.7374749498998,0.280269633326985,-4.71943887775551,0.448854596736745,0.644854596736745
"13",-3.6372745490982,0.231323793904398,-4.71943887775551,0.448854596736745,0.644854596736745
"14",-3.35671342685371,0.00916855469259945,-4.71943887775551,0.448854596736745,0.644854596736745
"15",-3.31663326653307,0.187890136829708,-4.71943887775551,0.448854596736745,0.644854596736745
"16",-3.13627254509018,0.159391146868331,-4.71943887775551,0.448854596736745,0.644854596736745
"17",-3.07615230460922,0.153154280689067,-4.71943887775551,0.448854596736745,0.644854596736745
"18",-2.97595190380762,0.0418153543673628,-4.71943887775551,0.448854596736745,0.644854596736745
"19",-2.81563126252505,0.334266764469594,-4.71943887775551,0.448854596736745,0.644854596736745
"20",-2.5751503006012,-0.0903656598223897,-4.71943887775551,0.448854596736745,0.644854596736745
"21",-2.43486973947896,-0.0764601500688736,-4.71943887775551,0.448854596736745,0.644854596736745
"22",-2.25450901803607,0.0849543957744375,-4.71943887775551,0.448854596736745,0.644854596736745
"23",-1.15230460921844,-0.0795247940525782,-4.71943887775551,0.448854596736745,0.644854596736745
"24",-0.731462925851703,-0.27706259621169,-4.71943887775551,0.448854596736745,0.644854596736745
"25",0.0701402805611222,-0.435456718928408,-4.71943887775551,0.448854596736745,0.644854596736745
"26",0.0901803607214431,-0.42988629659361,-4.71943887775551,0.448854596736745,0.644854596736745
"27",0.230460921843687,-0.350041512888965,-4.71943887775551,0.448854596736745,0.644854596736745
"28",0.33066132264529,-0.672489197725419,-4.71943887775551,0.448854596736745,0.644854596736745
"29",0.771543086172344,-0.509250743772548,-4.71943887775551,0.448854596736745,0.644854596736745
"30",1.1122244488978,-0.691821231742372,-4.71943887775551,0.448854596736745,0.644854596736745
"31",1.51302605210421,-0.636263893461701,-4.71943887775551,0.448854596736745,0.644854596736745
"32",1.55310621242485,-0.793140088292365,-4.71943887775551,0.448854596736745,0.644854596736745
"33",1.8937875751503,-0.646862401738045,-4.71943887775551,0.448854596736745,0.644854596736745
"34",2.25450901803607,-0.673865136779342,-4.71943887775551,0.448854596736745,0.644854596736745
"35",3.31663326653307,-0.798151378776193,-4.71943887775551,0.448854596736745,0.644854596736745
"36",3.41683366733467,-0.839807608961037,-4.71943887775551,0.448854596736745,0.644854596736745
"37",3.43687374749499,-0.806063245517868,-4.71943887775551,0.448854596736745,0.644854596736745
"38",4.05811623246493,-0.757300039955481,-4.71943887775551,0.448854596736745,0.644854596736745
"39",4.29859719438878,-0.957581834992466,-4.71943887775551,0.448854596736745,0.644854596736745
"40",4.47895791583166,-0.847728938902974,-4.71943887775551,0.448854596736745,0.644854596736745
