"","x","yplot","target","ftrue","fwrong"
"1",-4.29859719438878,-0.195460598851689,-0.91182364729459,0.446309997063277,0.250309997063277
"2",-3.55711422845691,0.261755284524148,-0.91182364729459,0.446309997063277,0.250309997063277
"3",-2.89579158316633,0.74570853602557,-0.91182364729459,0.446309997063277,0.250309997063277
"4",-2.85571142284569,0.611565369835809,-0.91182364729459,0.446309997063277,0.250309997063277
"5",-2.75551102204409,0.645398506938068,-0.91182364729459,0.446309997063277,0.250309997063277
"6",-1.83366733466934,0.303745742309795,-0.91182364729459,0.446309997063277,0.250309997063277
"7",-1.75350701402806,0.547407338983945,-0.91182364729459,0.446309997063277,0.250309997063277
"8",-1.73346693386774,0.735308841587111,-0.91182364729459,0.446309997063277,0.250309997063277
"9",-1.63326653306613,0.647669333688086,-0.91182364729459,0.446309997063277,0.250309997063277
"10",-1.55310621242485,0.338494443569749,-0.91182364729459,0.446309997063277,0.250309997063277
"11",-1.49298597194389,0.399569387462113,-0.91182364729459,0.446309997063277,0.250309997063277
"12",-1.41282565130261,0.670341781049607,-0.91182364729459,0.446309997063277,0.250309997063277
"13",-1.37274549098196,0.53034705648148,-0.91182364729459,0.446309997063277,0.250309997063277
"14",-1.35270541082164,0.47464201494929,-0.91182364729459,0.446309997063277,0.250309997063277
"15",-1.33266533066132,0.588564701366818,-0.91182364729459,0.446309997063277,0.250309997063277
"16",-1.29258517034068,0.666206595583865,-0.91182364729459,0.446309997063277,0.250309997063277
"17",-1.27254509018036,0.66788706038129,-0.91182364729459,0.446309997063277,0.250309997063277
"18",-1.15230460921844,0.46684362869946,-0.91182364729459,0.446309997063277,0.250309997063277
"19",-1.01202404809619,0.558237193169308,-0.91182364729459,0.446309997063277,0.250309997063277
"20",-0.971943887775551,0.600268681352225,-0.91182364729459,0.446309997063277,0.250309997063277
"21",-0.891783567134269,0.371499639420968,-0.91182364729459,0.446309997063277,0.250309997063277
"22",-0.851703406813628,0.45407533485463,-0.91182364729459,0.446309997063277,0.250309997063277
"23",-0.731462925851703,0.528645333198285,-0.91182364729459,0.446309997063277,0.250309997063277
"24",-0.651302605210421,0.405372151177255,-0.91182364729459,0.446309997063277,0.250309997063277
"25",-0.551102204408818,0.309935060004806,-0.91182364729459,0.446309997063277,0.250309997063277
"26",-0.531062124248497,0.612144407116182,-0.91182364729459,0.446309997063277,0.250309997063277
"27",-0.290581162324649,0.466014940926767,-0.91182364729459,0.446309997063277,0.250309997063277
"28",-0.230460921843687,0.449992068546839,-0.91182364729459,0.446309997063277,0.250309997063277
"29",-0.0901803607214431,0.45185115391237,-0.91182364729459,0.446309997063277,0.250309997063277
"30",-0.0701402805611222,0.428457199805055,-0.91182364729459,0.446309997063277,0.250309997063277
"31",-0.0501002004008022,0.38527563936513,-0.91182364729459,0.446309997063277,0.250309997063277
"32",-0.0300601202404813,0.440892289500771,-0.91182364729459,0.446309997063277,0.250309997063277
"33",0.0701402805611222,0.508829491457633,-0.91182364729459,0.446309997063277,0.250309997063277
"34",0.190380761523046,0.396360611979914,-0.91182364729459,0.446309997063277,0.250309997063277
"35",0.551102204408817,0.734994242400343,-0.91182364729459,0.446309997063277,0.250309997063277
"36",0.771543086172344,0.458097861651,-0.91182364729459,0.446309997063277,0.250309997063277
"37",1.83366733466934,0.29606446074349,-0.91182364729459,0.446309997063277,0.250309997063277
"38",4.29859719438878,-0.991789810915591,-0.91182364729459,0.446309997063277,0.250309997063277
"39",4.39879759519038,-1.05727268093734,-0.91182364729459,0.446309997063277,0.250309997063277
"40",4.8997995991984,-1.12610003317856,-0.91182364729459,0.446309997063277,0.250309997063277
