"","x","yplot","target","ftrue","fwrong"
"1",-3.21643286573146,-0.825218069264112,2.97595190380761,0.0209717039887756,-0.175028296011224
"2",-2.73547094188377,-0.766446985962556,2.97595190380761,0.0209717039887756,-0.175028296011224
"3",-0.811623246492986,-0.670753432497653,2.97595190380761,0.0209717039887756,-0.175028296011224
"4",-0.470941883767535,-0.589506266612117,2.97595190380761,0.0209717039887756,-0.175028296011224
"5",0.0501002004008013,-0.381703233950183,2.97595190380761,0.0209717039887756,-0.175028296011224
"6",0.891783567134269,-0.496397826358102,2.97595190380761,0.0209717039887756,-0.175028296011224
"7",2.09418837675351,-0.125564656026687,2.97595190380761,0.0209717039887756,-0.175028296011224
"8",2.17434869739479,-0.246165650542075,2.97595190380761,0.0209717039887756,-0.175028296011224
"9",2.374749498998,-0.140461851638288,2.97595190380761,0.0209717039887756,-0.175028296011224
"10",2.39478957915832,-0.126867081796959,2.97595190380761,0.0209717039887756,-0.175028296011224
"11",2.43486973947896,-0.18151175199013,2.97595190380761,0.0209717039887756,-0.175028296011224
"12",2.61523046092184,-0.0171280841342426,2.97595190380761,0.0209717039887756,-0.175028296011224
"13",2.97595190380761,0.170003176239594,2.97595190380761,0.0209717039887756,-0.175028296011224
"14",3.03607214428858,-0.133199443307938,2.97595190380761,0.0209717039887756,-0.175028296011224
"15",3.09619238476954,-0.0348889281538596,2.97595190380761,0.0209717039887756,-0.175028296011224
"16",3.13627254509018,-0.045801722570493,2.97595190380761,0.0209717039887756,-0.175028296011224
"17",3.55711422845691,0.110731160338497,2.97595190380761,0.0209717039887756,-0.175028296011224
"18",3.67735470941884,0.203627820761036,2.97595190380761,0.0209717039887756,-0.175028296011224
"19",3.77755511022044,0.186532347043822,2.97595190380761,0.0209717039887756,-0.175028296011224
"20",3.89779559118236,0.17788848676949,2.97595190380761,0.0209717039887756,-0.175028296011224
