"","x","yplot","target","ftrue","fwrong"
"1",-3.11623246492986,-0.457271865306311,2.67535070140281,-0.133993052466233,-0.329993052466234
"2",-2.75551102204409,-0.56881772037652,2.67535070140281,-0.133993052466233,-0.329993052466234
"3",-0.531062124248497,-0.713674668194783,2.67535070140281,-0.133993052466233,-0.329993052466234
"4",-0.330661322645291,-0.73986629285471,2.67535070140281,-0.133993052466233,-0.329993052466234
"5",-0.270541082164329,-0.680402085066778,2.67535070140281,-0.133993052466233,-0.329993052466234
"6",0.230460921843687,-0.862122278842905,2.67535070140281,-0.133993052466233,-0.329993052466234
"7",1.85370741482966,-0.468674490193025,2.67535070140281,-0.133993052466233,-0.329993052466234
"8",1.91382765531062,-0.200214421191264,2.67535070140281,-0.133993052466233,-0.329993052466234
"9",1.9939879759519,-0.5001298583571,2.67535070140281,-0.133993052466233,-0.329993052466234
"10",3.85771543086172,0.202595804808585,2.67535070140281,-0.133993052466233,-0.329993052466234
