"","x","yplot","target","ftrue","fwrong"
"1",-2.19438877755511,-0.990924851271758,-1.13226452905812,-0.464512991608656,-0.660512991608656
"2",-1.53306613226453,-0.358647883793148,-1.13226452905812,-0.464512991608656,-0.660512991608656
"3",-1.41282565130261,-0.646664072460234,-1.13226452905812,-0.464512991608656,-0.660512991608656
"4",-0.93186372745491,-0.430011973673963,-1.13226452905812,-0.464512991608656,-0.660512991608656
"5",1.23246492985972,0.044169626694679,-1.13226452905812,-0.464512991608656,-0.660512991608656
"6",1.312625250501,-0.0075989394909333,-1.13226452905812,-0.464512991608656,-0.660512991608656
"7",1.75350701402806,-0.0480258890236148,-1.13226452905812,-0.464512991608656,-0.660512991608656
"8",2.4749498997996,-0.0466721527867976,-1.13226452905812,-0.464512991608656,-0.660512991608656
"9",4.39879759519038,0.388674876700366,-1.13226452905812,-0.464512991608656,-0.660512991608656
"10",4.69939879759519,0.421189835838884,-1.13226452905812,-0.464512991608656,-0.660512991608656
