"","x","yplot","target","ftrue","fwrong"
"1",-4.51903807615231,0.0649344320838554,-3.69739478957916,0.0171985777793083,-0.178801422220692
"2",-4.39879759519038,-0.207491269285282,-3.69739478957916,0.0171985777793083,-0.178801422220692
"3",-4.35871743486974,0.0795717455464992,-3.69739478957916,0.0171985777793083,-0.178801422220692
"4",-4.27855711422846,0.0313625241006533,-3.69739478957916,0.0171985777793083,-0.178801422220692
"5",-4.23847695390782,-0.04364847328253,-3.69739478957916,0.0171985777793083,-0.178801422220692
"6",-4.13827655310621,-0.104766385116698,-3.69739478957916,0.0171985777793083,-0.178801422220692
"7",-4.07815631262525,-0.0504371822050471,-3.69739478957916,0.0171985777793083,-0.178801422220692
"8",-4.05811623246493,-0.16876698892093,-3.69739478957916,0.0171985777793083,-0.178801422220692
"9",-4.03807615230461,-0.146795002897169,-3.69739478957916,0.0171985777793083,-0.178801422220692
"10",-4.01803607214429,-0.0352451420132497,-3.69739478957916,0.0171985777793083,-0.178801422220692
"11",-3.97795591182365,-0.0426401783438258,-3.69739478957916,0.0171985777793083,-0.178801422220692
"12",-3.81763527054108,0.328947274732631,-3.69739478957916,0.0171985777793083,-0.178801422220692
"13",-3.71743486973948,0.148317083432398,-3.69739478957916,0.0171985777793083,-0.178801422220692
"14",-3.49699398797595,-0.0405977875292542,-3.69739478957916,0.0171985777793083,-0.178801422220692
"15",-3.45691382765531,0.0857045591984434,-3.69739478957916,0.0171985777793083,-0.178801422220692
"16",-3.41683366733467,-0.0942553111168723,-3.69739478957916,0.0171985777793083,-0.178801422220692
"17",-3.17635270541082,0.146864156450528,-3.69739478957916,0.0171985777793083,-0.178801422220692
"18",-3.13627254509018,-0.0748440642926495,-3.69739478957916,0.0171985777793083,-0.178801422220692
"19",-3.09619238476954,-5.4065015152524e-05,-3.69739478957916,0.0171985777793083,-0.178801422220692
"20",-2.83567134268537,0.0783264460019647,-3.69739478957916,0.0171985777793083,-0.178801422220692
"21",-2.75551102204409,0.00622364002888433,-3.69739478957916,0.0171985777793083,-0.178801422220692
"22",-2.43486973947896,-0.393469225493913,-3.69739478957916,0.0171985777793083,-0.178801422220692
"23",-1.29258517034068,-0.591272885249536,-3.69739478957916,0.0171985777793083,-0.178801422220692
"24",-1.27254509018036,-0.502840247914164,-3.69739478957916,0.0171985777793083,-0.178801422220692
"25",-0.771543086172345,-0.688469956523263,-3.69739478957916,0.0171985777793083,-0.178801422220692
"26",0.0901803607214431,-0.54456856036711,-3.69739478957916,0.0171985777793083,-0.178801422220692
"27",0.430861723446894,-0.362907876281329,-3.69739478957916,0.0171985777793083,-0.178801422220692
"28",1.55310621242485,0.201474823955747,-3.69739478957916,0.0171985777793083,-0.178801422220692
"29",1.87374749498998,0.2361879287378,-3.69739478957916,0.0171985777793083,-0.178801422220692
"30",1.97394789579158,0.143006760544773,-3.69739478957916,0.0171985777793083,-0.178801422220692
