"","x","yplot","target","ftrue","fwrong"
"1",-4.71943887775551,-0.113495126589343,3.29659318637274,0.0043392520192586,-0.191660747980741
"2",-4.67935871743487,-0.0608775406502083,3.29659318637274,0.0043392520192586,-0.191660747980741
"3",-3.85771543086172,0.202551202577229,3.29659318637274,0.0043392520192586,-0.191660747980741
"4",-3.81763527054108,0.149751895197771,3.29659318637274,0.0043392520192586,-0.191660747980741
"5",-3.35671342685371,0.367073252839,3.29659318637274,0.0043392520192586,-0.191660747980741
"6",-3.03607214428858,0.409212957207623,3.29659318637274,0.0043392520192586,-0.191660747980741
"7",-2.79559118236473,0.620448671085212,3.29659318637274,0.0043392520192586,-0.191660747980741
"8",-2.11422845691383,0.742051367141476,3.29659318637274,0.0043392520192586,-0.191660747980741
"9",-1.8937875751503,0.772816563875915,3.29659318637274,0.0043392520192586,-0.191660747980741
"10",-1.15230460921844,0.940283832541402,3.29659318637274,0.0043392520192586,-0.191660747980741
"11",-1.07214428857715,0.983154411058383,3.29659318637274,0.0043392520192586,-0.191660747980741
"12",0.370741482965932,0.741274405314699,3.29659318637274,0.0043392520192586,-0.191660747980741
"13",1.67334669338677,0.496251613705464,3.29659318637274,0.0043392520192586,-0.191660747980741
"14",2.11422845691383,0.491667986585293,3.29659318637274,0.0043392520192586,-0.191660747980741
"15",2.35470941883768,0.345306564602393,3.29659318637274,0.0043392520192586,-0.191660747980741
"16",2.374749498998,0.349761570304998,3.29659318637274,0.0043392520192586,-0.191660747980741
"17",2.39478957915832,0.211373830070475,3.29659318637274,0.0043392520192586,-0.191660747980741
"18",2.41482965931864,0.269844302515831,3.29659318637274,0.0043392520192586,-0.191660747980741
"19",2.49498997995992,0.223434875329866,3.29659318637274,0.0043392520192586,-0.191660747980741
"20",2.61523046092184,0.111429776277078,3.29659318637274,0.0043392520192586,-0.191660747980741
"21",2.65531062124249,0.201618811300133,3.29659318637274,0.0043392520192586,-0.191660747980741
"22",2.67535070140281,0.137721050276594,3.29659318637274,0.0043392520192586,-0.191660747980741
"23",2.69539078156313,0.0875081121212661,3.29659318637274,0.0043392520192586,-0.191660747980741
"24",2.71543086172345,0.120333795303475,3.29659318637274,0.0043392520192586,-0.191660747980741
"25",2.75551102204409,0.0688642032933421,3.29659318637274,0.0043392520192586,-0.191660747980741
"26",2.85571142284569,0.038432748835034,3.29659318637274,0.0043392520192586,-0.191660747980741
"27",2.87575150300601,-0.00703636812105585,3.29659318637274,0.0043392520192586,-0.191660747980741
"28",2.91583166332665,0.139576819330702,3.29659318637274,0.0043392520192586,-0.191660747980741
"29",2.93587174348697,0.228030718910238,3.29659318637274,0.0043392520192586,-0.191660747980741
"30",2.95591182364729,0.237629422474886,3.29659318637274,0.0043392520192586,-0.191660747980741
"31",3.03607214428858,0.139969781056856,3.29659318637274,0.0043392520192586,-0.191660747980741
"32",3.09619238476954,-0.0577232776282618,3.29659318637274,0.0043392520192586,-0.191660747980741
"33",3.11623246492986,0.134303049647224,3.29659318637274,0.0043392520192586,-0.191660747980741
"34",3.1563126252505,-0.11725381277794,3.29659318637274,0.0043392520192586,-0.191660747980741
"35",3.19639278557114,0.201519331541082,3.29659318637274,0.0043392520192586,-0.191660747980741
"36",3.29659318637274,-0.0139212521339627,3.29659318637274,0.0043392520192586,-0.191660747980741
"37",3.31663326653307,-0.0416829459131492,3.29659318637274,0.0043392520192586,-0.191660747980741
"38",3.33667334669339,-0.146473532385347,3.29659318637274,0.0043392520192586,-0.191660747980741
"39",3.35671342685371,-0.147604564110052,3.29659318637274,0.0043392520192586,-0.191660747980741
"40",3.37675350701403,0.113961767275793,3.29659318637274,0.0043392520192586,-0.191660747980741
"41",3.53707414829659,0.0168233219403382,3.29659318637274,0.0043392520192586,-0.191660747980741
"42",3.61723446893788,-0.0648669975702952,3.29659318637274,0.0043392520192586,-0.191660747980741
"43",3.6372745490982,-0.186530872852655,3.29659318637274,0.0043392520192586,-0.191660747980741
"44",3.69739478957916,-0.135470405979451,3.29659318637274,0.0043392520192586,-0.191660747980741
"45",3.75751503006012,-0.150033802423563,3.29659318637274,0.0043392520192586,-0.191660747980741
"46",3.85771543086172,-0.163160250325912,3.29659318637274,0.0043392520192586,-0.191660747980741
"47",3.91783567134268,-0.151438310769424,3.29659318637274,0.0043392520192586,-0.191660747980741
"48",4.19839679358717,-0.264054244326683,3.29659318637274,0.0043392520192586,-0.191660747980741
"49",4.25851703406814,-0.270264047684399,3.29659318637274,0.0043392520192586,-0.191660747980741
"50",4.87975951903808,-0.491848976708498,3.29659318637274,0.0043392520192586,-0.191660747980741
