"","x","yplot","target","ftrue","fwrong"
"1",-4.29859719438878,0.710475247018626,2.13426853707415,-0.0193567849521234,-0.215356784952123
"2",-4.25851703406814,0.879521337823229,2.13426853707415,-0.0193567849521234,-0.215356784952123
"3",-4.03807615230461,0.67478556297683,2.13426853707415,-0.0193567849521234,-0.215356784952123
"4",-3.99799599198397,0.521410038530035,2.13426853707415,-0.0193567849521234,-0.215356784952123
"5",-3.57715430861723,0.77759433877678,2.13426853707415,-0.0193567849521234,-0.215356784952123
"6",-3.55711422845691,0.745678424278302,2.13426853707415,-0.0193567849521234,-0.215356784952123
"7",-2.73547094188377,0.70326172338526,2.13426853707415,-0.0193567849521234,-0.215356784952123
"8",-2.29458917835671,0.46080774001482,2.13426853707415,-0.0193567849521234,-0.215356784952123
"9",-2.27454909819639,0.732489819990655,2.13426853707415,-0.0193567849521234,-0.215356784952123
"10",-2.21442885771543,0.646288800187846,2.13426853707415,-0.0193567849521234,-0.215356784952123
"11",-1.13226452905812,0.273988453763665,2.13426853707415,-0.0193567849521234,-0.215356784952123
"12",-1.05210420841683,0.112080691116384,2.13426853707415,-0.0193567849521234,-0.215356784952123
"13",-0.991983967935872,0.0436779942275904,2.13426853707415,-0.0193567849521234,-0.215356784952123
"14",-0.93186372745491,0.105866274872234,2.13426853707415,-0.0193567849521234,-0.215356784952123
"15",-0.891783567134269,-0.135219245340007,2.13426853707415,-0.0193567849521234,-0.215356784952123
"16",-0.551102204408818,-0.183420106121908,2.13426853707415,-0.0193567849521234,-0.215356784952123
"17",-0.230460921843687,-0.35055877442673,2.13426853707415,-0.0193567849521234,-0.215356784952123
"18",-0.110220440881764,-0.487086344054725,2.13426853707415,-0.0193567849521234,-0.215356784952123
"19",0.0100200400801604,-0.40758114496606,2.13426853707415,-0.0193567849521234,-0.215356784952123
"20",0.150300601202405,-0.392298042642706,2.13426853707415,-0.0193567849521234,-0.215356784952123
"21",0.33066132264529,-0.520289106084974,2.13426853707415,-0.0193567849521234,-0.215356784952123
"22",0.390781563126252,-0.725277959960404,2.13426853707415,-0.0193567849521234,-0.215356784952123
"23",0.691382765531062,-0.659497644871642,2.13426853707415,-0.0193567849521234,-0.215356784952123
"24",1.05210420841683,-0.682958090865662,2.13426853707415,-0.0193567849521234,-0.215356784952123
"25",1.25250501002004,-0.603315903083461,2.13426853707415,-0.0193567849521234,-0.215356784952123
"26",1.51302605210421,-0.512692564727082,2.13426853707415,-0.0193567849521234,-0.215356784952123
"27",1.53306613226453,-0.40428689501862,2.13426853707415,-0.0193567849521234,-0.215356784952123
"28",1.55310621242485,-0.238719225775161,2.13426853707415,-0.0193567849521234,-0.215356784952123
"29",1.61322645290581,-0.606843027857722,2.13426853707415,-0.0193567849521234,-0.215356784952123
"30",1.8937875751503,-0.212443198818112,2.13426853707415,-0.0193567849521234,-0.215356784952123
"31",1.93386773547094,-0.279767133163536,2.13426853707415,-0.0193567849521234,-0.215356784952123
"32",1.97394789579158,-0.311789250100715,2.13426853707415,-0.0193567849521234,-0.215356784952123
"33",1.9939879759519,-0.310948934579945,2.13426853707415,-0.0193567849521234,-0.215356784952123
"34",2.13426853707415,-0.066316512014942,2.13426853707415,-0.0193567849521234,-0.215356784952123
"35",2.43486973947896,0.159097288584428,2.13426853707415,-0.0193567849521234,-0.215356784952123
"36",2.5751503006012,0.322276962088055,2.13426853707415,-0.0193567849521234,-0.215356784952123
"37",2.71543086172345,0.392049463261258,2.13426853707415,-0.0193567849521234,-0.215356784952123
"38",2.75551102204409,0.439198768701813,2.13426853707415,-0.0193567849521234,-0.215356784952123
"39",2.85571142284569,0.421664134076179,2.13426853707415,-0.0193567849521234,-0.215356784952123
"40",3.17635270541082,0.659499639759222,2.13426853707415,-0.0193567849521234,-0.215356784952123
"41",3.49699398797595,0.718004480762503,2.13426853707415,-0.0193567849521234,-0.215356784952123
"42",3.99799599198397,0.656739500210735,2.13426853707415,-0.0193567849521234,-0.215356784952123
"43",4.05811623246493,0.546624230431117,2.13426853707415,-0.0193567849521234,-0.215356784952123
"44",4.07815631262525,0.575697703128611,2.13426853707415,-0.0193567849521234,-0.215356784952123
"45",4.21843687374749,0.433890508098447,2.13426853707415,-0.0193567849521234,-0.215356784952123
"46",4.29859719438878,0.411932792802062,2.13426853707415,-0.0193567849521234,-0.215356784952123
"47",4.37875751503006,0.375688452166563,2.13426853707415,-0.0193567849521234,-0.215356784952123
"48",4.47895791583166,0.583599540778541,2.13426853707415,-0.0193567849521234,-0.215356784952123
"49",4.75951903807615,-0.0370932015803607,2.13426853707415,-0.0193567849521234,-0.215356784952123
"50",4.83967935871743,0.23701170890491,2.13426853707415,-0.0193567849521234,-0.215356784952123
