"","x","yplot","target","ftrue","fwrong"
"1",-4.93987975951904,0.102817130531847,1.2124248496994,-0.0880343012468351,-0.284034301246835
"2",-4.27855711422846,-0.151054241350619,1.2124248496994,-0.0880343012468351,-0.284034301246835
"3",-3.93787575150301,-0.329447728072213,1.2124248496994,-0.0880343012468351,-0.284034301246835
"4",-3.91783567134269,-0.119315842085459,1.2124248496994,-0.0880343012468351,-0.284034301246835
"5",-3.59719438877756,-0.422135983961499,1.2124248496994,-0.0880343012468351,-0.284034301246835
"6",-3.13627254509018,-0.224555690062593,1.2124248496994,-0.0880343012468351,-0.284034301246835
"7",-1.91382765531062,0.182122722244096,1.2124248496994,-0.0880343012468351,-0.284034301246835
"8",-1.83366733466934,0.107000609508783,1.2124248496994,-0.0880343012468351,-0.284034301246835
"9",-1.03206412825651,-0.218389786954273,1.2124248496994,-0.0880343012468351,-0.284034301246835
"10",-0.95190380761523,-0.251520101405875,1.2124248496994,-0.0880343012468351,-0.284034301246835
"11",-0.771543086172345,-0.0735756960695308,1.2124248496994,-0.0880343012468351,-0.284034301246835
"12",-0.651302605210421,-0.0752615072121567,1.2124248496994,-0.0880343012468351,-0.284034301246835
"13",-0.490981963927856,-0.174848882647721,1.2124248496994,-0.0880343012468351,-0.284034301246835
"14",0.390781563126252,0.063395807980928,1.2124248496994,-0.0880343012468351,-0.284034301246835
"15",0.470941883767535,-0.0231947682647625,1.2124248496994,-0.0880343012468351,-0.284034301246835
"16",0.691382765531062,0.0509812301027914,1.2124248496994,-0.0880343012468351,-0.284034301246835
"17",1.05210420841683,-0.0447672676365878,1.2124248496994,-0.0880343012468351,-0.284034301246835
"18",1.17234468937876,-0.0772971332471931,1.2124248496994,-0.0880343012468351,-0.284034301246835
"19",1.19238476953908,0.0140429056707319,1.2124248496994,-0.0880343012468351,-0.284034301246835
"20",1.25250501002004,-0.112557182495244,1.2124248496994,-0.0880343012468351,-0.284034301246835
"21",1.4128256513026,-0.0357061144568881,1.2124248496994,-0.0880343012468351,-0.284034301246835
"22",2.09418837675351,-0.0995586278172025,1.2124248496994,-0.0880343012468351,-0.284034301246835
"23",2.79559118236473,0.268034257799588,1.2124248496994,-0.0880343012468351,-0.284034301246835
"24",2.81563126252505,0.270343629611382,1.2124248496994,-0.0880343012468351,-0.284034301246835
"25",3.41683366733467,0.444808520268813,1.2124248496994,-0.0880343012468351,-0.284034301246835
"26",3.77755511022044,0.875858435696591,1.2124248496994,-0.0880343012468351,-0.284034301246835
"27",4.11823647294589,1.1341319332322,1.2124248496994,-0.0880343012468351,-0.284034301246835
"28",4.13827655310621,0.93313793865457,1.2124248496994,-0.0880343012468351,-0.284034301246835
"29",4.47895791583166,0.876892779732695,1.2124248496994,-0.0880343012468351,-0.284034301246835
"30",4.71943887775551,1.0390821577952,1.2124248496994,-0.0880343012468351,-0.284034301246835
