"","x","yplot","target","ftrue","fwrong"
"1",-4.93987975951904,-0.61748090414882,-3.23647294589178,-0.210088954194923,-0.406088954194923
"2",-3.99799599198397,-0.533496914873726,-3.23647294589178,-0.210088954194923,-0.406088954194923
"3",-3.93787575150301,-0.199570274272349,-3.23647294589178,-0.210088954194923,-0.406088954194923
"4",-3.59719438877756,-0.288916150802686,-3.23647294589178,-0.210088954194923,-0.406088954194923
"5",-3.23647294589178,0.104823277984662,-3.23647294589178,-0.210088954194923,-0.406088954194923
"6",-3.21643286573146,-0.197016167236185,-3.23647294589178,-0.210088954194923,-0.406088954194923
"7",-3.01603206412826,-0.22959104241819,-3.23647294589178,-0.210088954194923,-0.406088954194923
"8",-2.99599198396794,-0.157119847505959,-3.23647294589178,-0.210088954194923,-0.406088954194923
"9",-2.71543086172345,-0.226343344884798,-3.23647294589178,-0.210088954194923,-0.406088954194923
"10",-2.59519038076152,0.0102314818227857,-3.23647294589178,-0.210088954194923,-0.406088954194923
"11",-2.51503006012024,0.0272232778454436,-3.23647294589178,-0.210088954194923,-0.406088954194923
"12",-2.43486973947896,0.0629025442107082,-3.23647294589178,-0.210088954194923,-0.406088954194923
"13",-2.33466933867735,-0.00403324913360261,-3.23647294589178,-0.210088954194923,-0.406088954194923
"14",-1.87374749498998,-0.0613285033099174,-3.23647294589178,-0.210088954194923,-0.406088954194923
"15",-1.49298597194389,0.165389224311346,-3.23647294589178,-0.210088954194923,-0.406088954194923
"16",-1.25250501002004,0.132271075077779,-3.23647294589178,-0.210088954194923,-0.406088954194923
"17",-0.871743486973948,0.199532745768724,-3.23647294589178,-0.210088954194923,-0.406088954194923
"18",-0.851703406813628,0.38869883295096,-3.23647294589178,-0.210088954194923,-0.406088954194923
"19",0.130260521042084,0.511229698838754,-3.23647294589178,-0.210088954194923,-0.406088954194923
"20",0.250501002004007,0.398217188356367,-3.23647294589178,-0.210088954194923,-0.406088954194923
"21",0.290581162324649,0.399438489305498,-3.23647294589178,-0.210088954194923,-0.406088954194923
"22",0.450901803607215,0.685575250511311,-3.23647294589178,-0.210088954194923,-0.406088954194923
"23",0.490981963927855,0.414726454971723,-3.23647294589178,-0.210088954194923,-0.406088954194923
"24",1.09218436873747,0.502708609963988,-3.23647294589178,-0.210088954194923,-0.406088954194923
"25",1.2124248496994,0.536158065149503,-3.23647294589178,-0.210088954194923,-0.406088954194923
"26",1.25250501002004,0.672909544411428,-3.23647294589178,-0.210088954194923,-0.406088954194923
"27",1.8937875751503,0.492680522255266,-3.23647294589178,-0.210088954194923,-0.406088954194923
"28",1.97394789579158,0.818274796702077,-3.23647294589178,-0.210088954194923,-0.406088954194923
"29",1.9939879759519,0.493303303426274,-3.23647294589178,-0.210088954194923,-0.406088954194923
"30",2.15430861723447,0.949268532998617,-3.23647294589178,-0.210088954194923,-0.406088954194923
"31",2.19438877755511,0.6620557146245,-3.23647294589178,-0.210088954194923,-0.406088954194923
"32",2.45490981963928,0.706455000445847,-3.23647294589178,-0.210088954194923,-0.406088954194923
"33",2.85571142284569,0.72527438611691,-3.23647294589178,-0.210088954194923,-0.406088954194923
"34",3.11623246492986,0.650529631901057,-3.23647294589178,-0.210088954194923,-0.406088954194923
"35",3.55711422845691,0.720500922029502,-3.23647294589178,-0.210088954194923,-0.406088954194923
"36",3.7374749498998,0.841873247261955,-3.23647294589178,-0.210088954194923,-0.406088954194923
"37",3.81763527054108,0.622634642295131,-3.23647294589178,-0.210088954194923,-0.406088954194923
"38",4.13827655310621,0.863375919189007,-3.23647294589178,-0.210088954194923,-0.406088954194923
"39",4.33867735470942,0.628657137788679,-3.23647294589178,-0.210088954194923,-0.406088954194923
"40",4.73947895791583,0.766795286372319,-3.23647294589178,-0.210088954194923,-0.406088954194923
