"","x","yplot","target","ftrue","fwrong"
"1",-2.35470941883768,0.155697547251439,-0.31062124248497,0.109170368092797,-0.0868296319072029
"2",-2.09418837675351,0.24917771220341,-0.31062124248497,0.109170368092797,-0.0868296319072029
"3",-1.61322645290581,0.165875986364887,-0.31062124248497,0.109170368092797,-0.0868296319072029
"4",-1.25250501002004,0.0286480150642188,-0.31062124248497,0.109170368092797,-0.0868296319072029
"5",-1.23246492985972,0.0443308443955181,-0.31062124248497,0.109170368092797,-0.0868296319072029
"6",-1.19238476953908,0.0988585681680999,-0.31062124248497,0.109170368092797,-0.0868296319072029
"7",-1.03206412825651,0.0611671096164384,-0.31062124248497,0.109170368092797,-0.0868296319072029
"8",-0.891783567134269,-0.00815024728250958,-0.31062124248497,0.109170368092797,-0.0868296319072029
"9",-0.731462925851703,0.0104411777899451,-0.31062124248497,0.109170368092797,-0.0868296319072029
"10",-0.370741482965932,0.175344830164278,-0.31062124248497,0.109170368092797,-0.0868296319072029
"11",-0.230460921843687,0.164348293082585,-0.31062124248497,0.109170368092797,-0.0868296319072029
"12",-0.170340681362726,0.170450431331838,-0.31062124248497,0.109170368092797,-0.0868296319072029
"13",-0.0501002004008022,0.11039943265221,-0.31062124248497,0.109170368092797,-0.0868296319072029
"14",0.0300601202404804,0.201004706581443,-0.31062124248497,0.109170368092797,-0.0868296319072029
"15",0.150300601202405,0.243332288361003,-0.31062124248497,0.109170368092797,-0.0868296319072029
"16",0.190380761523046,0.191479663454307,-0.31062124248497,0.109170368092797,-0.0868296319072029
"17",0.210420841683367,0.184561807583167,-0.31062124248497,0.109170368092797,-0.0868296319072029
"18",0.250501002004007,0.0772879536777826,-0.31062124248497,0.109170368092797,-0.0868296319072029
"19",0.33066132264529,0.0948882953102447,-0.31062124248497,0.109170368092797,-0.0868296319072029
"20",0.370741482965932,0.0180010207947924,-0.31062124248497,0.109170368092797,-0.0868296319072029
"21",0.390781563126252,0.210732939604632,-0.31062124248497,0.109170368092797,-0.0868296319072029
"22",0.430861723446894,-0.01107230565527,-0.31062124248497,0.109170368092797,-0.0868296319072029
"23",0.571142284569138,0.0820443340097573,-0.31062124248497,0.109170368092797,-0.0868296319072029
"24",0.671342685370742,0.298336362178954,-0.31062124248497,0.109170368092797,-0.0868296319072029
"25",1.01202404809619,0.226786585114058,-0.31062124248497,0.109170368092797,-0.0868296319072029
"26",2.63527054108216,-0.356074068485918,-0.31062124248497,0.109170368092797,-0.0868296319072029
"27",2.95591182364729,-0.283749210758161,-0.31062124248497,0.109170368092797,-0.0868296319072029
"28",3.71743486973948,-0.705670529457837,-0.31062124248497,0.109170368092797,-0.0868296319072029
"29",3.89779559118236,-0.700589197529217,-0.31062124248497,0.109170368092797,-0.0868296319072029
"30",4.59919839679359,-0.742034615945111,-0.31062124248497,0.109170368092797,-0.0868296319072029
