"","x","yplot","target","ftrue","fwrong"
"1",-4.57915831663327,-0.74642486586546,3.01603206412826,0.222246524747824,0.0262465247478237
"2",-2.41482965931864,-0.717187802608536,3.01603206412826,0.222246524747824,0.0262465247478237
"3",-1.7935871743487,-0.462740929116596,3.01603206412826,0.222246524747824,0.0262465247478237
"4",1.19238476953908,0.118111803069711,3.01603206412826,0.222246524747824,0.0262465247478237
"5",2.21442885771543,0.00719741998870965,3.01603206412826,0.222246524747824,0.0262465247478237
"6",2.25450901803607,0.00290773108404115,3.01603206412826,0.222246524747824,0.0262465247478237
"7",2.374749498998,0.207520807146123,3.01603206412826,0.222246524747824,0.0262465247478237
"8",2.41482965931864,0.00222385545610319,3.01603206412826,0.222246524747824,0.0262465247478237
"9",2.49498997995992,0.301575675752481,3.01603206412826,0.222246524747824,0.0262465247478237
"10",2.51503006012024,0.121089245050277,3.01603206412826,0.222246524747824,0.0262465247478237
"11",2.73547094188377,0.326404339528916,3.01603206412826,0.222246524747824,0.0262465247478237
"12",3.11623246492986,0.431073507752187,3.01603206412826,0.222246524747824,0.0262465247478237
"13",3.29659318637274,0.200105761878401,3.01603206412826,0.222246524747824,0.0262465247478237
"14",3.31663326653307,0.099063116222407,3.01603206412826,0.222246524747824,0.0262465247478237
"15",3.6372745490982,0.418657191530675,3.01603206412826,0.222246524747824,0.0262465247478237
"16",3.65731462925852,0.418416036323097,3.01603206412826,0.222246524747824,0.0262465247478237
"17",3.75751503006012,0.507117977033806,3.01603206412826,0.222246524747824,0.0262465247478237
"18",3.85771543086172,0.466426286200983,3.01603206412826,0.222246524747824,0.0262465247478237
"19",4.35871743486974,0.431922799451116,3.01603206412826,0.222246524747824,0.0262465247478237
"20",4.69939879759519,0.633497998212921,3.01603206412826,0.222246524747824,0.0262465247478237
