"","x","yplot","target","ftrue","fwrong"
"1",-4.67935871743487,0.541363111186851,3.69739478957916,0.177226159055229,-0.0187738409447712
"2",-4.35871743486974,0.401435825191232,3.69739478957916,0.177226159055229,-0.0187738409447712
"3",-4.13827655310621,0.388795806978703,3.69739478957916,0.177226159055229,-0.0187738409447712
"4",-3.71743486973948,0.110642613432093,3.69739478957916,0.177226159055229,-0.0187738409447712
"5",-3.59719438877756,-0.0578501504043982,3.69739478957916,0.177226159055229,-0.0187738409447712
"6",-3.17635270541082,-0.0873348139343655,3.69739478957916,0.177226159055229,-0.0187738409447712
"7",-2.95591182364729,-0.402930641751749,3.69739478957916,0.177226159055229,-0.0187738409447712
"8",-2.73547094188377,-0.330318668928551,3.69739478957916,0.177226159055229,-0.0187738409447712
"9",-2.49498997995992,-0.518986763155018,3.69739478957916,0.177226159055229,-0.0187738409447712
"10",-2.39478957915832,-0.436529188493893,3.69739478957916,0.177226159055229,-0.0187738409447712
"11",-2.05410821643287,-0.434129599971153,3.69739478957916,0.177226159055229,-0.0187738409447712
"12",-1.71342685370742,-0.543942385368779,3.69739478957916,0.177226159055229,-0.0187738409447712
"13",-0.831663326653307,-0.746001860860587,3.69739478957916,0.177226159055229,-0.0187738409447712
"14",-0.651302605210421,-0.52566615347819,3.69739478957916,0.177226159055229,-0.0187738409447712
"15",-0.250501002004008,-0.58047966677373,3.69739478957916,0.177226159055229,-0.0187738409447712
"16",0.210420841683367,-0.676644445009624,3.69739478957916,0.177226159055229,-0.0187738409447712
"17",0.470941883767535,-0.563214757643261,3.69739478957916,0.177226159055229,-0.0187738409447712
"18",0.591182364729459,-0.584811296463525,3.69739478957916,0.177226159055229,-0.0187738409447712
"19",0.671342685370742,-0.704400765924333,3.69739478957916,0.177226159055229,-0.0187738409447712
"20",0.831663326653306,-0.785237917971454,3.69739478957916,0.177226159055229,-0.0187738409447712
"21",0.991983967935871,-0.663375507683475,3.69739478957916,0.177226159055229,-0.0187738409447712
"22",1.05210420841683,-0.786571531473327,3.69739478957916,0.177226159055229,-0.0187738409447712
"23",1.4128256513026,-0.770562565158376,3.69739478957916,0.177226159055229,-0.0187738409447712
"24",1.67334669338677,-0.885107452770204,3.69739478957916,0.177226159055229,-0.0187738409447712
"25",1.81362725450902,-0.864365510028207,3.69739478957916,0.177226159055229,-0.0187738409447712
"26",1.85370741482966,-0.855426806315702,3.69739478957916,0.177226159055229,-0.0187738409447712
"27",2.59519038076152,-0.533953675962681,3.69739478957916,0.177226159055229,-0.0187738409447712
"28",3.01603206412826,-0.321361077075246,3.69739478957916,0.177226159055229,-0.0187738409447712
"29",3.03607214428858,-0.406110972539882,3.69739478957916,0.177226159055229,-0.0187738409447712
"30",3.17635270541082,-0.314912520185587,3.69739478957916,0.177226159055229,-0.0187738409447712
"31",3.33667334669339,-0.0921648834059248,3.69739478957916,0.177226159055229,-0.0187738409447712
"32",3.39679358717435,-0.124571636743758,3.69739478957916,0.177226159055229,-0.0187738409447712
"33",3.51703406813627,-0.0334130249194441,3.69739478957916,0.177226159055229,-0.0187738409447712
"34",3.59719438877755,0.180707650688621,3.69739478957916,0.177226159055229,-0.0187738409447712
"35",3.61723446893788,0.195855184380579,3.69739478957916,0.177226159055229,-0.0187738409447712
"36",3.6372745490982,0.0859580942339253,3.69739478957916,0.177226159055229,-0.0187738409447712
"37",3.77755511022044,0.186403769122723,3.69739478957916,0.177226159055229,-0.0187738409447712
"38",4.07815631262525,0.525019430966833,3.69739478957916,0.177226159055229,-0.0187738409447712
"39",4.21843687374749,0.604441685573272,3.69739478957916,0.177226159055229,-0.0187738409447712
"40",4.71943887775551,0.814302119418178,3.69739478957916,0.177226159055229,-0.0187738409447712
