"","x","yplot","target","ftrue","fwrong"
"1",-3.2565130260521,-0.505487556663841,3.03607214428858,0.274136123091213,0.0781361230912129
"2",-1.05210420841683,-0.0900708109315696,3.03607214428858,0.274136123091213,0.0781361230912129
"3",-0.831663326653307,-0.217300832628472,3.03607214428858,0.274136123091213,0.0781361230912129
"4",1.05210420841683,0.531546921570413,3.03607214428858,0.274136123091213,0.0781361230912129
"5",2.33466933867735,0.539301458359447,3.03607214428858,0.274136123091213,0.0781361230912129
"6",2.49498997995992,0.501008024825569,3.03607214428858,0.274136123091213,0.0781361230912129
"7",2.51503006012024,0.234597373705669,3.03607214428858,0.274136123091213,0.0781361230912129
"8",2.5751503006012,0.389520312195652,3.03607214428858,0.274136123091213,0.0781361230912129
"9",2.77555110220441,0.135163155752982,3.03607214428858,0.274136123091213,0.0781361230912129
"10",2.87575150300601,0.37819188428743,3.03607214428858,0.274136123091213,0.0781361230912129
"11",3.31663326653307,0.323924200692951,3.03607214428858,0.274136123091213,0.0781361230912129
"12",3.35671342685371,0.298729739083188,3.03607214428858,0.274136123091213,0.0781361230912129
"13",3.61723446893788,0.298717949876303,3.03607214428858,0.274136123091213,0.0781361230912129
"14",3.85771543086172,0.193873178427017,3.03607214428858,0.274136123091213,0.0781361230912129
"15",3.89779559118236,0.258020056211276,3.03607214428858,0.274136123091213,0.0781361230912129
"16",3.93787575150301,0.380767839632959,3.03607214428858,0.274136123091213,0.0781361230912129
"17",3.97795591182365,0.391722606293102,3.03607214428858,0.274136123091213,0.0781361230912129
"18",3.99799599198397,0.345999886048248,3.03607214428858,0.274136123091213,0.0781361230912129
"19",4.17835671342685,0.398620417185834,3.03607214428858,0.274136123091213,0.0781361230912129
"20",4.5190380761523,0.610651696835103,3.03607214428858,0.274136123091213,0.0781361230912129
