"","x","yplot","target","ftrue","fwrong"
"1",-4.83967935871743,-0.260424721488217,-2.41482965931864,-0.62864287701925,-0.82464287701925
"2",-4.73947895791583,-0.244006579737866,-2.41482965931864,-0.62864287701925,-0.82464287701925
"3",-4.67935871743487,-0.341253071125445,-2.41482965931864,-0.62864287701925,-0.82464287701925
"4",-4.11823647294589,-0.558188439304843,-2.41482965931864,-0.62864287701925,-0.82464287701925
"5",-4.07815631262525,-0.49520692140578,-2.41482965931864,-0.62864287701925,-0.82464287701925
"6",-3.39679358717435,-0.522222071576503,-2.41482965931864,-0.62864287701925,-0.82464287701925
"7",-3.19639278557114,-0.560907072623538,-2.41482965931864,-0.62864287701925,-0.82464287701925
"8",-3.1563126252505,-0.674181659859184,-2.41482965931864,-0.62864287701925,-0.82464287701925
"9",-3.11623246492986,-0.598053521963268,-2.41482965931864,-0.62864287701925,-0.82464287701925
"10",-3.07615230460922,-0.393268354328191,-2.41482965931864,-0.62864287701925,-0.82464287701925
"11",-3.03607214428858,-0.514522360106375,-2.41482965931864,-0.62864287701925,-0.82464287701925
"12",-2.97595190380762,-0.633709649337529,-2.41482965931864,-0.62864287701925,-0.82464287701925
"13",-2.83567134268537,-0.766224121058296,-2.41482965931864,-0.62864287701925,-0.82464287701925
"14",-2.79559118236473,-0.738006099077048,-2.41482965931864,-0.62864287701925,-0.82464287701925
"15",-2.77555110220441,-0.633758961926763,-2.41482965931864,-0.62864287701925,-0.82464287701925
"16",-2.75551102204409,-0.710462084756476,-2.41482965931864,-0.62864287701925,-0.82464287701925
"17",-2.71543086172345,-0.439511997012737,-2.41482965931864,-0.62864287701925,-0.82464287701925
"18",-2.55511022044088,-0.784845496015795,-2.41482965931864,-0.62864287701925,-0.82464287701925
"19",-2.4749498997996,-0.557575957610025,-2.41482965931864,-0.62864287701925,-0.82464287701925
"20",-2.45490981963928,-0.568919462219406,-2.41482965931864,-0.62864287701925,-0.82464287701925
"21",-2.374749498998,-0.582296140617003,-2.41482965931864,-0.62864287701925,-0.82464287701925
"22",-2.29458917835671,-0.704397451997131,-2.41482965931864,-0.62864287701925,-0.82464287701925
"23",-2.25450901803607,-0.681913670139796,-2.41482965931864,-0.62864287701925,-0.82464287701925
"24",-2.23446893787575,-0.523541786878147,-2.41482965931864,-0.62864287701925,-0.82464287701925
"25",-2.21442885771543,-0.676463990508309,-2.41482965931864,-0.62864287701925,-0.82464287701925
"26",-2.17434869739479,-0.819744110752592,-2.41482965931864,-0.62864287701925,-0.82464287701925
"27",-2.13426853707415,-0.639090991950017,-2.41482965931864,-0.62864287701925,-0.82464287701925
"28",-1.87374749498998,-0.603151940779058,-2.41482965931864,-0.62864287701925,-0.82464287701925
"29",-1.81362725450902,-0.499743005767897,-2.41482965931864,-0.62864287701925,-0.82464287701925
"30",-1.75350701402806,-0.526829908023336,-2.41482965931864,-0.62864287701925,-0.82464287701925
"31",-1.67334669338677,-0.750602562591004,-2.41482965931864,-0.62864287701925,-0.82464287701925
"32",-1.63326653306613,-0.562501412922392,-2.41482965931864,-0.62864287701925,-0.82464287701925
"33",-1.45290581162325,-0.736787823442028,-2.41482965931864,-0.62864287701925,-0.82464287701925
"34",-0.110220440881764,-0.500818292958127,-2.41482965931864,-0.62864287701925,-0.82464287701925
"35",0.170340681362725,-0.419504348923349,-2.41482965931864,-0.62864287701925,-0.82464287701925
"36",1.9939879759519,0.213801973574881,-2.41482965931864,-0.62864287701925,-0.82464287701925
"37",3.03607214428858,0.456793865636385,-2.41482965931864,-0.62864287701925,-0.82464287701925
"38",3.21643286573146,0.615117468655904,-2.41482965931864,-0.62864287701925,-0.82464287701925
"39",4.37875751503006,0.757879440722478,-2.41482965931864,-0.62864287701925,-0.82464287701925
"40",4.5190380761523,0.565257099067787,-2.41482965931864,-0.62864287701925,-0.82464287701925
