"","x","yplot","target","ftrue","fwrong"
"1",-4.71943887775551,0.554185031734538,2.51503006012024,-0.160592879317978,-0.356592879317978
"2",-4.29859719438878,0.675794391941227,2.51503006012024,-0.160592879317978,-0.356592879317978
"3",-4.19839679358717,0.440883883615889,2.51503006012024,-0.160592879317978,-0.356592879317978
"4",-3.45691382765531,0.323744759292611,2.51503006012024,-0.160592879317978,-0.356592879317978
"5",-3.19639278557114,0.276981568019286,2.51503006012024,-0.160592879317978,-0.356592879317978
"6",-3.1563126252505,0.353983248796962,2.51503006012024,-0.160592879317978,-0.356592879317978
"7",-3.09619238476954,0.208971071332262,2.51503006012024,-0.160592879317978,-0.356592879317978
"8",-2.55511022044088,0.30494522665304,2.51503006012024,-0.160592879317978,-0.356592879317978
"9",-2.4749498997996,0.269340061607661,2.51503006012024,-0.160592879317978,-0.356592879317978
"10",-2.17434869739479,0.134333664832896,2.51503006012024,-0.160592879317978,-0.356592879317978
"11",-1.83366733466934,0.274664494155106,2.51503006012024,-0.160592879317978,-0.356592879317978
"12",-1.61322645290581,0.307061007713648,2.51503006012024,-0.160592879317978,-0.356592879317978
"13",-0.61122244488978,0.233516004541299,2.51503006012024,-0.160592879317978,-0.356592879317978
"14",-0.370741482965932,0.152547123451916,2.51503006012024,-0.160592879317978,-0.356592879317978
"15",-0.150300601202405,0.156200613101324,2.51503006012024,-0.160592879317978,-0.356592879317978
"16",-0.0100200400801604,0.0402014219021694,2.51503006012024,-0.160592879317978,-0.356592879317978
"17",0.110220440881763,0.143093827753015,2.51503006012024,-0.160592879317978,-0.356592879317978
"18",0.170340681362725,0.12398535334775,2.51503006012024,-0.160592879317978,-0.356592879317978
"19",0.33066132264529,0.116323329522016,2.51503006012024,-0.160592879317978,-0.356592879317978
"20",0.571142284569138,-0.0444904675753149,2.51503006012024,-0.160592879317978,-0.356592879317978
"21",0.93186372745491,0.124399388295748,2.51503006012024,-0.160592879317978,-0.356592879317978
"22",1.01202404809619,0.0103326143163477,2.51503006012024,-0.160592879317978,-0.356592879317978
"23",1.09218436873747,0.0600158515893178,2.51503006012024,-0.160592879317978,-0.356592879317978
"24",1.23246492985972,-0.00511075372778652,2.51503006012024,-0.160592879317978,-0.356592879317978
"25",1.37274549098196,-0.183233165853647,2.51503006012024,-0.160592879317978,-0.356592879317978
"26",1.47294589178357,0.171057290314711,2.51503006012024,-0.160592879317978,-0.356592879317978
"27",1.59318637274549,0.137344245782449,2.51503006012024,-0.160592879317978,-0.356592879317978
"28",1.69338677354709,-0.0371491985255697,2.51503006012024,-0.160592879317978,-0.356592879317978
"29",1.75350701402806,-0.119386587470599,2.51503006012024,-0.160592879317978,-0.356592879317978
"30",2.01402805611222,-0.124749934236112,2.51503006012024,-0.160592879317978,-0.356592879317978
"31",2.13426853707415,-0.0959764375704748,2.51503006012024,-0.160592879317978,-0.356592879317978
"32",2.23446893787575,-0.189703806117437,2.51503006012024,-0.160592879317978,-0.356592879317978
"33",2.55511022044088,-0.255141817532834,2.51503006012024,-0.160592879317978,-0.356592879317978
"34",2.59519038076152,-0.250693388774823,2.51503006012024,-0.160592879317978,-0.356592879317978
"35",2.85571142284569,-0.229790166154773,2.51503006012024,-0.160592879317978,-0.356592879317978
"36",2.93587174348697,-0.366178895083997,2.51503006012024,-0.160592879317978,-0.356592879317978
"37",3.19639278557114,-0.304782241446892,2.51503006012024,-0.160592879317978,-0.356592879317978
"38",3.33667334669339,-0.291108419508268,2.51503006012024,-0.160592879317978,-0.356592879317978
"39",3.35671342685371,-0.414781238896062,2.51503006012024,-0.160592879317978,-0.356592879317978
"40",3.39679358717435,-0.239329866327322,2.51503006012024,-0.160592879317978,-0.356592879317978
"41",3.47695390781563,-0.417893554971906,2.51503006012024,-0.160592879317978,-0.356592879317978
"42",3.71743486973948,-0.272911496427642,2.51503006012024,-0.160592879317978,-0.356592879317978
"43",3.81763527054108,-0.245325123795823,2.51503006012024,-0.160592879317978,-0.356592879317978
"44",3.8376753507014,-0.523901738734675,2.51503006012024,-0.160592879317978,-0.356592879317978
"45",3.91783567134268,-0.570213142206418,2.51503006012024,-0.160592879317978,-0.356592879317978
"46",3.93787575150301,-0.303939004948719,2.51503006012024,-0.160592879317978,-0.356592879317978
"47",4.4188376753507,-0.486931238298687,2.51503006012024,-0.160592879317978,-0.356592879317978
"48",4.67935871743487,-0.745627073961095,2.51503006012024,-0.160592879317978,-0.356592879317978
"49",4.71943887775551,-0.676133302982994,2.51503006012024,-0.160592879317978,-0.356592879317978
"50",4.93987975951904,-0.657666482942217,2.51503006012024,-0.160592879317978,-0.356592879317978
