"","x","yplot","target","ftrue","fwrong"
"1",-4.57915831663327,0.423349390832939,-3.91783567134269,0.369035782393537,0.173035782393537
"2",-4.09819639278557,0.553264886564248,-3.91783567134269,0.369035782393537,0.173035782393537
"3",-3.67735470941884,0.222639043340977,-3.91783567134269,0.369035782393537,0.173035782393537
"4",-3.31663326653307,0.341374477169026,-3.91783567134269,0.369035782393537,0.173035782393537
"5",-3.23647294589178,0.338761071739095,-3.91783567134269,0.369035782393537,0.173035782393537
"6",-2.97595190380762,-0.0144234280912867,-3.91783567134269,0.369035782393537,0.173035782393537
"7",-2.51503006012024,0.135174734588617,-3.91783567134269,0.369035782393537,0.173035782393537
"8",-2.45490981963928,0.125715128297218,-3.91783567134269,0.369035782393537,0.173035782393537
"9",-2.374749498998,0.078363265584624,-3.91783567134269,0.369035782393537,0.173035782393537
"10",-2.33466933867735,0.233196373927342,-3.91783567134269,0.369035782393537,0.173035782393537
"11",-1.09218436873748,-0.0481864490753938,-3.91783567134269,0.369035782393537,0.173035782393537
"12",-1.01202404809619,0.0853104518797464,-3.91783567134269,0.369035782393537,0.173035782393537
"13",0.190380761523046,-0.0431954669348691,-3.91783567134269,0.369035782393537,0.173035782393537
"14",1.05210420841683,-0.27661282676685,-3.91783567134269,0.369035782393537,0.173035782393537
"15",1.67334669338677,-0.0651426446906396,-3.91783567134269,0.369035782393537,0.173035782393537
"16",1.69338677354709,-0.273617733202763,-3.91783567134269,0.369035782393537,0.173035782393537
"17",1.71342685370741,-0.160588263983242,-3.91783567134269,0.369035782393537,0.173035782393537
"18",2.21442885771543,-0.206466818123551,-3.91783567134269,0.369035782393537,0.173035782393537
"19",3.53707414829659,-0.523002995329899,-3.91783567134269,0.369035782393537,0.173035782393537
"20",4.43887775551102,-0.74902550855228,-3.91783567134269,0.369035782393537,0.173035782393537
