"","x","yplot","target","ftrue","fwrong"
"1",-4.77955911823647,-0.990329121860306,-3.59719438877756,-0.887129448710096,-0.691129448710096
"2",-4.57915831663327,-0.74960069623634,-3.59719438877756,-0.887129448710096,-0.691129448710096
"3",-4.51903807615231,-0.780952534481364,-3.59719438877756,-0.887129448710096,-0.691129448710096
"4",-4.47895791583166,-0.987977770891716,-3.59719438877756,-0.887129448710096,-0.691129448710096
"5",-4.37875751503006,-0.735024056211024,-3.59719438877756,-0.887129448710096,-0.691129448710096
"6",-4.27855711422846,-0.724889956253053,-3.59719438877756,-0.887129448710096,-0.691129448710096
"7",-4.19839679358717,-0.891880463078425,-3.59719438877756,-0.887129448710096,-0.691129448710096
"8",-4.17835671342685,-0.943106016160834,-3.59719438877756,-0.887129448710096,-0.691129448710096
"9",-4.15831663326653,-0.856213309381573,-3.59719438877756,-0.887129448710096,-0.691129448710096
"10",-4.11823647294589,-0.931632290804911,-3.59719438877756,-0.887129448710096,-0.691129448710096
"11",-4.07815631262525,-0.982892722289292,-3.59719438877756,-0.887129448710096,-0.691129448710096
"12",-4.01803607214429,-0.744661115238159,-3.59719438877756,-0.887129448710096,-0.691129448710096
"13",-3.99799599198397,-0.734372282655406,-3.59719438877756,-0.887129448710096,-0.691129448710096
"14",-3.95791583166333,-0.878780502472757,-3.59719438877756,-0.887129448710096,-0.691129448710096
"15",-3.93787575150301,-0.968449940462138,-3.59719438877756,-0.887129448710096,-0.691129448710096
"16",-3.75751503006012,-0.930685139483082,-3.59719438877756,-0.887129448710096,-0.691129448710096
"17",-3.7374749498998,-0.987596570332834,-3.59719438877756,-0.887129448710096,-0.691129448710096
"18",-3.71743486973948,-0.802291041254591,-3.59719438877756,-0.887129448710096,-0.691129448710096
"19",-3.57715430861723,-0.79587384743226,-3.59719438877756,-0.887129448710096,-0.691129448710096
"20",-3.51703406813627,-0.84201842459176,-3.59719438877756,-0.887129448710096,-0.691129448710096
"21",-3.49699398797595,-0.918172519289279,-3.59719438877756,-0.887129448710096,-0.691129448710096
"22",-3.11623246492986,-1.04055217529938,-3.59719438877756,-0.887129448710096,-0.691129448710096
"23",-3.0561122244489,-0.798080198793548,-3.59719438877756,-0.887129448710096,-0.691129448710096
"24",-2.87575150300601,-0.870596105640518,-3.59719438877756,-0.887129448710096,-0.691129448710096
"25",-2.83567134268537,-0.916426226333759,-3.59719438877756,-0.887129448710096,-0.691129448710096
"26",-2.77555110220441,-0.942726345924588,-3.59719438877756,-0.887129448710096,-0.691129448710096
"27",-2.73547094188377,-0.645514260007153,-3.59719438877756,-0.887129448710096,-0.691129448710096
"28",-2.69539078156313,-0.995940551877303,-3.59719438877756,-0.887129448710096,-0.691129448710096
"29",-2.67535070140281,-0.830728510417219,-3.59719438877756,-0.887129448710096,-0.691129448710096
"30",-2.01402805611222,-0.845873481096403,-3.59719438877756,-0.887129448710096,-0.691129448710096
"31",-1.57314629258517,-0.766020329362702,-3.59719438877756,-0.887129448710096,-0.691129448710096
"32",-0.891783567134269,-0.72835688327584,-3.59719438877756,-0.887129448710096,-0.691129448710096
"33",-0.61122244488978,-0.652044788625887,-3.59719438877756,-0.887129448710096,-0.691129448710096
"34",-0.430861723446894,-0.695299475108176,-3.59719438877756,-0.887129448710096,-0.691129448710096
"35",0.210420841683367,-0.535613091660165,-3.59719438877756,-0.887129448710096,-0.691129448710096
"36",2.05410821643287,-0.0454886079977588,-3.59719438877756,-0.887129448710096,-0.691129448710096
"37",2.33466933867735,-0.0292837925924634,-3.59719438877756,-0.887129448710096,-0.691129448710096
"38",2.45490981963928,0.295185197679274,-3.59719438877756,-0.887129448710096,-0.691129448710096
"39",3.39679358717435,0.32620509214092,-3.59719438877756,-0.887129448710096,-0.691129448710096
"40",3.59719438877755,0.250287278786415,-3.59719438877756,-0.887129448710096,-0.691129448710096
