"","x","yplot","target","ftrue","fwrong"
"1",-4.65931863727455,-0.422229049139803,-3.11623246492986,0.684432585357554,0.880432585357554
"2",-4.3186372745491,-0.133384686512618,-3.11623246492986,0.684432585357554,0.880432585357554
"3",-4.07815631262525,-0.187997877058844,-3.11623246492986,0.684432585357554,0.880432585357554
"4",-4.03807615230461,0.105203659141299,-3.11623246492986,0.684432585357554,0.880432585357554
"5",-4.01803607214429,-0.116632432432347,-3.11623246492986,0.684432585357554,0.880432585357554
"6",-3.99799599198397,-0.00673389598589647,-3.11623246492986,0.684432585357554,0.880432585357554
"7",-3.93787575150301,0.162291033968424,-3.11623246492986,0.684432585357554,0.880432585357554
"8",-3.8376753507014,0.0633127892036827,-3.11623246492986,0.684432585357554,0.880432585357554
"9",-3.7374749498998,0.116890853852592,-3.11623246492986,0.684432585357554,0.880432585357554
"10",-3.65731462925852,0.372112030681766,-3.11623246492986,0.684432585357554,0.880432585357554
"11",-3.45691382765531,0.455207930316574,-3.11623246492986,0.684432585357554,0.880432585357554
"12",-3.03607214428858,0.704028978102093,-3.11623246492986,0.684432585357554,0.880432585357554
"13",-2.85571142284569,0.810408692134313,-3.11623246492986,0.684432585357554,0.880432585357554
"14",-2.71543086172345,0.630945271078819,-3.11623246492986,0.684432585357554,0.880432585357554
"15",-2.59519038076152,0.817209760981479,-3.11623246492986,0.684432585357554,0.880432585357554
"16",-2.39478957915832,1.10700125893046,-3.11623246492986,0.684432585357554,0.880432585357554
"17",-2.33466933867735,0.846125955925412,-3.11623246492986,0.684432585357554,0.880432585357554
"18",-2.03406813627255,0.785361460607404,-3.11623246492986,0.684432585357554,0.880432585357554
"19",-1.95390781563126,0.965763691379804,-3.11623246492986,0.684432585357554,0.880432585357554
"20",-1.91382765531062,0.836931268252809,-3.11623246492986,0.684432585357554,0.880432585357554
"21",-1.83366733466934,0.794816608923222,-3.11623246492986,0.684432585357554,0.880432585357554
"22",-1.59318637274549,0.817149702810088,-3.11623246492986,0.684432585357554,0.880432585357554
"23",-1.29258517034068,0.593185218815351,-3.11623246492986,0.684432585357554,0.880432585357554
"24",-1.03206412825651,0.798414446391551,-3.11623246492986,0.684432585357554,0.880432585357554
"25",-0.851703406813628,0.566816567927013,-3.11623246492986,0.684432585357554,0.880432585357554
"26",-0.831663326653307,0.571083453563699,-3.11623246492986,0.684432585357554,0.880432585357554
"27",-0.571142284569138,0.348160852313551,-3.11623246492986,0.684432585357554,0.880432585357554
"28",-0.531062124248497,0.305080757623249,-3.11623246492986,0.684432585357554,0.880432585357554
"29",-0.410821643286574,0.285527407532357,-3.11623246492986,0.684432585357554,0.880432585357554
"30",-0.290581162324649,0.305057642307736,-3.11623246492986,0.684432585357554,0.880432585357554
"31",-0.270541082164329,0.212849375242491,-3.11623246492986,0.684432585357554,0.880432585357554
"32",0.230460921843687,-0.0432630177142906,-3.11623246492986,0.684432585357554,0.880432585357554
"33",0.390781563126252,-0.317529350418028,-3.11623246492986,0.684432585357554,0.880432585357554
"34",0.591182364729459,-0.277453626726968,-3.11623246492986,0.684432585357554,0.880432585357554
"35",0.691382765531062,-0.268651775068286,-3.11623246492986,0.684432585357554,0.880432585357554
"36",0.711422845691382,-0.346055114419905,-3.11623246492986,0.684432585357554,0.880432585357554
"37",1.07214428857715,-0.527164352754792,-3.11623246492986,0.684432585357554,0.880432585357554
"38",1.312625250501,-0.806231784077885,-3.11623246492986,0.684432585357554,0.880432585357554
"39",1.73346693386774,-0.763139556599517,-3.11623246492986,0.684432585357554,0.880432585357554
"40",2.41482965931864,-0.910271831083089,-3.11623246492986,0.684432585357554,0.880432585357554
"41",2.4749498997996,-0.733792114919241,-3.11623246492986,0.684432585357554,0.880432585357554
"42",3.37675350701403,-0.177927718620888,-3.11623246492986,0.684432585357554,0.880432585357554
"43",3.57715430861723,0.126391608229933,-3.11623246492986,0.684432585357554,0.880432585357554
"44",3.59719438877755,-0.087502569594756,-3.11623246492986,0.684432585357554,0.880432585357554
"45",4.19839679358717,0.628911199583183,-3.11623246492986,0.684432585357554,0.880432585357554
"46",4.21843687374749,0.567769358583681,-3.11623246492986,0.684432585357554,0.880432585357554
"47",4.23847695390782,0.702939023398443,-3.11623246492986,0.684432585357554,0.880432585357554
"48",4.67935871743487,0.870139714808087,-3.11623246492986,0.684432585357554,0.880432585357554
"49",4.81963927855711,0.9991902978334,-3.11623246492986,0.684432585357554,0.880432585357554
"50",4.87975951903808,0.948150620999486,-3.11623246492986,0.684432585357554,0.880432585357554
