"","x","yplot","target","ftrue","fwrong"
"1",-4.03807615230461,0.421491017195541,-4.43887775551102,0.488034241728866,0.684034241728866
"2",-3.97795591182365,0.268417180292905,-4.43887775551102,0.488034241728866,0.684034241728866
"3",-3.85771543086172,0.353171366760621,-4.43887775551102,0.488034241728866,0.684034241728866
"4",-3.7374749498998,0.23861891570296,-4.43887775551102,0.488034241728866,0.684034241728866
"5",-3.51703406813627,0.256477236317086,-4.43887775551102,0.488034241728866,0.684034241728866
"6",-3.47695390781563,0.124369055078569,-4.43887775551102,0.488034241728866,0.684034241728866
"7",-3.39679358717435,0.210093213075631,-4.43887775551102,0.488034241728866,0.684034241728866
"8",-3.2565130260521,0.315525120258918,-4.43887775551102,0.488034241728866,0.684034241728866
"9",-2.81563126252505,0.130769370338077,-4.43887775551102,0.488034241728866,0.684034241728866
"10",-2.79559118236473,0.325918200477593,-4.43887775551102,0.488034241728866,0.684034241728866
"11",-2.55511022044088,-0.0662311656922748,-4.43887775551102,0.488034241728866,0.684034241728866
"12",-1.81362725450902,0.1505848562521,-4.43887775551102,0.488034241728866,0.684034241728866
"13",-0.691382765531062,0.519774219125611,-4.43887775551102,0.488034241728866,0.684034241728866
"14",-0.470941883767535,0.637997617056647,-4.43887775551102,0.488034241728866,0.684034241728866
"15",-0.130260521042084,0.583610150029563,-4.43887775551102,0.488034241728866,0.684034241728866
"16",0.511022044088176,0.569050253670884,-4.43887775551102,0.488034241728866,0.684034241728866
"17",1.69338677354709,0.173707447393714,-4.43887775551102,0.488034241728866,0.684034241728866
"18",2.75551102204409,-0.130610830599782,-4.43887775551102,0.488034241728866,0.684034241728866
"19",2.91583166332665,-0.338210288871096,-4.43887775551102,0.488034241728866,0.684034241728866
"20",4.95991983967936,-0.788638213183733,-4.43887775551102,0.488034241728866,0.684034241728866
