"","x","yplot","target","ftrue","fwrong"
"1",-1.25250501002004,0.19943066532215,0.611222444889779,0.494953461432394,0.690953461432394
"2",-0.250501002004008,0.168524031575636,0.611222444889779,0.494953461432394,0.690953461432394
"3",0.410821643286573,0.362907276900344,0.611222444889779,0.494953461432394,0.690953461432394
"4",0.511022044088176,0.342151098526634,0.611222444889779,0.494953461432394,0.690953461432394
"5",0.711422845691382,0.536195011995973,0.611222444889779,0.494953461432394,0.690953461432394
"6",0.811623246492986,0.456229743631869,0.611222444889779,0.494953461432394,0.690953461432394
"7",1.15230460921844,0.72807375376393,0.611222444889779,0.494953461432394,0.690953461432394
"8",1.39278557114228,0.743798657904356,0.611222444889779,0.494953461432394,0.690953461432394
"9",2.23446893787575,0.949851957882447,0.611222444889779,0.494953461432394,0.690953461432394
"10",3.17635270541082,0.657375677079802,0.611222444889779,0.494953461432394,0.690953461432394
