"","x","yplot","target","ftrue","fwrong"
"1",-4.47895791583166,-0.609472397967511,0.31062124248497,0.751375936316831,0.947375936316831
"2",-3.99799599198397,-0.365828896403841,0.31062124248497,0.751375936316831,0.947375936316831
"3",-3.85771543086172,-0.312088168709556,0.31062124248497,0.751375936316831,0.947375936316831
"4",-3.43687374749499,-0.111651530312883,0.31062124248497,0.751375936316831,0.947375936316831
"5",-0.450901803607215,0.712797481460449,0.31062124248497,0.751375936316831,0.947375936316831
"6",-0.430861723446894,0.726369052473441,0.31062124248497,0.751375936316831,0.947375936316831
"7",-0.410821643286574,0.667548689032257,0.31062124248497,0.751375936316831,0.947375936316831
"8",-0.370741482965932,0.75046783967678,0.31062124248497,0.751375936316831,0.947375936316831
"9",-0.350701402805611,0.592078859171156,0.31062124248497,0.751375936316831,0.947375936316831
"10",-0.330661322645291,0.794011756417679,0.31062124248497,0.751375936316831,0.947375936316831
"11",-0.31062124248497,0.587084497426,0.31062124248497,0.751375936316831,0.947375936316831
"12",-0.290581162324649,0.700316464009537,0.31062124248497,0.751375936316831,0.947375936316831
"13",-0.210420841683367,0.883263601976957,0.31062124248497,0.751375936316831,0.947375936316831
"14",-0.170340681362726,0.844135220470714,0.31062124248497,0.751375936316831,0.947375936316831
"15",-0.0100200400801604,0.654440479789468,0.31062124248497,0.751375936316831,0.947375936316831
"16",0.0300601202404804,0.717382150971879,0.31062124248497,0.751375936316831,0.947375936316831
"17",0.0701402805611222,0.74403282028621,0.31062124248497,0.751375936316831,0.947375936316831
"18",0.110220440881763,0.836907992125477,0.31062124248497,0.751375936316831,0.947375936316831
"19",0.190380761523046,0.656034705556752,0.31062124248497,0.751375936316831,0.947375936316831
"20",0.210420841683367,0.650108404902,0.31062124248497,0.751375936316831,0.947375936316831
"21",0.490981963927855,0.742020003939285,0.31062124248497,0.751375936316831,0.947375936316831
"22",0.551102204408817,0.662876651822376,0.31062124248497,0.751375936316831,0.947375936316831
"23",0.751503006012024,0.822875627964836,0.31062124248497,0.751375936316831,0.947375936316831
"24",0.851703406813627,0.605868656482866,0.31062124248497,0.751375936316831,0.947375936316831
"25",1.13226452905812,0.760016305149461,0.31062124248497,0.751375936316831,0.947375936316831
"26",1.49298597194389,0.626268833458316,0.31062124248497,0.751375936316831,0.947375936316831
"27",1.85370741482966,0.631224324764819,0.31062124248497,0.751375936316831,0.947375936316831
"28",4.65931863727455,-0.00588924881923339,0.31062124248497,0.751375936316831,0.947375936316831
"29",4.69939879759519,-0.194618117112894,0.31062124248497,0.751375936316831,0.947375936316831
"30",4.81963927855711,-0.0087238227558506,0.31062124248497,0.751375936316831,0.947375936316831
