"","x","yplot","target","ftrue","fwrong"
"1",-4.59919839679359,-0.71615515609714,-3.65731462925852,-0.797005345662649,-0.993005345662649
"2",-4.35871743486974,-0.788001932017525,-3.65731462925852,-0.797005345662649,-0.993005345662649
"3",-4.15831663326653,-0.604743508967697,-3.65731462925852,-0.797005345662649,-0.993005345662649
"4",-3.75751503006012,-0.814387430494214,-3.65731462925852,-0.797005345662649,-0.993005345662649
"5",-3.21643286573146,-0.755271287929938,-3.65731462925852,-0.797005345662649,-0.993005345662649
"6",-2.85571142284569,-0.801796086847594,-3.65731462925852,-0.797005345662649,-0.993005345662649
"7",-2.71543086172345,-0.819372909863006,-3.65731462925852,-0.797005345662649,-0.993005345662649
"8",-2.65531062124249,-0.974824940707686,-3.65731462925852,-0.797005345662649,-0.993005345662649
"9",-1.63326653306613,-0.589723633184507,-3.65731462925852,-0.797005345662649,-0.993005345662649
"10",0.190380761523046,-0.499236820529982,-3.65731462925852,-0.797005345662649,-0.993005345662649
