"","x","yplot","target","ftrue","fwrong"
"1",-4.37875751503006,-0.0273710685508163,1.03206412825651,-0.377206818241974,-0.181206818241974
"2",-4.07815631262525,0.109956731808836,1.03206412825651,-0.377206818241974,-0.181206818241974
"3",-3.33667334669339,0.0897692688876919,1.03206412825651,-0.377206818241974,-0.181206818241974
"4",-2.81563126252505,0.358398057265187,1.03206412825651,-0.377206818241974,-0.181206818241974
"5",-1.312625250501,-0.274585868939115,1.03206412825651,-0.377206818241974,-0.181206818241974
"6",-0.93186372745491,-0.318083237676419,1.03206412825651,-0.377206818241974,-0.181206818241974
"7",-0.0701402805611222,-0.252875746096973,1.03206412825651,-0.377206818241974,-0.181206818241974
"8",0.0501002004008013,-0.134682848307696,1.03206412825651,-0.377206818241974,-0.181206818241974
"9",0.0901803607214431,-0.419572323167842,1.03206412825651,-0.377206818241974,-0.181206818241974
"10",0.110220440881763,-0.427716663572262,1.03206412825651,-0.377206818241974,-0.181206818241974
"11",0.130260521042084,-0.278395085637195,1.03206412825651,-0.377206818241974,-0.181206818241974
"12",0.230460921843687,-0.456147201793675,1.03206412825651,-0.377206818241974,-0.181206818241974
"13",0.290581162324649,-0.297408467694741,1.03206412825651,-0.377206818241974,-0.181206818241974
"14",0.31062124248497,-0.174277861675518,1.03206412825651,-0.377206818241974,-0.181206818241974
"15",0.33066132264529,-0.317341722217188,1.03206412825651,-0.377206818241974,-0.181206818241974
"16",0.410821643286573,-0.324829285013489,1.03206412825651,-0.377206818241974,-0.181206818241974
"17",0.430861723446894,-0.411606066596595,1.03206412825651,-0.377206818241974,-0.181206818241974
"18",0.450901803607215,-0.141484968887068,1.03206412825651,-0.377206818241974,-0.181206818241974
"19",0.490981963927855,-0.484788008169953,1.03206412825651,-0.377206818241974,-0.181206818241974
"20",0.6312625250501,-0.305119328049864,1.03206412825651,-0.377206818241974,-0.181206818241974
"21",0.811623246492986,-0.426679276654293,1.03206412825651,-0.377206818241974,-0.181206818241974
"22",0.851703406813627,-0.439294265814655,1.03206412825651,-0.377206818241974,-0.181206818241974
"23",0.871743486973948,-0.598986079310869,1.03206412825651,-0.377206818241974,-0.181206818241974
"24",0.971943887775551,-0.405592445005972,1.03206412825651,-0.377206818241974,-0.181206818241974
"25",1.01202404809619,-0.362258217825944,1.03206412825651,-0.377206818241974,-0.181206818241974
"26",1.07214428857715,-0.265049368703317,1.03206412825651,-0.377206818241974,-0.181206818241974
"27",1.17234468937876,-0.49332816662777,1.03206412825651,-0.377206818241974,-0.181206818241974
"28",1.19238476953908,-0.412863602543265,1.03206412825651,-0.377206818241974,-0.181206818241974
"29",1.29258517034068,-0.4111423442719,1.03206412825651,-0.377206818241974,-0.181206818241974
"30",1.45290581162325,-0.265528939500741,1.03206412825651,-0.377206818241974,-0.181206818241974
"31",1.47294589178357,-0.499528652765067,1.03206412825651,-0.377206818241974,-0.181206818241974
"32",1.53306613226453,-0.3227595806451,1.03206412825651,-0.377206818241974,-0.181206818241974
"33",1.63326653306613,-0.28655775063953,1.03206412825651,-0.377206818241974,-0.181206818241974
"34",1.67334669338677,-0.274828878122182,1.03206412825651,-0.377206818241974,-0.181206818241974
"35",1.69338677354709,-0.301873573063916,1.03206412825651,-0.377206818241974,-0.181206818241974
"36",1.73346693386774,-0.0245029477204264,1.03206412825651,-0.377206818241974,-0.181206818241974
"37",1.7935871743487,-0.317810894498124,1.03206412825651,-0.377206818241974,-0.181206818241974
"38",1.83366733466934,-0.22559365131405,1.03206412825651,-0.377206818241974,-0.181206818241974
"39",1.91382765531062,-0.0935161401105258,1.03206412825651,-0.377206818241974,-0.181206818241974
"40",1.93386773547094,-0.210245347465308,1.03206412825651,-0.377206818241974,-0.181206818241974
"41",1.95390781563126,-0.171016361621591,1.03206412825651,-0.377206818241974,-0.181206818241974
"42",1.97394789579158,-0.227663578461846,1.03206412825651,-0.377206818241974,-0.181206818241974
"43",2.13426853707415,0.014858198422635,1.03206412825651,-0.377206818241974,-0.181206818241974
"44",3.43687374749499,0.354824636811194,1.03206412825651,-0.377206818241974,-0.181206818241974
"45",4.17835671342685,0.543875978960748,1.03206412825651,-0.377206818241974,-0.181206818241974
"46",4.29859719438878,0.663109180776876,1.03206412825651,-0.377206818241974,-0.181206818241974
"47",4.73947895791583,0.902488208938848,1.03206412825651,-0.377206818241974,-0.181206818241974
"48",4.75951903807615,0.597641092047197,1.03206412825651,-0.377206818241974,-0.181206818241974
"49",4.77955911823647,0.964192248735442,1.03206412825651,-0.377206818241974,-0.181206818241974
"50",4.91983967935872,0.947060916051294,1.03206412825651,-0.377206818241974,-0.181206818241974
