"","x","yplot","target","ftrue","fwrong"
"1",-5,0.346806111432891,-4.75951903807615,0.339310686617278,0.143310686617278
"2",-4.91983967935872,0.242858150750397,-4.75951903807615,0.339310686617278,0.143310686617278
"3",-4.45891783567134,0.458008983430027,-4.75951903807615,0.339310686617278,0.143310686617278
"4",-4.27855711422846,0.504504578207578,-4.75951903807615,0.339310686617278,0.143310686617278
"5",-4.19839679358717,0.8021664151964,-4.75951903807615,0.339310686617278,0.143310686617278
"6",-4.17835671342685,0.673325772379601,-4.75951903807615,0.339310686617278,0.143310686617278
"7",-4.15831663326653,0.682586939815137,-4.75951903807615,0.339310686617278,0.143310686617278
"8",-4.13827655310621,0.528108392401577,-4.75951903807615,0.339310686617278,0.143310686617278
"9",-4.07815631262525,0.552881843498301,-4.75951903807615,0.339310686617278,0.143310686617278
"10",-3.75751503006012,0.548759569597098,-4.75951903807615,0.339310686617278,0.143310686617278
"11",-3.7374749498998,0.472043952085546,-4.75951903807615,0.339310686617278,0.143310686617278
"12",-3.51703406813627,0.645602036100432,-4.75951903807615,0.339310686617278,0.143310686617278
"13",-2.93587174348697,0.788101533925318,-4.75951903807615,0.339310686617278,0.143310686617278
"14",-2.63527054108216,0.668029958748344,-4.75951903807615,0.339310686617278,0.143310686617278
"15",-2.45490981963928,0.526787407760105,-4.75951903807615,0.339310686617278,0.143310686617278
"16",-2.33466933867735,0.542444815474063,-4.75951903807615,0.339310686617278,0.143310686617278
"17",-2.17434869739479,0.573883501166373,-4.75951903807615,0.339310686617278,0.143310686617278
"18",-2.09418837675351,0.607716385723514,-4.75951903807615,0.339310686617278,0.143310686617278
"19",-1.67334669338677,0.224204162480675,-4.75951903807615,0.339310686617278,0.143310686617278
"20",-1.35270541082164,0.233587765375431,-4.75951903807615,0.339310686617278,0.143310686617278
"21",-0.971943887775551,0.0952765684250524,-4.75951903807615,0.339310686617278,0.143310686617278
"22",-0.591182364729459,-0.149923572745095,-4.75951903807615,0.339310686617278,0.143310686617278
"23",-0.0300601202404813,-0.162206588806793,-4.75951903807615,0.339310686617278,0.143310686617278
"24",1.91382765531062,-0.15142839478353,-4.75951903807615,0.339310686617278,0.143310686617278
"25",2.11422845691383,-0.00750317318481182,-4.75951903807615,0.339310686617278,0.143310686617278
"26",2.83567134268537,0.375501111808639,-4.75951903807615,0.339310686617278,0.143310686617278
"27",3.11623246492986,0.503354288689602,-4.75951903807615,0.339310686617278,0.143310686617278
"28",3.47695390781563,0.807112657655531,-4.75951903807615,0.339310686617278,0.143310686617278
"29",3.99799599198397,0.631099684685937,-4.75951903807615,0.339310686617278,0.143310686617278
"30",4.23847695390782,0.666808195984562,-4.75951903807615,0.339310686617278,0.143310686617278
