"","x","yplot","target","ftrue","fwrong"
"1",-4.8997995991984,-0.2752539314005,-2.11422845691383,-0.0314551860879127,-0.227455186087913
"2",-4.73947895791583,-0.380049126384841,-2.11422845691383,-0.0314551860879127,-0.227455186087913
"3",-4.59919839679359,-0.529934258905208,-2.11422845691383,-0.0314551860879127,-0.227455186087913
"4",-4.55911823647295,-0.528695204100649,-2.11422845691383,-0.0314551860879127,-0.227455186087913
"5",-4.49899799599198,-0.607131860255465,-2.11422845691383,-0.0314551860879127,-0.227455186087913
"6",-4.45891783567134,-0.449100468727136,-2.11422845691383,-0.0314551860879127,-0.227455186087913
"7",-3.53707414829659,-0.585738575619031,-2.11422845691383,-0.0314551860879127,-0.227455186087913
"8",-3.49699398797595,-0.580685949490752,-2.11422845691383,-0.0314551860879127,-0.227455186087913
"9",-3.31663326653307,-0.40649837943097,-2.11422845691383,-0.0314551860879127,-0.227455186087913
"10",-3.19639278557114,-0.544298978585907,-2.11422845691383,-0.0314551860879127,-0.227455186087913
"11",-2.85571142284569,-0.332196256614648,-2.11422845691383,-0.0314551860879127,-0.227455186087913
"12",-2.39478957915832,-0.334301254339976,-2.11422845691383,-0.0314551860879127,-0.227455186087913
"13",-2.374749498998,-0.298654148564999,-2.11422845691383,-0.0314551860879127,-0.227455186087913
"14",-2.35470941883768,-0.159828387995184,-2.11422845691383,-0.0314551860879127,-0.227455186087913
"15",-2.31462925851703,-0.317652262757934,-2.11422845691383,-0.0314551860879127,-0.227455186087913
"16",-2.25450901803607,-0.114300279529145,-2.11422845691383,-0.0314551860879127,-0.227455186087913
"17",-2.03406813627255,0.0292211141185732,-2.11422845691383,-0.0314551860879127,-0.227455186087913
"18",-1.9939879759519,0.0344264682655085,-2.11422845691383,-0.0314551860879127,-0.227455186087913
"19",-1.97394789579158,-0.0936188068941288,-2.11422845691383,-0.0314551860879127,-0.227455186087913
"20",-1.77354709418838,0.173835675596822,-2.11422845691383,-0.0314551860879127,-0.227455186087913
"21",-1.75350701402806,0.107427520223621,-2.11422845691383,-0.0314551860879127,-0.227455186087913
"22",-1.45290581162325,0.421313694810044,-2.11422845691383,-0.0314551860879127,-0.227455186087913
"23",-1.41282565130261,0.334771089400803,-2.11422845691383,-0.0314551860879127,-0.227455186087913
"24",-1.35270541082164,0.327194752779892,-2.11422845691383,-0.0314551860879127,-0.227455186087913
"25",-1.23246492985972,0.463480158747467,-2.11422845691383,-0.0314551860879127,-0.227455186087913
"26",-0.390781563126253,0.865299315338739,-2.11422845691383,-0.0314551860879127,-0.227455186087913
"27",-0.0701402805611222,0.969763472825987,-2.11422845691383,-0.0314551860879127,-0.227455186087913
"28",-0.0501002004008022,0.836330482164289,-2.11422845691383,-0.0314551860879127,-0.227455186087913
"29",-0.0100200400801604,0.670160671869318,-2.11422845691383,-0.0314551860879127,-0.227455186087913
"30",0.130260521042084,0.881696686498914,-2.11422845691383,-0.0314551860879127,-0.227455186087913
"31",0.490981963927855,0.892210315450252,-2.11422845691383,-0.0314551860879127,-0.227455186087913
"32",0.731462925851703,0.669485417638957,-2.11422845691383,-0.0314551860879127,-0.227455186087913
"33",0.791583166332665,0.637877711100738,-2.11422845691383,-0.0314551860879127,-0.227455186087913
"34",0.93186372745491,0.761137947870679,-2.11422845691383,-0.0314551860879127,-0.227455186087913
"35",1.1122244488978,0.535227185172421,-2.11422845691383,-0.0314551860879127,-0.227455186087913
"36",1.65330661322645,0.176407223203867,-2.11422845691383,-0.0314551860879127,-0.227455186087913
"37",1.71342685370741,0.251847952830202,-2.11422845691383,-0.0314551860879127,-0.227455186087913
"38",1.81362725450902,0.423274277531556,-2.11422845691383,-0.0314551860879127,-0.227455186087913
"39",2.23446893787575,0.117218158545852,-2.11422845691383,-0.0314551860879127,-0.227455186087913
"40",2.53507014028056,-0.0256749162446216,-2.11422845691383,-0.0314551860879127,-0.227455186087913
"41",3.23647294589178,-0.195890072249155,-2.11422845691383,-0.0314551860879127,-0.227455186087913
"42",3.43687374749499,-0.303208925555552,-2.11422845691383,-0.0314551860879127,-0.227455186087913
"43",3.51703406813627,-0.174134615056263,-2.11422845691383,-0.0314551860879127,-0.227455186087913
"44",3.59719438877755,-0.150513028801031,-2.11422845691383,-0.0314551860879127,-0.227455186087913
"45",3.75751503006012,-0.437739932567979,-2.11422845691383,-0.0314551860879127,-0.227455186087913
"46",4.67935871743487,0.110314138369053,-2.11422845691383,-0.0314551860879127,-0.227455186087913
"47",4.85971943887776,0.0553154588543569,-2.11422845691383,-0.0314551860879127,-0.227455186087913
"48",4.91983967935872,0.088720023164782,-2.11422845691383,-0.0314551860879127,-0.227455186087913
"49",4.93987975951904,0.0450656163306892,-2.11422845691383,-0.0314551860879127,-0.227455186087913
"50",4.95991983967936,-0.022503106935331,-2.11422845691383,-0.0314551860879127,-0.227455186087913
