"","x","yplot","target","ftrue","fwrong"
"1",-4.63927855711423,0.0865798153403101,3.21643286573146,-0.0276192957966655,-0.223619295796665
"2",-3.21643286573146,0.668680417409266,3.21643286573146,-0.0276192957966655,-0.223619295796665
"3",-2.73547094188377,0.76995362434092,3.21643286573146,-0.0276192957966655,-0.223619295796665
"4",-2.49498997995992,0.693465275080739,3.21643286573146,-0.0276192957966655,-0.223619295796665
"5",-2.41482965931864,0.509131743773185,3.21643286573146,-0.0276192957966655,-0.223619295796665
"6",-0.61122244488978,-0.135119997706862,3.21643286573146,-0.0276192957966655,-0.223619295796665
"7",-0.511022044088176,-0.0837744537366596,3.21643286573146,-0.0276192957966655,-0.223619295796665
"8",-0.430861723446894,-0.0853791189238862,3.21643286573146,-0.0276192957966655,-0.223619295796665
"9",0.150300601202405,0.041585629770283,3.21643286573146,-0.0276192957966655,-0.223619295796665
"10",0.230460921843687,0.229922107904477,3.21643286573146,-0.0276192957966655,-0.223619295796665
"11",1.312625250501,0.652207662018825,3.21643286573146,-0.0276192957966655,-0.223619295796665
"12",1.73346693386774,0.552515734281947,3.21643286573146,-0.0276192957966655,-0.223619295796665
"13",1.95390781563126,0.374728497405421,3.21643286573146,-0.0276192957966655,-0.223619295796665
"14",2.23446893787575,0.410407613388744,3.21643286573146,-0.0276192957966655,-0.223619295796665
"15",2.25450901803607,0.478195591976254,3.21643286573146,-0.0276192957966655,-0.223619295796665
"16",2.27454909819639,0.323288353923441,3.21643286573146,-0.0276192957966655,-0.223619295796665
"17",2.4749498997996,0.499971153620903,3.21643286573146,-0.0276192957966655,-0.223619295796665
"18",2.49498997995992,0.310695824824608,3.21643286573146,-0.0276192957966655,-0.223619295796665
"19",2.53507014028056,0.209795333467151,3.21643286573146,-0.0276192957966655,-0.223619295796665
"20",2.59519038076152,0.248903143952046,3.21643286573146,-0.0276192957966655,-0.223619295796665
"21",2.65531062124249,0.306639650118496,3.21643286573146,-0.0276192957966655,-0.223619295796665
"22",2.67535070140281,0.232308989425058,3.21643286573146,-0.0276192957966655,-0.223619295796665
"23",2.79559118236473,0.164185776363603,3.21643286573146,-0.0276192957966655,-0.223619295796665
"24",2.87575150300601,0.127444563872409,3.21643286573146,-0.0276192957966655,-0.223619295796665
"25",2.89579158316633,-0.0303393270527962,3.21643286573146,-0.0276192957966655,-0.223619295796665
"26",2.93587174348697,0.315668650975484,3.21643286573146,-0.0276192957966655,-0.223619295796665
"27",2.97595190380761,-0.0384539206689043,3.21643286573146,-0.0276192957966655,-0.223619295796665
"28",3.01603206412826,0.0122336436035238,3.21643286573146,-0.0276192957966655,-0.223619295796665
"29",3.11623246492986,0.107398211147676,3.21643286573146,-0.0276192957966655,-0.223619295796665
"30",3.35671342685371,0.137980981410132,3.21643286573146,-0.0276192957966655,-0.223619295796665
"31",3.37675350701403,-0.213845635882681,3.21643286573146,-0.0276192957966655,-0.223619295796665
"32",3.55711422845691,-0.272639943211853,3.21643286573146,-0.0276192957966655,-0.223619295796665
"33",3.57715430861723,-0.0752094943827298,3.21643286573146,-0.0276192957966655,-0.223619295796665
"34",3.59719438877755,-0.319054498495051,3.21643286573146,-0.0276192957966655,-0.223619295796665
"35",3.65731462925852,-0.321043205005932,3.21643286573146,-0.0276192957966655,-0.223619295796665
"36",3.67735470941884,-0.0856153301462989,3.21643286573146,-0.0276192957966655,-0.223619295796665
"37",3.69739478957916,-0.249447488110139,3.21643286573146,-0.0276192957966655,-0.223619295796665
"38",3.79759519038076,-0.126639972597902,3.21643286573146,-0.0276192957966655,-0.223619295796665
"39",3.81763527054108,-0.365425754059815,3.21643286573146,-0.0276192957966655,-0.223619295796665
"40",3.91783567134268,-0.0949021146855382,3.21643286573146,-0.0276192957966655,-0.223619295796665
"41",3.93787575150301,-0.407502387786671,3.21643286573146,-0.0276192957966655,-0.223619295796665
"42",4.01803607214429,-0.512287971671833,3.21643286573146,-0.0276192957966655,-0.223619295796665
"43",4.05811623246493,-0.459035784684963,3.21643286573146,-0.0276192957966655,-0.223619295796665
"44",4.07815631262525,-0.476416049966466,3.21643286573146,-0.0276192957966655,-0.223619295796665
"45",4.09819639278557,-0.560667420070733,3.21643286573146,-0.0276192957966655,-0.223619295796665
"46",4.11823647294589,-0.487851161941199,3.21643286573146,-0.0276192957966655,-0.223619295796665
"47",4.13827655310621,-0.469703288485642,3.21643286573146,-0.0276192957966655,-0.223619295796665
"48",4.19839679358717,-0.66173004860327,3.21643286573146,-0.0276192957966655,-0.223619295796665
"49",4.47895791583166,-0.723867685648846,3.21643286573146,-0.0276192957966655,-0.223619295796665
"50",4.93987975951904,-0.602222456210114,3.21643286573146,-0.0276192957966655,-0.223619295796665
