"","x","yplot","target","ftrue","fwrong"
"1",-4.81963927855711,0.0399767255042492,0.490981963927855,-0.741392249131991,-0.545392249131991
"2",-4.35871743486974,0.25276638124305,0.490981963927855,-0.741392249131991,-0.545392249131991
"3",-3.71743486973948,0.317750133070042,0.490981963927855,-0.741392249131991,-0.545392249131991
"4",-2.5751503006012,0.0504964521544306,0.490981963927855,-0.741392249131991,-0.545392249131991
"5",-2.05410821643287,-0.0519420558737079,0.490981963927855,-0.741392249131991,-0.545392249131991
"6",-0.290581162324649,-0.862054915940272,0.490981963927855,-0.741392249131991,-0.545392249131991
"7",-0.270541082164329,-0.601082529709979,0.490981963927855,-0.741392249131991,-0.545392249131991
"8",-0.210420841683367,-0.772178325262277,0.490981963927855,-0.741392249131991,-0.545392249131991
"9",-0.190380761523047,-0.920558913779391,0.490981963927855,-0.741392249131991,-0.545392249131991
"10",-0.170340681362726,-0.694011629424447,0.490981963927855,-0.741392249131991,-0.545392249131991
"11",-0.130260521042084,-0.881881853474576,0.490981963927855,-0.741392249131991,-0.545392249131991
"12",-0.0901803607214431,-0.702288448078919,0.490981963927855,-0.741392249131991,-0.545392249131991
"13",-0.0701402805611222,-0.770934322173969,0.490981963927855,-0.741392249131991,-0.545392249131991
"14",0.0901803607214431,-0.701297225629562,0.490981963927855,-0.741392249131991,-0.545392249131991
"15",0.150300601202405,-0.728332539040493,0.490981963927855,-0.741392249131991,-0.545392249131991
"16",0.270541082164328,-0.704680641365315,0.490981963927855,-0.741392249131991,-0.545392249131991
"17",0.31062124248497,-0.771564243521742,0.490981963927855,-0.741392249131991,-0.545392249131991
"18",0.370741482965932,-0.648313994657995,0.490981963927855,-0.741392249131991,-0.545392249131991
"19",0.6312625250501,-0.559202968345404,0.490981963927855,-0.741392249131991,-0.545392249131991
"20",0.651302605210421,-0.696456201095108,0.490981963927855,-0.741392249131991,-0.545392249131991
"21",0.691382765531062,-0.585104754753631,0.490981963927855,-0.741392249131991,-0.545392249131991
"22",0.711422845691382,-0.775876100596785,0.490981963927855,-0.741392249131991,-0.545392249131991
"23",0.731462925851703,-0.964319681202665,0.490981963927855,-0.741392249131991,-0.545392249131991
"24",0.771543086172344,-0.661734659731123,0.490981963927855,-0.741392249131991,-0.545392249131991
"25",0.831663326653306,-0.751292108155546,0.490981963927855,-0.741392249131991,-0.545392249131991
"26",0.891783567134269,-0.636339049258426,0.490981963927855,-0.741392249131991,-0.545392249131991
"27",0.911823647294589,-0.767548190500883,0.490981963927855,-0.741392249131991,-0.545392249131991
"28",0.95190380761523,-0.608027204731956,0.490981963927855,-0.741392249131991,-0.545392249131991
"29",0.991983967935871,-0.69149764035052,0.490981963927855,-0.741392249131991,-0.545392249131991
"30",1.05210420841683,-0.657191751155256,0.490981963927855,-0.741392249131991,-0.545392249131991
"31",1.07214428857715,-0.702506385027744,0.490981963927855,-0.741392249131991,-0.545392249131991
"32",1.09218436873747,-0.402192254006357,0.490981963927855,-0.741392249131991,-0.545392249131991
"33",1.15230460921844,-0.579867055503443,0.490981963927855,-0.741392249131991,-0.545392249131991
"34",1.17234468937876,-0.635969880307226,0.490981963927855,-0.741392249131991,-0.545392249131991
"35",1.19238476953908,-0.524500360155034,0.490981963927855,-0.741392249131991,-0.545392249131991
"36",1.27254509018036,-0.725106665979705,0.490981963927855,-0.741392249131991,-0.545392249131991
"37",1.29258517034068,-0.529320937761756,0.490981963927855,-0.741392249131991,-0.545392249131991
"38",1.33266533066132,-0.678814283407491,0.490981963927855,-0.741392249131991,-0.545392249131991
"39",1.37274549098196,-0.267660477130237,0.490981963927855,-0.741392249131991,-0.545392249131991
"40",1.43286573146293,-0.493223215932108,0.490981963927855,-0.741392249131991,-0.545392249131991
"41",2.05410821643287,-0.443517523296997,0.490981963927855,-0.741392249131991,-0.545392249131991
"42",2.51503006012024,0.0464882998544666,0.490981963927855,-0.741392249131991,-0.545392249131991
"43",2.5751503006012,-0.0398926156100796,0.490981963927855,-0.741392249131991,-0.545392249131991
"44",2.81563126252505,0.250504235262858,0.490981963927855,-0.741392249131991,-0.545392249131991
"45",3.0561122244489,0.160343695299709,0.490981963927855,-0.741392249131991,-0.545392249131991
"46",3.41683366733467,0.332459341275623,0.490981963927855,-0.741392249131991,-0.545392249131991
"47",3.8376753507014,0.569686218203644,0.490981963927855,-0.741392249131991,-0.545392249131991
"48",4.29859719438878,0.725863546392203,0.490981963927855,-0.741392249131991,-0.545392249131991
"49",4.37875751503006,0.736923627047852,0.490981963927855,-0.741392249131991,-0.545392249131991
"50",4.39879759519038,0.610841450614167,0.490981963927855,-0.741392249131991,-0.545392249131991
