"","x","yplot","target","ftrue","fwrong"
"1",-4.97995991983968,-0.793959180289502,4.39879759519038,0.570019878045398,0.766019878045398
"2",-3.91783567134269,-0.521428103276709,4.39879759519038,0.570019878045398,0.766019878045398
"3",-3.51703406813627,-0.417774867524042,4.39879759519038,0.570019878045398,0.766019878045398
"4",-2.95591182364729,-0.3839260258935,4.39879759519038,0.570019878045398,0.766019878045398
"5",-2.5751503006012,-0.323524852458138,4.39879759519038,0.570019878045398,0.766019878045398
"6",-2.25450901803607,0.0970778993490245,4.39879759519038,0.570019878045398,0.766019878045398
"7",-2.21442885771543,-0.341570494067434,4.39879759519038,0.570019878045398,0.766019878045398
"8",-1.67334669338677,-0.00287685240930736,4.39879759519038,0.570019878045398,0.766019878045398
"9",-1.65330661322645,-0.0324677909966776,4.39879759519038,0.570019878045398,0.766019878045398
"10",-1.53306613226453,-0.0932768791746685,4.39879759519038,0.570019878045398,0.766019878045398
"11",-1.23246492985972,0.189551974677526,4.39879759519038,0.570019878045398,0.766019878045398
"12",-0.851703406813628,0.269208299573779,4.39879759519038,0.570019878045398,0.766019878045398
"13",-0.150300601202405,0.416650343782354,4.39879759519038,0.570019878045398,0.766019878045398
"14",-0.0300601202404813,0.522712626879501,4.39879759519038,0.570019878045398,0.766019878045398
"15",0.370741482965932,0.406586184812156,4.39879759519038,0.570019878045398,0.766019878045398
"16",0.430861723446894,0.646424803002806,4.39879759519038,0.570019878045398,0.766019878045398
"17",0.450901803607215,0.452223826274366,4.39879759519038,0.570019878045398,0.766019878045398
"18",0.551102204408817,0.460652509705122,4.39879759519038,0.570019878045398,0.766019878045398
"19",0.571142284569138,0.525005280993923,4.39879759519038,0.570019878045398,0.766019878045398
"20",0.6312625250501,0.390019315185777,4.39879759519038,0.570019878045398,0.766019878045398
"21",0.711422845691382,0.535784649682705,4.39879759519038,0.570019878045398,0.766019878045398
"22",0.811623246492986,0.703200262484978,4.39879759519038,0.570019878045398,0.766019878045398
"23",1.1122244488978,0.688532871626768,4.39879759519038,0.570019878045398,0.766019878045398
"24",1.15230460921844,0.71667865862146,4.39879759519038,0.570019878045398,0.766019878045398
"25",1.27254509018036,0.619233976639531,4.39879759519038,0.570019878045398,0.766019878045398
"26",1.43286573146293,0.690550521392839,4.39879759519038,0.570019878045398,0.766019878045398
"27",1.47294589178357,0.610438894696964,4.39879759519038,0.570019878045398,0.766019878045398
"28",1.7935871743487,0.596029768538939,4.39879759519038,0.570019878045398,0.766019878045398
"29",1.87374749498998,0.629556045812407,4.39879759519038,0.570019878045398,0.766019878045398
"30",2.11422845691383,0.586597094674122,4.39879759519038,0.570019878045398,0.766019878045398
"31",2.13426853707415,0.594847001518449,4.39879759519038,0.570019878045398,0.766019878045398
"32",2.33466933867735,0.740213373015522,4.39879759519038,0.570019878045398,0.766019878045398
"33",2.77555110220441,0.66782822296076,4.39879759519038,0.570019878045398,0.766019878045398
"34",2.79559118236473,0.657907389073905,4.39879759519038,0.570019878045398,0.766019878045398
"35",3.07615230460922,0.603215777857078,4.39879759519038,0.570019878045398,0.766019878045398
"36",3.55711422845691,0.571193365743236,4.39879759519038,0.570019878045398,0.766019878045398
"37",3.67735470941884,0.615454448155806,4.39879759519038,0.570019878045398,0.766019878045398
"38",3.71743486973948,0.692689001848937,4.39879759519038,0.570019878045398,0.766019878045398
"39",3.7374749498998,0.47398435879235,4.39879759519038,0.570019878045398,0.766019878045398
"40",3.77755511022044,0.475624587692869,4.39879759519038,0.570019878045398,0.766019878045398
"41",3.87775551102204,0.671120352522463,4.39879759519038,0.570019878045398,0.766019878045398
"42",4.03807615230461,0.676178708160175,4.39879759519038,0.570019878045398,0.766019878045398
"43",4.25851703406814,0.635984545416335,4.39879759519038,0.570019878045398,0.766019878045398
"44",4.61923847695391,0.574924472457287,4.39879759519038,0.570019878045398,0.766019878045398
"45",4.69939879759519,0.621735691116176,4.39879759519038,0.570019878045398,0.766019878045398
"46",4.73947895791583,0.522388782980262,4.39879759519038,0.570019878045398,0.766019878045398
"47",4.75951903807615,0.45803865823009,4.39879759519038,0.570019878045398,0.766019878045398
"48",4.81963927855711,0.600875442368665,4.39879759519038,0.570019878045398,0.766019878045398
"49",4.8997995991984,0.549941687202448,4.39879759519038,0.570019878045398,0.766019878045398
"50",4.95991983967936,0.639974493861812,4.39879759519038,0.570019878045398,0.766019878045398
