"","x","yplot","target","ftrue","fwrong"
"1",-4.15831663326653,-0.306682782830973,3.71743486973948,0.223513578062505,0.0275135780625046
"2",-2.93587174348697,-0.683421354808417,3.71743486973948,0.223513578062505,0.0275135780625046
"3",-2.09418837675351,-1.05463107031472,3.71743486973948,0.223513578062505,0.0275135780625046
"4",-0.871743486973948,-0.894631842224388,3.71743486973948,0.223513578062505,0.0275135780625046
"5",0.490981963927855,-0.7412207217492,3.71743486973948,0.223513578062505,0.0275135780625046
"6",1.29258517034068,-0.49872244091484,3.71743486973948,0.223513578062505,0.0275135780625046
"7",1.97394789579158,-0.267035812629467,3.71743486973948,0.223513578062505,0.0275135780625046
"8",2.91583166332665,0.101192470510425,3.71743486973948,0.223513578062505,0.0275135780625046
"9",3.09619238476954,0.11945526041586,3.71743486973948,0.223513578062505,0.0275135780625046
"10",3.55711422845691,0.217495847469518,3.71743486973948,0.223513578062505,0.0275135780625046
