"","x","yplot","target","ftrue","fwrong"
"1",-4.01803607214429,0.954273331021533,3.03607214428858,-0.396711288758422,-0.200711288758422
"2",-2.35470941883768,0.70892788041343,3.03607214428858,-0.396711288758422,-0.200711288758422
"3",-1.17234468937876,0.507788999685782,3.03607214428858,-0.396711288758422,-0.200711288758422
"4",-1.07214428857715,0.361191219291609,3.03607214428858,-0.396711288758422,-0.200711288758422
"5",-0.751503006012024,0.130253428324903,3.03607214428858,-0.396711288758422,-0.200711288758422
"6",-0.430861723446894,0.28643323589239,3.03607214428858,-0.396711288758422,-0.200711288758422
"7",2.05410821643287,-0.252957542594656,3.03607214428858,-0.396711288758422,-0.200711288758422
"8",2.51503006012024,-0.291856722529124,3.03607214428858,-0.396711288758422,-0.200711288758422
"9",2.61523046092184,-0.462837479693254,3.03607214428858,-0.396711288758422,-0.200711288758422
"10",2.81563126252505,-0.3394896274893,3.03607214428858,-0.396711288758422,-0.200711288758422
"11",2.93587174348697,-0.334905154539156,3.03607214428858,-0.396711288758422,-0.200711288758422
"12",2.99599198396794,-0.420991244997006,3.03607214428858,-0.396711288758422,-0.200711288758422
"13",3.17635270541082,-0.383973095939538,3.03607214428858,-0.396711288758422,-0.200711288758422
"14",3.21643286573146,-0.411723085962034,3.03607214428858,-0.396711288758422,-0.200711288758422
"15",3.59719438877755,-0.391592946757162,3.03607214428858,-0.396711288758422,-0.200711288758422
"16",3.71743486973948,-0.348245612175222,3.03607214428858,-0.396711288758422,-0.200711288758422
"17",3.8376753507014,-0.41779249070046,3.03607214428858,-0.396711288758422,-0.200711288758422
"18",3.87775551102204,-0.132516937289003,3.03607214428858,-0.396711288758422,-0.200711288758422
"19",3.91783567134268,-0.466573268702571,3.03607214428858,-0.396711288758422,-0.200711288758422
"20",4.01803607214429,-0.466517635939721,3.03607214428858,-0.396711288758422,-0.200711288758422
