"","x","yplot","target","ftrue","fwrong"
"1",-4.69939879759519,0.666468310136927,-3.99799599198397,0.288857244560794,0.484857244560794
"2",-3.87775551102204,0.265234465730711,-3.99799599198397,0.288857244560794,0.484857244560794
"3",-3.75751503006012,0.0982025568532535,-3.99799599198397,0.288857244560794,0.484857244560794
"4",-3.65731462925852,0.0698267696926292,-3.99799599198397,0.288857244560794,0.484857244560794
"5",-3.21643286573146,-0.0636598947410399,-3.99799599198397,0.288857244560794,0.484857244560794
"6",-3.0561122244489,-0.0166475265689503,-3.99799599198397,0.288857244560794,0.484857244560794
"7",-2.35470941883768,-0.0473380167203689,-3.99799599198397,0.288857244560794,0.484857244560794
"8",-2.13426853707415,-0.0246970163201572,-3.99799599198397,0.288857244560794,0.484857244560794
"9",-0.31062124248497,0.439187772749052,-3.99799599198397,0.288857244560794,0.484857244560794
"10",0.110220440881763,0.368462594753045,-3.99799599198397,0.288857244560794,0.484857244560794
"11",0.270541082164328,0.389906115838047,-3.99799599198397,0.288857244560794,0.484857244560794
"12",1.37274549098196,0.413943848874884,-3.99799599198397,0.288857244560794,0.484857244560794
"13",1.65330661322645,0.330911267978835,-3.99799599198397,0.288857244560794,0.484857244560794
"14",1.93386773547094,0.0438956021824239,-3.99799599198397,0.288857244560794,0.484857244560794
"15",2.33466933867735,-0.117887865219316,-3.99799599198397,0.288857244560794,0.484857244560794
"16",2.51503006012024,-0.480373807421631,-3.99799599198397,0.288857244560794,0.484857244560794
"17",3.0561122244489,-0.940781311654478,-3.99799599198397,0.288857244560794,0.484857244560794
"18",3.49699398797595,-0.967429878963049,-3.99799599198397,0.288857244560794,0.484857244560794
"19",3.81763527054108,-0.692885632497715,-3.99799599198397,0.288857244560794,0.484857244560794
"20",4.87975951903808,-0.0278075022531891,-3.99799599198397,0.288857244560794,0.484857244560794
