"","x","yplot","target","ftrue","fwrong"
"1",-4.95991983967936,-0.157070046740482,1.7935871743487,0.659490044827022,0.855490044827022
"2",-4.87975951903808,-0.096579749362214,1.7935871743487,0.659490044827022,0.855490044827022
"3",-4.39879759519038,-0.334755222738184,1.7935871743487,0.659490044827022,0.855490044827022
"4",-4.07815631262525,-0.638389315378126,1.7935871743487,0.659490044827022,0.855490044827022
"5",-3.53707414829659,-0.88560144035754,1.7935871743487,0.659490044827022,0.855490044827022
"6",-2.99599198396794,-0.761068520153999,1.7935871743487,0.659490044827022,0.855490044827022
"7",-2.95591182364729,-0.809820267526154,1.7935871743487,0.659490044827022,0.855490044827022
"8",-2.51503006012024,-0.894918012504452,1.7935871743487,0.659490044827022,0.855490044827022
"9",-2.27454909819639,-1.0500781473559,1.7935871743487,0.659490044827022,0.855490044827022
"10",-2.11422845691383,-0.857951233579055,1.7935871743487,0.659490044827022,0.855490044827022
"11",-1.91382765531062,-1.05971455011014,1.7935871743487,0.659490044827022,0.855490044827022
"12",-1.29258517034068,-0.906854461359971,1.7935871743487,0.659490044827022,0.855490044827022
"13",-1.23246492985972,-0.977825180844803,1.7935871743487,0.659490044827022,0.855490044827022
"14",-0.791583166332665,-0.909824846613859,1.7935871743487,0.659490044827022,0.855490044827022
"15",-0.450901803607215,-0.784830876690081,1.7935871743487,0.659490044827022,0.855490044827022
"16",-0.430861723446894,-0.685742608835006,1.7935871743487,0.659490044827022,0.855490044827022
"17",-0.370741482965932,-0.681992268667444,1.7935871743487,0.659490044827022,0.855490044827022
"18",-0.0701402805611222,-0.406952748059531,1.7935871743487,0.659490044827022,0.855490044827022
"19",0.410821643286573,-0.139132955621795,1.7935871743487,0.659490044827022,0.855490044827022
"20",0.651302605210421,-0.0214914464426958,1.7935871743487,0.659490044827022,0.855490044827022
"21",0.871743486973948,0.178734773718805,1.7935871743487,0.659490044827022,0.855490044827022
"22",1.07214428857715,0.225283724038251,1.7935871743487,0.659490044827022,0.855490044827022
"23",1.1122244488978,0.208198485070445,1.7935871743487,0.659490044827022,0.855490044827022
"24",1.25250501002004,0.489595190405513,1.7935871743487,0.659490044827022,0.855490044827022
"25",1.43286573146293,0.603466035934886,1.7935871743487,0.659490044827022,0.855490044827022
"26",1.45290581162325,0.605045369718892,1.7935871743487,0.659490044827022,0.855490044827022
"27",1.67334669338677,0.597032135172405,1.7935871743487,0.659490044827022,0.855490044827022
"28",1.73346693386774,0.542822921488283,1.7935871743487,0.659490044827022,0.855490044827022
"29",1.85370741482966,0.613901731660636,1.7935871743487,0.659490044827022,0.855490044827022
"30",2.09418837675351,0.857136377728975,1.7935871743487,0.659490044827022,0.855490044827022
"31",2.4749498997996,0.856349864323943,1.7935871743487,0.659490044827022,0.855490044827022
"32",2.53507014028056,0.764959366054456,1.7935871743487,0.659490044827022,0.855490044827022
"33",3.2565130260521,0.636969884824188,1.7935871743487,0.659490044827022,0.855490044827022
"34",3.45691382765531,0.670818659844701,1.7935871743487,0.659490044827022,0.855490044827022
"35",3.59719438877755,0.596942819778236,1.7935871743487,0.659490044827022,0.855490044827022
"36",3.85771543086172,0.693585241418105,1.7935871743487,0.659490044827022,0.855490044827022
"37",4.27855711422846,0.553943324667991,1.7935871743487,0.659490044827022,0.855490044827022
"38",4.35871743486974,0.590604879367663,1.7935871743487,0.659490044827022,0.855490044827022
"39",4.71943887775551,0.689473417420967,1.7935871743487,0.659490044827022,0.855490044827022
"40",4.8997995991984,0.784817602469668,1.7935871743487,0.659490044827022,0.855490044827022
