"","x","yplot","target","ftrue","fwrong"
"1",-5,-0.518254902254977,-4.05811623246493,-0.492325598186685,-0.688325598186685
"2",-4.97995991983968,-0.38748951097617,-4.05811623246493,-0.492325598186685,-0.688325598186685
"3",-4.77955911823647,-0.573261800868395,-4.05811623246493,-0.492325598186685,-0.688325598186685
"4",-4.59919839679359,-0.544004961595667,-4.05811623246493,-0.492325598186685,-0.688325598186685
"5",-4.51903807615231,-0.560266983550348,-4.05811623246493,-0.492325598186685,-0.688325598186685
"6",-4.47895791583166,-0.636566133841473,-4.05811623246493,-0.492325598186685,-0.688325598186685
"7",-4.45891783567134,-0.70382815437557,-4.05811623246493,-0.492325598186685,-0.688325598186685
"8",-4.39879759519038,-0.53186997402549,-4.05811623246493,-0.492325598186685,-0.688325598186685
"9",-4.09819639278557,-0.341135273656244,-4.05811623246493,-0.492325598186685,-0.688325598186685
"10",-4.05811623246493,-0.735740885207824,-4.05811623246493,-0.492325598186685,-0.688325598186685
"11",-3.93787575150301,-0.367379565732299,-4.05811623246493,-0.492325598186685,-0.688325598186685
"12",-3.85771543086172,-0.300172578547088,-4.05811623246493,-0.492325598186685,-0.688325598186685
"13",-3.81763527054108,-0.448131214018657,-4.05811623246493,-0.492325598186685,-0.688325598186685
"14",-3.79759519038076,-0.511888586066099,-4.05811623246493,-0.492325598186685,-0.688325598186685
"15",-3.61723446893788,-0.415509109448606,-4.05811623246493,-0.492325598186685,-0.688325598186685
"16",-3.49699398797595,-0.400897781797178,-4.05811623246493,-0.492325598186685,-0.688325598186685
"17",-3.41683366733467,-0.49858645761614,-4.05811623246493,-0.492325598186685,-0.688325598186685
"18",-3.39679358717435,-0.421533710000348,-4.05811623246493,-0.492325598186685,-0.688325598186685
"19",-3.33667334669339,-0.537002168982601,-4.05811623246493,-0.492325598186685,-0.688325598186685
"20",-3.23647294589178,-0.249901734560527,-4.05811623246493,-0.492325598186685,-0.688325598186685
"21",-3.11623246492986,-0.36587949732171,-4.05811623246493,-0.492325598186685,-0.688325598186685
"22",-2.95591182364729,-0.3945544861401,-4.05811623246493,-0.492325598186685,-0.688325598186685
"23",-1.63326653306613,-0.148360720169836,-4.05811623246493,-0.492325598186685,-0.688325598186685
"24",-0.711422845691383,-0.0820112300242985,-4.05811623246493,-0.492325598186685,-0.688325598186685
"25",-0.270541082164329,0.0444293172622772,-4.05811623246493,-0.492325598186685,-0.688325598186685
"26",0.370741482965932,0.152034802171721,-4.05811623246493,-0.492325598186685,-0.688325598186685
"27",0.390781563126252,0.0595634930191771,-4.05811623246493,-0.492325598186685,-0.688325598186685
"28",0.651302605210421,0.182347173271281,-4.05811623246493,-0.492325598186685,-0.688325598186685
"29",0.93186372745491,0.186808228016391,-4.05811623246493,-0.492325598186685,-0.688325598186685
"30",4.59919839679359,0.79830726185097,-4.05811623246493,-0.492325598186685,-0.688325598186685
