"","x","yplot","target","ftrue","fwrong"
"1",-4.95991983967936,0.874095806222407,-4.59919839679359,0.716958910002899,0.912958910002899
"2",-4.45891783567134,0.702237195224977,-4.59919839679359,0.716958910002899,0.912958910002899
"3",-4.29859719438878,0.618386316433721,-4.59919839679359,0.716958910002899,0.912958910002899
"4",-4.23847695390782,0.373640627130028,-4.59919839679359,0.716958910002899,0.912958910002899
"5",-3.97795591182365,0.288167198172337,-4.59919839679359,0.716958910002899,0.912958910002899
"6",-3.95791583166333,0.198591727300543,-4.59919839679359,0.716958910002899,0.912958910002899
"7",-3.89779559118236,0.412731499569107,-4.59919839679359,0.716958910002899,0.912958910002899
"8",-3.35671342685371,-0.111977811076207,-4.59919839679359,0.716958910002899,0.912958910002899
"9",0.511022044088176,-0.404138272319986,-4.59919839679359,0.716958910002899,0.912958910002899
"10",0.691382765531062,-0.502214672517808,-4.59919839679359,0.716958910002899,0.912958910002899
