"","x","yplot","target","ftrue","fwrong"
"1",-4.61923847695391,0.811778898078438,1.65330661322645,-0.434221135046251,-0.238221135046251
"2",-3.2565130260521,0.297893364702605,1.65330661322645,-0.434221135046251,-0.238221135046251
"3",-2.95591182364729,0.540713688337085,1.65330661322645,-0.434221135046251,-0.238221135046251
"4",-2.87575150300601,0.354244766466657,1.65330661322645,-0.434221135046251,-0.238221135046251
"5",-1.85370741482966,-0.0141230843517381,1.65330661322645,-0.434221135046251,-0.238221135046251
"6",0.791583166332665,-0.495208841741136,1.65330661322645,-0.434221135046251,-0.238221135046251
"7",1.37274549098196,-0.513633143214166,1.65330661322645,-0.434221135046251,-0.238221135046251
"8",2.59519038076152,-0.452687854509481,1.65330661322645,-0.434221135046251,-0.238221135046251
"9",3.39679358717435,-0.44829464315657,1.65330661322645,-0.434221135046251,-0.238221135046251
"10",3.87775551102204,-0.430406364946442,1.65330661322645,-0.434221135046251,-0.238221135046251
