"","x","yplot","target","ftrue","fwrong"
"1",-1.55310621242485,0.584461647421617,1.23246492985972,0.876812595092574,1.07281259509257
"2",-0.330661322645291,0.607738881784162,1.23246492985972,0.876812595092574,1.07281259509257
"3",0.350701402805611,0.855830868725184,1.23246492985972,0.876812595092574,1.07281259509257
"4",1.51302605210421,0.995876045412059,1.23246492985972,0.876812595092574,1.07281259509257
"5",1.69338677354709,0.901996210801759,1.23246492985972,0.876812595092574,1.07281259509257
"6",1.71342685370741,0.912990389622508,1.23246492985972,0.876812595092574,1.07281259509257
"7",1.77354709418838,1.00677720767717,1.23246492985972,0.876812595092574,1.07281259509257
"8",1.81362725450902,0.912151387600402,1.23246492985972,0.876812595092574,1.07281259509257
"9",1.95390781563126,0.624432687132001,1.23246492985972,0.876812595092574,1.07281259509257
"10",2.85571142284569,1.07165686561805,1.23246492985972,0.876812595092574,1.07281259509257
