"","x","yplot","target","ftrue","fwrong"
"1",-4.33867735470942,-0.0269065280325971,2.65531062124249,0.748455072744517,0.552455072744517
"2",-4.27855711422846,-0.130234203525775,2.65531062124249,0.748455072744517,0.552455072744517
"3",-4.2184368737475,0.00158746187077948,2.65531062124249,0.748455072744517,0.552455072744517
"4",-3.97795591182365,-0.103222312330813,2.65531062124249,0.748455072744517,0.552455072744517
"5",-3.93787575150301,-0.0282100678192585,2.65531062124249,0.748455072744517,0.552455072744517
"6",-3.61723446893788,-0.235494324179329,2.65531062124249,0.748455072744517,0.552455072744517
"7",-3.51703406813627,-0.170183658987004,2.65531062124249,0.748455072744517,0.552455072744517
"8",-3.43687374749499,-0.245982566863086,2.65531062124249,0.748455072744517,0.552455072744517
"9",-3.29659318637275,-0.253901317755686,2.65531062124249,0.748455072744517,0.552455072744517
"10",-3.09619238476954,-0.315475400402553,2.65531062124249,0.748455072744517,0.552455072744517
"11",-2.97595190380762,-0.180138210997967,2.65531062124249,0.748455072744517,0.552455072744517
"12",-2.89579158316633,-0.209105961826983,2.65531062124249,0.748455072744517,0.552455072744517
"13",-2.374749498998,-0.116610401379251,2.65531062124249,0.748455072744517,0.552455072744517
"14",-2.19438877755511,-0.0915671133076468,2.65531062124249,0.748455072744517,0.552455072744517
"15",-1.95390781563126,-0.149777250943305,2.65531062124249,0.748455072744517,0.552455072744517
"16",-1.65330661322645,-0.0769238648678789,2.65531062124249,0.748455072744517,0.552455072744517
"17",-1.23246492985972,0.253816657431142,2.65531062124249,0.748455072744517,0.552455072744517
"18",-1.09218436873748,0.235997576942099,2.65531062124249,0.748455072744517,0.552455072744517
"19",-0.991983967935872,0.359959279318942,2.65531062124249,0.748455072744517,0.552455072744517
"20",0.0701402805611222,0.624034334009757,2.65531062124249,0.748455072744517,0.552455072744517
"21",0.31062124248497,0.713343268111322,2.65531062124249,0.748455072744517,0.552455072744517
"22",0.490981963927855,0.50666572151806,2.65531062124249,0.748455072744517,0.552455072744517
"23",0.851703406813627,0.764947808640645,2.65531062124249,0.748455072744517,0.552455072744517
"24",1.13226452905812,1.07228364171101,2.65531062124249,0.748455072744517,0.552455072744517
"25",1.67334669338677,1.10280917004672,2.65531062124249,0.748455072744517,0.552455072744517
"26",2.03406813627254,0.818981530935464,2.65531062124249,0.748455072744517,0.552455072744517
"27",2.23446893787575,0.97629649536465,2.65531062124249,0.748455072744517,0.552455072744517
"28",2.35470941883768,0.811372036739088,2.65531062124249,0.748455072744517,0.552455072744517
"29",2.43486973947896,0.939688613130706,2.65531062124249,0.748455072744517,0.552455072744517
"30",2.59519038076152,0.86657230316886,2.65531062124249,0.748455072744517,0.552455072744517
"31",2.63527054108216,0.642215376113169,2.65531062124249,0.748455072744517,0.552455072744517
"32",2.65531062124249,0.81610301583184,2.65531062124249,0.748455072744517,0.552455072744517
"33",2.91583166332665,0.519884971557028,2.65531062124249,0.748455072744517,0.552455072744517
"34",3.29659318637274,0.410476409567702,2.65531062124249,0.748455072744517,0.552455072744517
"35",3.47695390781563,0.24802023657317,2.65531062124249,0.748455072744517,0.552455072744517
"36",3.55711422845691,-0.128994807220065,2.65531062124249,0.748455072744517,0.552455072744517
"37",3.67735470941884,-0.0640882493456444,2.65531062124249,0.748455072744517,0.552455072744517
"38",3.71743486973948,-0.12123835128207,2.65531062124249,0.748455072744517,0.552455072744517
"39",3.93787575150301,-0.138312560916743,2.65531062124249,0.748455072744517,0.552455072744517
"40",4.07815631262525,-0.324694909722094,2.65531062124249,0.748455072744517,0.552455072744517
