"","x","yplot","target","ftrue","fwrong"
"1",-5,-0.529381920241741,0.190380761523046,0.579589268103847,0.383589268103847
"2",-4.93987975951904,-0.527722613313864,0.190380761523046,0.579589268103847,0.383589268103847
"3",-4.79959919839679,-0.504459646618015,0.190380761523046,0.579589268103847,0.383589268103847
"4",-4.65931863727455,-0.386123283537635,0.190380761523046,0.579589268103847,0.383589268103847
"5",-4.53907815631263,-0.401970153425159,0.190380761523046,0.579589268103847,0.383589268103847
"6",-4.45891783567134,-0.414842260437691,0.190380761523046,0.579589268103847,0.383589268103847
"7",-4.37875751503006,-0.470172046531863,0.190380761523046,0.579589268103847,0.383589268103847
"8",-4.29859719438878,-0.47719131901356,0.190380761523046,0.579589268103847,0.383589268103847
"9",-3.33667334669339,-0.275523132286163,0.190380761523046,0.579589268103847,0.383589268103847
"10",-2.53507014028056,-0.275963763607088,0.190380761523046,0.579589268103847,0.383589268103847
"11",-2.15430861723447,0.0929455244472041,0.190380761523046,0.579589268103847,0.383589268103847
"12",-2.13426853707415,0.0129009026715438,0.190380761523046,0.579589268103847,0.383589268103847
"13",-2.09418837675351,-0.0425518239640017,0.190380761523046,0.579589268103847,0.383589268103847
"14",-1.9939879759519,0.150720376779457,0.190380761523046,0.579589268103847,0.383589268103847
"15",-1.77354709418838,0.027841013702056,0.190380761523046,0.579589268103847,0.383589268103847
"16",-0.871743486973948,0.549589707768748,0.190380761523046,0.579589268103847,0.383589268103847
"17",-0.771543086172345,0.267621038894906,0.190380761523046,0.579589268103847,0.383589268103847
"18",-0.751503006012024,0.26961848372816,0.190380761523046,0.579589268103847,0.383589268103847
"19",-0.651302605210421,0.41937294241363,0.190380761523046,0.579589268103847,0.383589268103847
"20",-0.450901803607215,0.474205439267577,0.190380761523046,0.579589268103847,0.383589268103847
"21",-0.250501002004008,0.414786103005248,0.190380761523046,0.579589268103847,0.383589268103847
"22",-0.210420841683367,0.500730720746099,0.190380761523046,0.579589268103847,0.383589268103847
"23",-0.190380761523047,0.61951317484243,0.190380761523046,0.579589268103847,0.383589268103847
"24",-0.130260521042084,0.603171936166469,0.190380761523046,0.579589268103847,0.383589268103847
"25",-0.0701402805611222,0.46238452004085,0.190380761523046,0.579589268103847,0.383589268103847
"26",-0.0501002004008022,0.495843089870711,0.190380761523046,0.579589268103847,0.383589268103847
"27",0.290581162324649,0.722910092027276,0.190380761523046,0.579589268103847,0.383589268103847
"28",0.490981963927855,0.548842165175739,0.190380761523046,0.579589268103847,0.383589268103847
"29",0.691382765531062,0.681257300830417,0.190380761523046,0.579589268103847,0.383589268103847
"30",0.911823647294589,0.707671826382744,0.190380761523046,0.579589268103847,0.383589268103847
"31",0.991983967935871,0.855584542311791,0.190380761523046,0.579589268103847,0.383589268103847
"32",1.93386773547094,0.80551766248793,0.190380761523046,0.579589268103847,0.383589268103847
"33",2.11422845691383,0.799129186346507,0.190380761523046,0.579589268103847,0.383589268103847
"34",2.29458917835671,0.919911674474588,0.190380761523046,0.579589268103847,0.383589268103847
"35",2.65531062124249,0.853486918811435,0.190380761523046,0.579589268103847,0.383589268103847
"36",3.17635270541082,0.735100661936575,0.190380761523046,0.579589268103847,0.383589268103847
"37",3.23647294589178,0.78388363816101,0.190380761523046,0.579589268103847,0.383589268103847
"38",3.31663326653307,0.822943807145215,0.190380761523046,0.579589268103847,0.383589268103847
"39",3.45691382765531,0.902579917473446,0.190380761523046,0.579589268103847,0.383589268103847
"40",3.55711422845691,0.824064892400204,0.190380761523046,0.579589268103847,0.383589268103847
"41",3.75751503006012,0.847383624174566,0.190380761523046,0.579589268103847,0.383589268103847
"42",4.03807615230461,0.810668228073135,0.190380761523046,0.579589268103847,0.383589268103847
"43",4.07815631262525,0.66404370142054,0.190380761523046,0.579589268103847,0.383589268103847
"44",4.11823647294589,0.72003349058521,0.190380761523046,0.579589268103847,0.383589268103847
"45",4.13827655310621,0.700336448921861,0.190380761523046,0.579589268103847,0.383589268103847
"46",4.25851703406814,0.812978862293002,0.190380761523046,0.579589268103847,0.383589268103847
"47",4.49899799599198,0.681852027268932,0.190380761523046,0.579589268103847,0.383589268103847
"48",4.75951903807615,0.618996782224324,0.190380761523046,0.579589268103847,0.383589268103847
"49",4.8997995991984,0.513875336681746,0.190380761523046,0.579589268103847,0.383589268103847
"50",4.93987975951904,0.707966191931185,0.190380761523046,0.579589268103847,0.383589268103847
