"","x","yplot","target","ftrue","fwrong"
"1",-4.85971943887776,-0.154338556925693,0.31062124248497,0.890790571554312,0.694790571554312
"2",-4.43887775551102,-0.199144459231101,0.31062124248497,0.890790571554312,0.694790571554312
"3",-3.81763527054108,0.023325208415588,0.31062124248497,0.890790571554312,0.694790571554312
"4",-2.25450901803607,0.39037391532578,0.31062124248497,0.890790571554312,0.694790571554312
"5",-0.95190380761523,0.726653787607276,0.31062124248497,0.890790571554312,0.694790571554312
"6",-0.551102204408818,0.772212185932194,0.31062124248497,0.890790571554312,0.694790571554312
"7",-0.230460921843687,0.890973088380128,0.31062124248497,0.890790571554312,0.694790571554312
"8",0.611222444889779,0.982134245862845,0.31062124248497,0.890790571554312,0.694790571554312
"9",0.651302605210421,0.924206270917056,0.31062124248497,0.890790571554312,0.694790571554312
"10",0.691382765531062,0.811459790886606,0.31062124248497,0.890790571554312,0.694790571554312
"11",1.29258517034068,0.808518632535443,0.31062124248497,0.890790571554312,0.694790571554312
"12",1.53306613226453,0.94054538361816,0.31062124248497,0.890790571554312,0.694790571554312
"13",2.01402805611222,0.959954628056282,0.31062124248497,0.890790571554312,0.694790571554312
"14",2.23446893787575,1.02866699819668,0.31062124248497,0.890790571554312,0.694790571554312
"15",2.49498997995992,0.878450243712829,0.31062124248497,0.890790571554312,0.694790571554312
"16",2.69539078156313,0.89440159386539,0.31062124248497,0.890790571554312,0.694790571554312
"17",3.19639278557114,0.709016687611978,0.31062124248497,0.890790571554312,0.694790571554312
"18",3.71743486973948,0.744237262633822,0.31062124248497,0.890790571554312,0.694790571554312
"19",4.21843687374749,0.768890832904211,0.31062124248497,0.890790571554312,0.694790571554312
"20",4.91983967935872,0.647539671930464,0.31062124248497,0.890790571554312,0.694790571554312
