"","x","yplot","target","ftrue","fwrong"
"1",-4.85971943887776,0.563854279646588,4.29859719438878,0.130248584677742,0.326248584677742
"2",-3.29659318637275,-0.0969470121615998,4.29859719438878,0.130248584677742,0.326248584677742
"3",-3.09619238476954,-0.313217993247441,4.29859719438878,0.130248584677742,0.326248584677742
"4",-3.0561122244489,-0.362214165919335,4.29859719438878,0.130248584677742,0.326248584677742
"5",-2.97595190380762,-0.248713733138432,4.29859719438878,0.130248584677742,0.326248584677742
"6",-2.67535070140281,-0.4932610619831,4.29859719438878,0.130248584677742,0.326248584677742
"7",-2.59519038076152,-0.679422464915352,4.29859719438878,0.130248584677742,0.326248584677742
"8",-2.5751503006012,-0.611946969691053,4.29859719438878,0.130248584677742,0.326248584677742
"9",-2.53507014028056,-0.497615069745974,4.29859719438878,0.130248584677742,0.326248584677742
"10",-1.8937875751503,-1.02174822223252,4.29859719438878,0.130248584677742,0.326248584677742
"11",-1.85370741482966,-0.85196430066938,4.29859719438878,0.130248584677742,0.326248584677742
"12",-1.7935871743487,-0.804052991569802,4.29859719438878,0.130248584677742,0.326248584677742
"13",-1.1122244488978,-0.947156182999225,4.29859719438878,0.130248584677742,0.326248584677742
"14",-0.791583166332665,-0.625850898428325,4.29859719438878,0.130248584677742,0.326248584677742
"15",-0.751503006012024,-0.701496861977046,4.29859719438878,0.130248584677742,0.326248584677742
"16",-0.591182364729459,-0.265913799353163,4.29859719438878,0.130248584677742,0.326248584677742
"17",-0.470941883767535,-0.501534992493058,4.29859719438878,0.130248584677742,0.326248584677742
"18",-0.430861723446894,-0.391504358599877,4.29859719438878,0.130248584677742,0.326248584677742
"19",-0.110220440881764,-0.106018667196915,4.29859719438878,0.130248584677742,0.326248584677742
"20",0.350701402805611,0.277066549818661,4.29859719438878,0.130248584677742,0.326248584677742
"21",0.871743486973948,0.520615510862029,4.29859719438878,0.130248584677742,0.326248584677742
"22",1.01202404809619,0.527851832601052,4.29859719438878,0.130248584677742,0.326248584677742
"23",1.07214428857715,0.78489915154284,4.29859719438878,0.130248584677742,0.326248584677742
"24",1.09218436873747,0.869091055964865,4.29859719438878,0.130248584677742,0.326248584677742
"25",1.2124248496994,0.848879110653097,4.29859719438878,0.130248584677742,0.326248584677742
"26",1.27254509018036,1.06907017720832,4.29859719438878,0.130248584677742,0.326248584677742
"27",1.33266533066132,0.853248018739647,4.29859719438878,0.130248584677742,0.326248584677742
"28",1.39278557114228,0.946774391234608,4.29859719438878,0.130248584677742,0.326248584677742
"29",1.49298597194389,0.888834102975289,4.29859719438878,0.130248584677742,0.326248584677742
"30",1.67334669338677,0.770496632230088,4.29859719438878,0.130248584677742,0.326248584677742
"31",2.43486973947896,0.408410261804476,4.29859719438878,0.130248584677742,0.326248584677742
"32",2.51503006012024,0.677039606914413,4.29859719438878,0.130248584677742,0.326248584677742
"33",2.69539078156313,0.331317058094752,4.29859719438878,0.130248584677742,0.326248584677742
"34",2.91583166332665,0.480944507502343,4.29859719438878,0.130248584677742,0.326248584677742
"35",3.17635270541082,0.186469794720143,4.29859719438878,0.130248584677742,0.326248584677742
"36",3.43687374749499,0.232289977758889,4.29859719438878,0.130248584677742,0.326248584677742
"37",3.53707414829659,0.206076707728018,4.29859719438878,0.130248584677742,0.326248584677742
"38",3.79759519038076,0.34705600174785,4.29859719438878,0.130248584677742,0.326248584677742
"39",3.87775551102204,0.233354942660996,4.29859719438878,0.130248584677742,0.326248584677742
"40",3.89779559118236,0.0783771424336313,4.29859719438878,0.130248584677742,0.326248584677742
"41",3.93787575150301,0.219646314688017,4.29859719438878,0.130248584677742,0.326248584677742
"42",4.03807615230461,0.0665897583091165,4.29859719438878,0.130248584677742,0.326248584677742
"43",4.05811623246493,0.119869401009601,4.29859719438878,0.130248584677742,0.326248584677742
"44",4.17835671342685,0.222972257780514,4.29859719438878,0.130248584677742,0.326248584677742
"45",4.3186372745491,0.18672842928749,4.29859719438878,0.130248584677742,0.326248584677742
"46",4.33867735470942,0.192720909605183,4.29859719438878,0.130248584677742,0.326248584677742
"47",4.49899799599198,0.141629694290269,4.29859719438878,0.130248584677742,0.326248584677742
"48",4.8997995991984,0.032885032352828,4.29859719438878,0.130248584677742,0.326248584677742
"49",4.95991983967936,-0.0182007180555756,4.29859719438878,0.130248584677742,0.326248584677742
"50",4.97995991983968,-0.0169326320080875,4.29859719438878,0.130248584677742,0.326248584677742
