"","x","yplot","target","ftrue","fwrong"
"1",-4.47895791583166,-0.788371428207063,3.45691382765531,0.548578371128502,0.352578371128502
"2",-3.29659318637275,-0.663837841641471,3.45691382765531,0.548578371128502,0.352578371128502
"3",-0.731462925851703,-0.0907662068453613,3.45691382765531,0.548578371128502,0.352578371128502
"4",0.350701402805611,0.19858441995721,3.45691382765531,0.548578371128502,0.352578371128502
"5",0.991983967935871,0.175381605871241,3.45691382765531,0.548578371128502,0.352578371128502
"6",2.07414829659319,0.4781960629884,3.45691382765531,0.548578371128502,0.352578371128502
"7",2.49498997995992,0.414395794326443,3.45691382765531,0.548578371128502,0.352578371128502
"8",2.53507014028056,0.448680769244216,3.45691382765531,0.548578371128502,0.352578371128502
"9",2.55511022044088,0.354045480971081,3.45691382765531,0.548578371128502,0.352578371128502
"10",2.67535070140281,0.531664645857435,3.45691382765531,0.548578371128502,0.352578371128502
"11",2.83567134268537,0.621571228745705,3.45691382765531,0.548578371128502,0.352578371128502
"12",2.91583166332665,0.499595473530508,3.45691382765531,0.548578371128502,0.352578371128502
"13",2.97595190380761,0.401011061352506,3.45691382765531,0.548578371128502,0.352578371128502
"14",3.39679358717435,0.45732173152111,3.45691382765531,0.548578371128502,0.352578371128502
"15",3.6372745490982,0.62079096005137,3.45691382765531,0.548578371128502,0.352578371128502
"16",3.81763527054108,0.765792061471126,3.45691382765531,0.548578371128502,0.352578371128502
"17",3.85771543086172,0.705756330507068,3.45691382765531,0.548578371128502,0.352578371128502
"18",4.03807615230461,0.852887341864323,3.45691382765531,0.548578371128502,0.352578371128502
"19",4.21843687374749,0.691596636388992,3.45691382765531,0.548578371128502,0.352578371128502
"20",4.43887775551102,0.727269446859494,3.45691382765531,0.548578371128502,0.352578371128502
