"","x","yplot","target","ftrue","fwrong"
"1",-4.27855711422846,-0.00833414866101739,1.93386773547094,-0.604975271150258,-0.800975271150258
"2",-0.0901803607214431,-0.671813998379935,1.93386773547094,-0.604975271150258,-0.800975271150258
"3",0.711422845691382,-0.790984267365741,1.93386773547094,-0.604975271150258,-0.800975271150258
"4",1.65330661322645,-0.8194994426376,1.93386773547094,-0.604975271150258,-0.800975271150258
"5",1.75350701402806,-0.637855407515925,1.93386773547094,-0.604975271150258,-0.800975271150258
"6",1.7935871743487,-0.637065773069519,1.93386773547094,-0.604975271150258,-0.800975271150258
"7",2.15430861723447,-0.452799622601097,1.93386773547094,-0.604975271150258,-0.800975271150258
"8",2.29458917835671,-0.407656302029628,1.93386773547094,-0.604975271150258,-0.800975271150258
"9",2.71543086172345,-0.200754229505443,1.93386773547094,-0.604975271150258,-0.800975271150258
"10",2.77555110220441,-0.306924599670634,1.93386773547094,-0.604975271150258,-0.800975271150258
