"","x","yplot","target","ftrue","fwrong"
"1",-4.93987975951904,0.574090499307759,-4.87975951903808,0.589008711895065,0.785008711895065
"2",-4.83967935871743,0.664853406117252,-4.87975951903808,0.589008711895065,0.785008711895065
"3",-4.75951903807615,0.643149457739991,-4.87975951903808,0.589008711895065,0.785008711895065
"4",-4.73947895791583,0.701507323994867,-4.87975951903808,0.589008711895065,0.785008711895065
"5",-4.59919839679359,0.305424550933932,-4.87975951903808,0.589008711895065,0.785008711895065
"6",-4.03807615230461,0.257441571387226,-4.87975951903808,0.589008711895065,0.785008711895065
"7",-3.37675350701403,0.388515707634978,-4.87975951903808,0.589008711895065,0.785008711895065
"8",-2.93587174348697,0.240078181014581,-4.87975951903808,0.589008711895065,0.785008711895065
"9",-0.490981963927856,0.31762887750485,-4.87975951903808,0.589008711895065,0.785008711895065
"10",0.250501002004007,0.159056809125273,-4.87975951903808,0.589008711895065,0.785008711895065
"11",0.350701402805611,0.112728756042893,-4.87975951903808,0.589008711895065,0.785008711895065
"12",0.470941883767535,0.197940279455963,-4.87975951903808,0.589008711895065,0.785008711895065
"13",0.571142284569138,0.121030430840183,-4.87975951903808,0.589008711895065,0.785008711895065
"14",1.07214428857715,-0.0926967101678962,-4.87975951903808,0.589008711895065,0.785008711895065
"15",1.27254509018036,-0.280387490561538,-4.87975951903808,0.589008711895065,0.785008711895065
"16",2.01402805611222,-0.468961964754669,-4.87975951903808,0.589008711895065,0.785008711895065
"17",2.03406813627254,-0.477565244102623,-4.87975951903808,0.589008711895065,0.785008711895065
"18",2.13426853707415,-0.764146522622813,-4.87975951903808,0.589008711895065,0.785008711895065
"19",2.69539078156313,-0.804267460464393,-4.87975951903808,0.589008711895065,0.785008711895065
"20",4.29859719438878,-0.378836227243188,-4.87975951903808,0.589008711895065,0.785008711895065
