"","x","yplot","target","ftrue","fwrong"
"1",-4.97995991983968,-0.877222888541596,-4.23847695390782,-0.666340645975891,-0.470340645975891
"2",-4.93987975951904,-0.850317303122575,-4.23847695390782,-0.666340645975891,-0.470340645975891
"3",-4.8997995991984,-0.685711749936585,-4.23847695390782,-0.666340645975891,-0.470340645975891
"4",-4.87975951903808,-0.711626071774905,-4.23847695390782,-0.666340645975891,-0.470340645975891
"5",-4.81963927855711,-0.736428502826016,-4.23847695390782,-0.666340645975891,-0.470340645975891
"6",-4.75951903807615,-0.582182648866869,-4.23847695390782,-0.666340645975891,-0.470340645975891
"7",-4.69939879759519,-0.806002732921285,-4.23847695390782,-0.666340645975891,-0.470340645975891
"8",-4.61923847695391,-0.932652474326409,-4.23847695390782,-0.666340645975891,-0.470340645975891
"9",-4.59919839679359,-0.720369300720251,-4.23847695390782,-0.666340645975891,-0.470340645975891
"10",-4.57915831663327,-0.806243624295821,-4.23847695390782,-0.666340645975891,-0.470340645975891
"11",-4.55911823647295,-0.886390755317667,-4.23847695390782,-0.666340645975891,-0.470340645975891
"12",-4.45891783567134,-0.588196201816527,-4.23847695390782,-0.666340645975891,-0.470340645975891
"13",-4.43887775551102,-0.817863999710088,-4.23847695390782,-0.666340645975891,-0.470340645975891
"14",-4.39879759519038,-0.406450042457762,-4.23847695390782,-0.666340645975891,-0.470340645975891
"15",-4.35871743486974,-0.736030170524521,-4.23847695390782,-0.666340645975891,-0.470340645975891
"16",-4.3186372745491,-0.801187447650068,-4.23847695390782,-0.666340645975891,-0.470340645975891
"17",-4.25851703406814,-0.850635726836863,-4.23847695390782,-0.666340645975891,-0.470340645975891
"18",-4.23847695390782,-0.771553805336451,-4.23847695390782,-0.666340645975891,-0.470340645975891
"19",-4.2184368737475,-0.751892553936025,-4.23847695390782,-0.666340645975891,-0.470340645975891
"20",-4.15831663326653,-0.368974044175049,-4.23847695390782,-0.666340645975891,-0.470340645975891
"21",-4.11823647294589,-0.448028518836584,-4.23847695390782,-0.666340645975891,-0.470340645975891
"22",-4.07815631262525,-0.514373729689703,-4.23847695390782,-0.666340645975891,-0.470340645975891
"23",-4.03807615230461,-0.575245791211583,-4.23847695390782,-0.666340645975891,-0.470340645975891
"24",-3.99799599198397,-0.535591911660601,-4.23847695390782,-0.666340645975891,-0.470340645975891
"25",-3.79759519038076,-0.638958856973807,-4.23847695390782,-0.666340645975891,-0.470340645975891
"26",-3.77755511022044,-0.54553771163673,-4.23847695390782,-0.666340645975891,-0.470340645975891
"27",-3.69739478957916,-0.578641117052593,-4.23847695390782,-0.666340645975891,-0.470340645975891
"28",-3.59719438877756,-0.455019416497887,-4.23847695390782,-0.666340645975891,-0.470340645975891
"29",-3.51703406813627,-0.428648642910218,-4.23847695390782,-0.666340645975891,-0.470340645975891
"30",-3.49699398797595,-0.406615676343068,-4.23847695390782,-0.666340645975891,-0.470340645975891
"31",-3.45691382765531,-0.459384118254808,-4.23847695390782,-0.666340645975891,-0.470340645975891
"32",-3.41683366733467,-0.54413869694259,-4.23847695390782,-0.666340645975891,-0.470340645975891
"33",-3.33667334669339,-0.35303428457533,-4.23847695390782,-0.666340645975891,-0.470340645975891
"34",-3.31663326653307,-0.322473146625059,-4.23847695390782,-0.666340645975891,-0.470340645975891
"35",-3.27655310621242,-0.497986271780818,-4.23847695390782,-0.666340645975891,-0.470340645975891
"36",-3.23647294589178,-0.484639806004083,-4.23847695390782,-0.666340645975891,-0.470340645975891
"37",-3.09619238476954,-0.350171199329214,-4.23847695390782,-0.666340645975891,-0.470340645975891
"38",-3.07615230460922,-0.417418498565287,-4.23847695390782,-0.666340645975891,-0.470340645975891
"39",-2.49498997995992,-0.220070411567091,-4.23847695390782,-0.666340645975891,-0.470340645975891
"40",-1.71342685370742,0.00359588894940096,-4.23847695390782,-0.666340645975891,-0.470340645975891
"41",-1.53306613226453,-0.0608892730410088,-4.23847695390782,-0.666340645975891,-0.470340645975891
"42",0.290581162324649,0.481467066065811,-4.23847695390782,-0.666340645975891,-0.470340645975891
"43",0.831663326653306,0.398718190726901,-4.23847695390782,-0.666340645975891,-0.470340645975891
"44",0.911823647294589,0.707861888773694,-4.23847695390782,-0.666340645975891,-0.470340645975891
"45",1.19238476953908,0.521326623975938,-4.23847695390782,-0.666340645975891,-0.470340645975891
"46",2.17434869739479,0.466252553653737,-4.23847695390782,-0.666340645975891,-0.470340645975891
"47",2.4749498997996,0.725988792488941,-4.23847695390782,-0.666340645975891,-0.470340645975891
"48",3.59719438877755,0.400323991460213,-4.23847695390782,-0.666340645975891,-0.470340645975891
"49",3.93787575150301,0.27618122772897,-4.23847695390782,-0.666340645975891,-0.470340645975891
"50",3.99799599198397,0.338460390098975,-4.23847695390782,-0.666340645975891,-0.470340645975891
