"","x","yplot","target","ftrue","fwrong"
"1",-4.79959919839679,-0.122195862064061,-0.370741482965932,0.721159261445152,0.917159261445152
"2",-4.43887775551102,-0.176321873196327,-0.370741482965932,0.721159261445152,0.917159261445152
"3",-4.35871743486974,-0.224231261444455,-0.370741482965932,0.721159261445152,0.917159261445152
"4",-3.07615230460922,-0.431673532806932,-0.370741482965932,0.721159261445152,0.917159261445152
"5",-2.83567134268537,-0.501080260020916,-0.370741482965932,0.721159261445152,0.917159261445152
"6",-2.69539078156313,-0.50391592999511,-0.370741482965932,0.721159261445152,0.917159261445152
"7",-2.19438877755511,-0.457604997560493,-0.370741482965932,0.721159261445152,0.917159261445152
"8",-1.33266533066132,0.218742834990166,-0.370741482965932,0.721159261445152,0.917159261445152
"9",-1.27254509018036,0.393278206750365,-0.370741482965932,0.721159261445152,0.917159261445152
"10",-1.19238476953908,0.0812181999565061,-0.370741482965932,0.721159261445152,0.917159261445152
"11",-1.07214428857715,0.485244228625813,-0.370741482965932,0.721159261445152,0.917159261445152
"12",-0.891783567134269,0.370969986410664,-0.370741482965932,0.721159261445152,0.917159261445152
"13",-0.871743486973948,0.753250450323419,-0.370741482965932,0.721159261445152,0.917159261445152
"14",-0.831663326653307,0.606361806865051,-0.370741482965932,0.721159261445152,0.917159261445152
"15",-0.791583166332665,0.559112524787307,-0.370741482965932,0.721159261445152,0.917159261445152
"16",-0.731462925851703,0.526676181303125,-0.370741482965932,0.721159261445152,0.917159261445152
"17",-0.711422845691383,0.585319861759929,-0.370741482965932,0.721159261445152,0.917159261445152
"18",-0.61122244488978,0.738335212074768,-0.370741482965932,0.721159261445152,0.917159261445152
"19",-0.571142284569138,0.616859941668208,-0.370741482965932,0.721159261445152,0.917159261445152
"20",-0.551102204408818,0.707868735468544,-0.370741482965932,0.721159261445152,0.917159261445152
"21",-0.410821643286574,0.498120804723771,-0.370741482965932,0.721159261445152,0.917159261445152
"22",-0.390781563126253,0.674574263705316,-0.370741482965932,0.721159261445152,0.917159261445152
"23",-0.330661322645291,0.856738485800091,-0.370741482965932,0.721159261445152,0.917159261445152
"24",-0.290581162324649,0.756449409579557,-0.370741482965932,0.721159261445152,0.917159261445152
"25",-0.190380761523047,0.732386810705085,-0.370741482965932,0.721159261445152,0.917159261445152
"26",-0.150300601202405,0.760575013938011,-0.370741482965932,0.721159261445152,0.917159261445152
"27",-0.0300601202404813,0.672301972568241,-0.370741482965932,0.721159261445152,0.917159261445152
"28",0.130260521042084,0.724543565530747,-0.370741482965932,0.721159261445152,0.917159261445152
"29",0.190380761523046,0.804165002793797,-0.370741482965932,0.721159261445152,0.917159261445152
"30",0.210420841683367,0.751455540460162,-0.370741482965932,0.721159261445152,0.917159261445152
"31",0.31062124248497,0.880577605289661,-0.370741482965932,0.721159261445152,0.917159261445152
"32",0.410821643286573,0.695417841041098,-0.370741482965932,0.721159261445152,0.917159261445152
"33",0.511022044088176,0.732625504736627,-0.370741482965932,0.721159261445152,0.917159261445152
"34",0.551102204408817,0.744632099169868,-0.370741482965932,0.721159261445152,0.917159261445152
"35",0.611222444889779,0.57472088913012,-0.370741482965932,0.721159261445152,0.917159261445152
"36",1.75350701402806,0.135245292482189,-0.370741482965932,0.721159261445152,0.917159261445152
"37",2.374749498998,0.0415974628599646,-0.370741482965932,0.721159261445152,0.917159261445152
"38",2.5751503006012,0.0139748214969005,-0.370741482965932,0.721159261445152,0.917159261445152
"39",2.85571142284569,0.0329750045451087,-0.370741482965932,0.721159261445152,0.917159261445152
"40",3.29659318637274,0.152921138550357,-0.370741482965932,0.721159261445152,0.917159261445152
