"","x","yplot","target","ftrue","fwrong"
"1",-4.95991983967936,0.450938219050817,-0.791583166332665,0.882483410858416,1.07848341085842
"2",-3.47695390781563,0.643990821808837,-0.791583166332665,0.882483410858416,1.07848341085842
"3",-0.110220440881764,0.77832928035901,-0.791583166332665,0.882483410858416,1.07848341085842
"4",0.0701402805611222,0.95731652924415,-0.791583166332665,0.882483410858416,1.07848341085842
"5",0.190380761523046,0.761504250098958,-0.791583166332665,0.882483410858416,1.07848341085842
"6",0.370741482965932,0.756970573081565,-0.791583166332665,0.882483410858416,1.07848341085842
"7",0.771543086172344,0.555994198352234,-0.791583166332665,0.882483410858416,1.07848341085842
"8",2.97595190380761,0.136815565721106,-0.791583166332665,0.882483410858416,1.07848341085842
"9",3.23647294589178,0.150850764577823,-0.791583166332665,0.882483410858416,1.07848341085842
"10",3.31663326653307,0.128022132941204,-0.791583166332665,0.882483410858416,1.07848341085842
