"","x","yplot","target","ftrue","fwrong"
"1",-4.95991983967936,-0.67908335346771,4.83967935871743,0.922174549181994,0.726174549181994
"2",-4.59919839679359,-0.705553204856182,4.83967935871743,0.922174549181994,0.726174549181994
"3",-4.51903807615231,-0.381544027963889,4.83967935871743,0.922174549181994,0.726174549181994
"4",-4.45891783567134,-0.679827883503198,4.83967935871743,0.922174549181994,0.726174549181994
"5",-3.6372745490982,-0.514033662293116,4.83967935871743,0.922174549181994,0.726174549181994
"6",-3.29659318637275,-0.533415618975219,4.83967935871743,0.922174549181994,0.726174549181994
"7",-2.67535070140281,-0.0979471075337139,4.83967935871743,0.922174549181994,0.726174549181994
"8",-2.55511022044088,-0.000184070652484464,4.83967935871743,0.922174549181994,0.726174549181994
"9",-1.65330661322645,-0.00923564163878265,4.83967935871743,0.922174549181994,0.726174549181994
"10",-1.45290581162325,0.485317880244369,4.83967935871743,0.922174549181994,0.726174549181994
"11",-1.35270541082164,0.200111123252655,4.83967935871743,0.922174549181994,0.726174549181994
"12",-0.971943887775551,0.60290141060862,4.83967935871743,0.922174549181994,0.726174549181994
"13",-0.851703406813628,0.514295399689999,4.83967935871743,0.922174549181994,0.726174549181994
"14",-0.330661322645291,0.708971345653138,4.83967935871743,0.922174549181994,0.726174549181994
"15",0.651302605210421,0.679960932640226,4.83967935871743,0.922174549181994,0.726174549181994
"16",1.35270541082164,0.766344931770858,4.83967935871743,0.922174549181994,0.726174549181994
"17",1.49298597194389,0.707971844365419,4.83967935871743,0.922174549181994,0.726174549181994
"18",1.59318637274549,0.705768703942841,4.83967935871743,0.922174549181994,0.726174549181994
"19",2.13426853707415,0.545706488408727,4.83967935871743,0.922174549181994,0.726174549181994
"20",2.51503006012024,0.431680567025759,4.83967935871743,0.922174549181994,0.726174549181994
"21",3.61723446893788,0.456402900059638,4.83967935871743,0.922174549181994,0.726174549181994
"22",3.97795591182365,0.586939074669446,4.83967935871743,0.922174549181994,0.726174549181994
"23",4.13827655310621,0.646213009497921,4.83967935871743,0.922174549181994,0.726174549181994
"24",4.17835671342685,0.51175208465465,4.83967935871743,0.922174549181994,0.726174549181994
"25",4.19839679358717,0.633550301325828,4.83967935871743,0.922174549181994,0.726174549181994
"26",4.21843687374749,0.680237885835443,4.83967935871743,0.922174549181994,0.726174549181994
"27",4.49899799599198,0.634799361837161,4.83967935871743,0.922174549181994,0.726174549181994
"28",4.55911823647295,0.808642448311408,4.83967935871743,0.922174549181994,0.726174549181994
"29",4.81963927855711,0.825973588839703,4.83967935871743,0.922174549181994,0.726174549181994
"30",4.97995991983968,0.95976119492712,4.83967935871743,0.922174549181994,0.726174549181994
