"","x","yplot","target","ftrue","fwrong"
"1",-5,-0.0577539290746003,-2.4749498997996,-0.385521420373835,-0.581521420373835
"2",-4.47895791583166,-0.162846187072694,-2.4749498997996,-0.385521420373835,-0.581521420373835
"3",-4.2184368737475,-0.161521525351612,-2.4749498997996,-0.385521420373835,-0.581521420373835
"4",-3.61723446893788,-0.319324863918471,-2.4749498997996,-0.385521420373835,-0.581521420373835
"5",-3.49699398797595,-0.36303509535634,-2.4749498997996,-0.385521420373835,-0.581521420373835
"6",-3.45691382765531,-0.407828727939755,-2.4749498997996,-0.385521420373835,-0.581521420373835
"7",-2.63527054108216,-0.370687035095714,-2.4749498997996,-0.385521420373835,-0.581521420373835
"8",-2.53507014028056,-0.642158675073444,-2.4749498997996,-0.385521420373835,-0.581521420373835
"9",-2.374749498998,-0.266485087153972,-2.4749498997996,-0.385521420373835,-0.581521420373835
"10",-2.01402805611222,-0.306494497088535,-2.4749498997996,-0.385521420373835,-0.581521420373835
"11",-1.8937875751503,-0.154681088259099,-2.4749498997996,-0.385521420373835,-0.581521420373835
"12",-0.871743486973948,-0.139046764153181,-2.4749498997996,-0.385521420373835,-0.581521420373835
"13",-0.631262525050101,-0.0805358446227021,-2.4749498997996,-0.385521420373835,-0.581521420373835
"14",0.250501002004007,-0.155094834862674,-2.4749498997996,-0.385521420373835,-0.581521420373835
"15",0.751503006012024,-0.585277543724869,-2.4749498997996,-0.385521420373835,-0.581521420373835
"16",1.03206412825651,-0.475304763852163,-2.4749498997996,-0.385521420373835,-0.581521420373835
"17",1.27254509018036,-0.688819589213354,-2.4749498997996,-0.385521420373835,-0.581521420373835
"18",1.95390781563126,-0.429073726496973,-2.4749498997996,-0.385521420373835,-0.581521420373835
"19",3.97795591182365,0.736831041903619,-2.4749498997996,-0.385521420373835,-0.581521420373835
"20",4.97995991983968,0.774101685373964,-2.4749498997996,-0.385521420373835,-0.581521420373835
