"","x","yplot","target","ftrue","fwrong"
"1",-4.85971943887776,-0.778144934236678,-1.95390781563126,-0.651219295554895,-0.455219295554895
"2",-4.29859719438878,-0.663058936654673,-1.95390781563126,-0.651219295554895,-0.455219295554895
"3",-3.55711422845691,-0.998833186254069,-1.95390781563126,-0.651219295554895,-0.455219295554895
"4",-3.51703406813627,-0.881101077094304,-1.95390781563126,-0.651219295554895,-0.455219295554895
"5",-2.95591182364729,-1.03071376690421,-1.95390781563126,-0.651219295554895,-0.455219295554895
"6",-2.77555110220441,-0.727415357011618,-1.95390781563126,-0.651219295554895,-0.455219295554895
"7",-2.55511022044088,-0.902027662278127,-1.95390781563126,-0.651219295554895,-0.455219295554895
"8",-2.45490981963928,-0.713251178101224,-1.95390781563126,-0.651219295554895,-0.455219295554895
"9",-2.05410821643287,-0.662190624138401,-1.95390781563126,-0.651219295554895,-0.455219295554895
"10",-1.9939879759519,-0.717250170728027,-1.95390781563126,-0.651219295554895,-0.455219295554895
"11",-1.83366733466934,-0.585234878957554,-1.95390781563126,-0.651219295554895,-0.455219295554895
"12",-1.77354709418838,-0.724436551781599,-1.95390781563126,-0.651219295554895,-0.455219295554895
"13",-1.67334669338677,-0.511625875991246,-1.95390781563126,-0.651219295554895,-0.455219295554895
"14",-1.13226452905812,-0.637390507550538,-1.95390781563126,-0.651219295554895,-0.455219295554895
"15",-0.430861723446894,-0.0149743963399006,-1.95390781563126,-0.651219295554895,-0.455219295554895
"16",-0.370741482965932,-0.456710112613603,-1.95390781563126,-0.651219295554895,-0.455219295554895
"17",-0.0501002004008022,-0.143070321032115,-1.95390781563126,-0.651219295554895,-0.455219295554895
"18",0.31062124248497,-0.0744498373463466,-1.95390781563126,-0.651219295554895,-0.455219295554895
"19",0.450901803607215,-0.131728488389267,-1.95390781563126,-0.651219295554895,-0.455219295554895
"20",0.871743486973948,0.0290583681343847,-1.95390781563126,-0.651219295554895,-0.455219295554895
"21",1.39278557114228,0.216653289246261,-1.95390781563126,-0.651219295554895,-0.455219295554895
"22",2.45490981963928,0.434800129083698,-1.95390781563126,-0.651219295554895,-0.455219295554895
"23",3.2565130260521,0.572368489328403,-1.95390781563126,-0.651219295554895,-0.455219295554895
"24",3.65731462925852,0.859068561215856,-1.95390781563126,-0.651219295554895,-0.455219295554895
"25",3.71743486973948,0.592438497821128,-1.95390781563126,-0.651219295554895,-0.455219295554895
"26",3.81763527054108,0.67883806809116,-1.95390781563126,-0.651219295554895,-0.455219295554895
"27",4.03807615230461,0.680819045853764,-1.95390781563126,-0.651219295554895,-0.455219295554895
"28",4.55911823647295,0.655755199141674,-1.95390781563126,-0.651219295554895,-0.455219295554895
"29",4.65931863727455,0.567639279057225,-1.95390781563126,-0.651219295554895,-0.455219295554895
"30",4.8997995991984,0.910369583398461,-1.95390781563126,-0.651219295554895,-0.455219295554895
