"","x","yplot","target","ftrue","fwrong"
"1",-4.29859719438878,0.147270557585945,-2.59519038076152,-0.309125874117585,-0.505125874117585
"2",-3.95791583166333,-0.171792650300885,-2.59519038076152,-0.309125874117585,-0.505125874117585
"3",-3.57715430861723,-0.163685998506915,-2.59519038076152,-0.309125874117585,-0.505125874117585
"4",-3.53707414829659,-0.150823875456206,-2.59519038076152,-0.309125874117585,-0.505125874117585
"5",-3.51703406813627,-0.0745614968733361,-2.59519038076152,-0.309125874117585,-0.505125874117585
"6",-3.47695390781563,0.0212942208451103,-2.59519038076152,-0.309125874117585,-0.505125874117585
"7",-3.41683366733467,-0.291441857642335,-2.59519038076152,-0.309125874117585,-0.505125874117585
"8",-3.37675350701403,-0.133190934187885,-2.59519038076152,-0.309125874117585,-0.505125874117585
"9",-3.31663326653307,-0.124176392046405,-2.59519038076152,-0.309125874117585,-0.505125874117585
"10",-3.21643286573146,-0.0906727881255199,-2.59519038076152,-0.309125874117585,-0.505125874117585
"11",-3.19639278557114,-0.235595668216123,-2.59519038076152,-0.309125874117585,-0.505125874117585
"12",-3.17635270541082,-0.195597921914901,-2.59519038076152,-0.309125874117585,-0.505125874117585
"13",-3.13627254509018,-0.262582893011722,-2.59519038076152,-0.309125874117585,-0.505125874117585
"14",-3.11623246492986,-0.244166642037133,-2.59519038076152,-0.309125874117585,-0.505125874117585
"15",-3.09619238476954,-0.263576444040495,-2.59519038076152,-0.309125874117585,-0.505125874117585
"16",-3.0561122244489,-0.208444292127875,-2.59519038076152,-0.309125874117585,-0.505125874117585
"17",-2.95591182364729,-0.130216442647726,-2.59519038076152,-0.309125874117585,-0.505125874117585
"18",-2.79559118236473,-0.219515999820149,-2.59519038076152,-0.309125874117585,-0.505125874117585
"19",-2.77555110220441,-0.241619164646998,-2.59519038076152,-0.309125874117585,-0.505125874117585
"20",-2.75551102204409,-0.462633647570855,-2.59519038076152,-0.309125874117585,-0.505125874117585
"21",-2.73547094188377,-0.345242787388367,-2.59519038076152,-0.309125874117585,-0.505125874117585
"22",-2.71543086172345,-0.16949923537721,-2.59519038076152,-0.309125874117585,-0.505125874117585
"23",-2.69539078156313,-0.390642195877139,-2.59519038076152,-0.309125874117585,-0.505125874117585
"24",-2.67535070140281,-0.299945434169645,-2.59519038076152,-0.309125874117585,-0.505125874117585
"25",-2.65531062124249,-0.237903748321918,-2.59519038076152,-0.309125874117585,-0.505125874117585
"26",-2.63527054108216,-0.233639348219285,-2.59519038076152,-0.309125874117585,-0.505125874117585
"27",-2.61523046092184,-0.21008957421626,-2.59519038076152,-0.309125874117585,-0.505125874117585
"28",-2.5751503006012,-0.306798104576647,-2.59519038076152,-0.309125874117585,-0.505125874117585
"29",-2.45490981963928,-0.290510694240836,-2.59519038076152,-0.309125874117585,-0.505125874117585
"30",-2.35470941883768,-0.380217539760745,-2.59519038076152,-0.309125874117585,-0.505125874117585
"31",-2.15430861723447,-0.471950291510603,-2.59519038076152,-0.309125874117585,-0.505125874117585
"32",-2.13426853707415,-0.347240660487665,-2.59519038076152,-0.309125874117585,-0.505125874117585
"33",-2.11422845691383,-0.421080205691487,-2.59519038076152,-0.309125874117585,-0.505125874117585
"34",-2.01402805611222,-0.567648476543705,-2.59519038076152,-0.309125874117585,-0.505125874117585
"35",-1.93386773547094,-0.407406974868797,-2.59519038076152,-0.309125874117585,-0.505125874117585
"36",-1.85370741482966,-0.380598842455639,-2.59519038076152,-0.309125874117585,-0.505125874117585
"37",-1.69338677354709,-0.344228602263127,-2.59519038076152,-0.309125874117585,-0.505125874117585
"38",-1.39278557114228,-0.510045550213912,-2.59519038076152,-0.309125874117585,-0.505125874117585
"39",-0.210420841683367,-0.639426382512996,-2.59519038076152,-0.309125874117585,-0.505125874117585
"40",0.430861723446894,-0.334617194370025,-2.59519038076152,-0.309125874117585,-0.505125874117585
"41",0.711422845691382,-0.353180295083274,-2.59519038076152,-0.309125874117585,-0.505125874117585
"42",0.851703406813627,-0.163183646033665,-2.59519038076152,-0.309125874117585,-0.505125874117585
"43",0.871743486973948,-0.281668279688845,-2.59519038076152,-0.309125874117585,-0.505125874117585
"44",0.93186372745491,-0.214874414160931,-2.59519038076152,-0.309125874117585,-0.505125874117585
"45",1.45290581162325,0.0711597118846489,-2.59519038076152,-0.309125874117585,-0.505125874117585
"46",1.69338677354709,0.0511825142396525,-2.59519038076152,-0.309125874117585,-0.505125874117585
"47",1.81362725450902,-0.0194368827566088,-2.59519038076152,-0.309125874117585,-0.505125874117585
"48",2.49498997995992,0.0467241034583727,-2.59519038076152,-0.309125874117585,-0.505125874117585
"49",3.37675350701403,0.377335800441346,-2.59519038076152,-0.309125874117585,-0.505125874117585
"50",4.37875751503006,0.729643758924773,-2.59519038076152,-0.309125874117585,-0.505125874117585
