"","x","yplot","target","ftrue","fwrong"
"1",-4.8997995991984,0.560984085838043,-0.791583166332665,0.319052830189045,0.515052830189045
"2",-4.35871743486974,0.75843821286284,-0.791583166332665,0.319052830189045,0.515052830189045
"3",-4.07815631262525,0.768485182630373,-0.791583166332665,0.319052830189045,0.515052830189045
"4",-4.05811623246493,0.676718083592258,-0.791583166332665,0.319052830189045,0.515052830189045
"5",-3.6372745490982,0.805772025721854,-0.791583166332665,0.319052830189045,0.515052830189045
"6",-3.55711422845691,0.783698807173066,-0.791583166332665,0.319052830189045,0.515052830189045
"7",-2.93587174348697,0.972302801391251,-0.791583166332665,0.319052830189045,0.515052830189045
"8",-2.79559118236473,0.820234249275341,-0.791583166332665,0.319052830189045,0.515052830189045
"9",-2.55511022044088,0.950521321513185,-0.791583166332665,0.319052830189045,0.515052830189045
"10",-2.33466933867735,0.876212045829318,-0.791583166332665,0.319052830189045,0.515052830189045
"11",-1.95390781563126,0.91741440514076,-0.791583166332665,0.319052830189045,0.515052830189045
"12",-1.77354709418838,0.801905182781881,-0.791583166332665,0.319052830189045,0.515052830189045
"13",-1.69338677354709,0.596754020336887,-0.791583166332665,0.319052830189045,0.515052830189045
"14",-1.13226452905812,0.464540312073333,-0.791583166332665,0.319052830189045,0.515052830189045
"15",-1.03206412825651,0.382155531508415,-0.791583166332665,0.319052830189045,0.515052830189045
"16",-0.991983967935872,0.229925459896795,-0.791583166332665,0.319052830189045,0.515052830189045
"17",-0.791583166332665,0.403935296606703,-0.791583166332665,0.319052830189045,0.515052830189045
"18",-0.61122244488978,0.38920843379228,-0.791583166332665,0.319052830189045,0.515052830189045
"19",-0.190380761523047,0.0228918020992998,-0.791583166332665,0.319052830189045,0.515052830189045
"20",-0.170340681362726,0.141636029944182,-0.791583166332665,0.319052830189045,0.515052830189045
"21",-0.0701402805611222,0.242043374679702,-0.791583166332665,0.319052830189045,0.515052830189045
"22",-0.0300601202404813,0.247535428721614,-0.791583166332665,0.319052830189045,0.515052830189045
"23",0.130260521042084,0.0591268596128017,-0.791583166332665,0.319052830189045,0.515052830189045
"24",0.210420841683367,0.0915608848139808,-0.791583166332665,0.319052830189045,0.515052830189045
"25",0.270541082164328,0.130362396266315,-0.791583166332665,0.319052830189045,0.515052830189045
"26",0.430861723446894,0.044082769947494,-0.791583166332665,0.319052830189045,0.515052830189045
"27",0.490981963927855,0.15157870399588,-0.791583166332665,0.319052830189045,0.515052830189045
"28",0.591182364729459,0.0803792319953264,-0.791583166332665,0.319052830189045,0.515052830189045
"29",0.671342685370742,0.039011847843831,-0.791583166332665,0.319052830189045,0.515052830189045
"30",0.731462925851703,0.0523208906986331,-0.791583166332665,0.319052830189045,0.515052830189045
"31",0.811623246492986,0.197799452112566,-0.791583166332665,0.319052830189045,0.515052830189045
"32",0.831663326653306,0.200198615665353,-0.791583166332665,0.319052830189045,0.515052830189045
"33",1.87374749498998,0.080072354428983,-0.791583166332665,0.319052830189045,0.515052830189045
"34",1.95390781563126,0.254504356565624,-0.791583166332665,0.319052830189045,0.515052830189045
"35",2.91583166332665,0.0672095123543254,-0.791583166332665,0.319052830189045,0.515052830189045
"36",3.21643286573146,-0.195087246977227,-0.791583166332665,0.319052830189045,0.515052830189045
"37",3.33667334669339,-0.0805844825758345,-0.791583166332665,0.319052830189045,0.515052830189045
"38",3.43687374749499,-0.148319331008741,-0.791583166332665,0.319052830189045,0.515052830189045
"39",4.53907815631263,-0.17442765691931,-0.791583166332665,0.319052830189045,0.515052830189045
"40",4.55911823647295,-0.322260647339326,-0.791583166332665,0.319052830189045,0.515052830189045
