"","x","yplot","target","ftrue","fwrong"
"1",-4.49899799599198,-0.886504079611762,1.07214428857715,-0.0441440678498588,0.151855932150141
"2",-4.17835671342685,-0.780961582735003,1.07214428857715,-0.0441440678498588,0.151855932150141
"3",-3.07615230460922,-0.166533398391355,1.07214428857715,-0.0441440678498588,0.151855932150141
"4",-3.0561122244489,-0.331903460534451,1.07214428857715,-0.0441440678498588,0.151855932150141
"5",-2.43486973947896,0.229349918863964,1.07214428857715,-0.0441440678498588,0.151855932150141
"6",-1.69338677354709,0.531682683588337,1.07214428857715,-0.0441440678498588,0.151855932150141
"7",-0.851703406813628,0.403189829322751,1.07214428857715,-0.0441440678498588,0.151855932150141
"8",0.95190380761523,0.0357218079606434,1.07214428857715,-0.0441440678498588,0.151855932150141
"9",1.09218436873747,-0.00308102343623474,1.07214428857715,-0.0441440678498588,0.151855932150141
"10",1.17234468937876,0.0319795026379303,1.07214428857715,-0.0441440678498588,0.151855932150141
"11",1.29258517034068,-0.125996254955304,1.07214428857715,-0.0441440678498588,0.151855932150141
"12",1.67334669338677,0.129638192153271,1.07214428857715,-0.0441440678498588,0.151855932150141
"13",1.93386773547094,0.188072317622171,1.07214428857715,-0.0441440678498588,0.151855932150141
"14",2.27454909819639,0.353460552391644,1.07214428857715,-0.0441440678498588,0.151855932150141
"15",2.75551102204409,0.381080392760689,1.07214428857715,-0.0441440678498588,0.151855932150141
"16",2.91583166332665,0.456826811761898,1.07214428857715,-0.0441440678498588,0.151855932150141
"17",3.0561122244489,0.553544436754413,1.07214428857715,-0.0441440678498588,0.151855932150141
"18",3.77755511022044,0.325275331229428,1.07214428857715,-0.0441440678498588,0.151855932150141
"19",4.07815631262525,0.273247970422764,1.07214428857715,-0.0441440678498588,0.151855932150141
"20",4.67935871743487,0.136200555346636,1.07214428857715,-0.0441440678498588,0.151855932150141
