"","x","yplot","target","ftrue","fwrong"
"1",-4.27855711422846,0.347332541877188,-0.871743486973948,0.484851941268532,0.680851941268532
"2",-3.8376753507014,0.0107960208988642,-0.871743486973948,0.484851941268532,0.680851941268532
"3",-3.19639278557114,0.36540804705586,-0.871743486973948,0.484851941268532,0.680851941268532
"4",-2.81563126252505,0.312609348922348,-0.871743486973948,0.484851941268532,0.680851941268532
"5",-2.67535070140281,0.539625329924724,-0.871743486973948,0.484851941268532,0.680851941268532
"6",-1.73346693386774,0.646488892854461,-0.871743486973948,0.484851941268532,0.680851941268532
"7",-1.43286573146293,0.777617978519447,-0.871743486973948,0.484851941268532,0.680851941268532
"8",-1.01202404809619,0.479200772457374,-0.871743486973948,0.484851941268532,0.680851941268532
"9",-0.771543086172345,0.446356009249027,-0.871743486973948,0.484851941268532,0.680851941268532
"10",-0.330661322645291,0.146885485259013,-0.871743486973948,0.484851941268532,0.680851941268532
"11",-0.230460921843687,0.170718673014509,-0.871743486973948,0.484851941268532,0.680851941268532
"12",0.190380761523046,-0.130943635122866,-0.871743486973948,0.484851941268532,0.680851941268532
"13",0.95190380761523,0.0803321724222257,-0.871743486973948,0.484851941268532,0.680851941268532
"14",1.19238476953908,0.112367490182636,-0.871743486973948,0.484851941268532,0.680851941268532
"15",1.51302605210421,0.0577736068202387,-0.871743486973948,0.484851941268532,0.680851941268532
"16",1.71342685370741,0.280273840153107,-0.871743486973948,0.484851941268532,0.680851941268532
"17",1.97394789579158,0.38813296045481,-0.871743486973948,0.484851941268532,0.680851941268532
"18",3.29659318637274,0.609006674722719,-0.871743486973948,0.484851941268532,0.680851941268532
"19",3.8376753507014,0.430767794775228,-0.871743486973948,0.484851941268532,0.680851941268532
"20",4.73947895791583,-0.043143404515743,-0.871743486973948,0.484851941268532,0.680851941268532
