"","x","yplot","target","ftrue","fwrong"
"1",-4.85971943887776,0.428165563398643,-3.67735470941884,0.0579948335225577,0.253994833522558
"2",-4.67935871743487,0.577658088191019,-3.67735470941884,0.0579948335225577,0.253994833522558
"3",-4.63927855711423,0.701547033425599,-3.67735470941884,0.0579948335225577,0.253994833522558
"4",-4.35871743486974,0.318328071580225,-3.67735470941884,0.0579948335225577,0.253994833522558
"5",-4.25851703406814,0.279264886810653,-3.67735470941884,0.0579948335225577,0.253994833522558
"6",-4.03807615230461,0.167996100705102,-3.67735470941884,0.0579948335225577,0.253994833522558
"7",-3.97795591182365,0.11890991336821,-3.67735470941884,0.0579948335225577,0.253994833522558
"8",-3.81763527054108,0.154332514773787,-3.67735470941884,0.0579948335225577,0.253994833522558
"9",-3.57715430861723,-0.0648285620761697,-3.67735470941884,0.0579948335225577,0.253994833522558
"10",-3.35671342685371,-0.0122017846855432,-3.67735470941884,0.0579948335225577,0.253994833522558
"11",-3.33667334669339,0.012679366133704,-3.67735470941884,0.0579948335225577,0.253994833522558
"12",-3.29659318637275,-0.201172996536638,-3.67735470941884,0.0579948335225577,0.253994833522558
"13",-2.97595190380762,-0.0294246740551912,-3.67735470941884,0.0579948335225577,0.253994833522558
"14",-2.79559118236473,-0.0335820211704132,-3.67735470941884,0.0579948335225577,0.253994833522558
"15",-2.75551102204409,-0.0754290497595532,-3.67735470941884,0.0579948335225577,0.253994833522558
"16",-2.73547094188377,0.0675332117539739,-3.67735470941884,0.0579948335225577,0.253994833522558
"17",-2.71543086172345,0.167546078557676,-3.67735470941884,0.0579948335225577,0.253994833522558
"18",-2.67535070140281,0.0785125831141164,-3.67735470941884,0.0579948335225577,0.253994833522558
"19",-2.61523046092184,0.236280550645433,-3.67735470941884,0.0579948335225577,0.253994833522558
"20",-2.59519038076152,-0.110985479146009,-3.67735470941884,0.0579948335225577,0.253994833522558
"21",-1.97394789579158,0.434940835013557,-3.67735470941884,0.0579948335225577,0.253994833522558
"22",-1.95390781563126,0.324786378842213,-3.67735470941884,0.0579948335225577,0.253994833522558
"23",-0.891783567134269,0.857108266511411,-3.67735470941884,0.0579948335225577,0.253994833522558
"24",-0.771543086172345,0.991189483137299,-3.67735470941884,0.0579948335225577,0.253994833522558
"25",-0.390781563126253,1.0865792906855,-3.67735470941884,0.0579948335225577,0.253994833522558
"26",-0.150300601202405,1.09005040667074,-3.67735470941884,0.0579948335225577,0.253994833522558
"27",0.230460921843687,1.00517861764402,-3.67735470941884,0.0579948335225577,0.253994833522558
"28",0.751503006012024,0.684473365312568,-3.67735470941884,0.0579948335225577,0.253994833522558
"29",0.791583166332665,0.860892202980459,-3.67735470941884,0.0579948335225577,0.253994833522558
"30",1.07214428857715,0.645764089548673,-3.67735470941884,0.0579948335225577,0.253994833522558
"31",1.19238476953908,0.364556229986532,-3.67735470941884,0.0579948335225577,0.253994833522558
"32",1.49298597194389,0.482204800307579,-3.67735470941884,0.0579948335225577,0.253994833522558
"33",1.83366733466934,0.237694399768714,-3.67735470941884,0.0579948335225577,0.253994833522558
"34",1.8937875751503,0.0904361302518321,-3.67735470941884,0.0579948335225577,0.253994833522558
"35",1.93386773547094,0.24662721277804,-3.67735470941884,0.0579948335225577,0.253994833522558
"36",2.35470941883768,0.102619735650925,-3.67735470941884,0.0579948335225577,0.253994833522558
"37",2.59519038076152,0.00073762226316651,-3.67735470941884,0.0579948335225577,0.253994833522558
"38",2.69539078156313,0.0688900252351298,-3.67735470941884,0.0579948335225577,0.253994833522558
"39",2.83567134268537,-0.163496469411003,-3.67735470941884,0.0579948335225577,0.253994833522558
"40",3.17635270541082,-0.156067302565819,-3.67735470941884,0.0579948335225577,0.253994833522558
"41",3.43687374749499,-0.0869253666263909,-3.67735470941884,0.0579948335225577,0.253994833522558
"42",3.99799599198397,-0.143228841187538,-3.67735470941884,0.0579948335225577,0.253994833522558
"43",4.21843687374749,-0.152402175681796,-3.67735470941884,0.0579948335225577,0.253994833522558
"44",4.65931863727455,-0.412734736951744,-3.67735470941884,0.0579948335225577,0.253994833522558
"45",4.69939879759519,-0.5773135252721,-3.67735470941884,0.0579948335225577,0.253994833522558
"46",4.75951903807615,-0.591976318066665,-3.67735470941884,0.0579948335225577,0.253994833522558
"47",4.79959919839679,-0.536275702351642,-3.67735470941884,0.0579948335225577,0.253994833522558
"48",4.85971943887776,-0.671838796315712,-3.67735470941884,0.0579948335225577,0.253994833522558
"49",4.8997995991984,-0.542033212539662,-3.67735470941884,0.0579948335225577,0.253994833522558
"50",4.97995991983968,-0.633360214612646,-3.67735470941884,0.0579948335225577,0.253994833522558
