"","x","yplot","target","ftrue","fwrong"
"1",-4.97995991983968,0.877210335682052,-4.01803607214429,0.294794410243168,0.0987944102431681
"2",-4.95991983967936,0.751252171084292,-4.01803607214429,0.294794410243168,0.0987944102431681
"3",-4.91983967935872,0.817551964742983,-4.01803607214429,0.294794410243168,0.0987944102431681
"4",-4.65931863727455,0.563098795301612,-4.01803607214429,0.294794410243168,0.0987944102431681
"5",-4.63927855711423,0.875976412096012,-4.01803607214429,0.294794410243168,0.0987944102431681
"6",-4.55911823647295,0.409553211487682,-4.01803607214429,0.294794410243168,0.0987944102431681
"7",-4.39879759519038,0.582523944546903,-4.01803607214429,0.294794410243168,0.0987944102431681
"8",-4.37875751503006,0.510010195008057,-4.01803607214429,0.294794410243168,0.0987944102431681
"9",-4.33867735470942,0.601305541576892,-4.01803607214429,0.294794410243168,0.0987944102431681
"10",-4.3186372745491,0.564081819646823,-4.01803607214429,0.294794410243168,0.0987944102431681
"11",-4.23847695390782,0.22203779203541,-4.01803607214429,0.294794410243168,0.0987944102431681
"12",-4.2184368737475,0.528253800453021,-4.01803607214429,0.294794410243168,0.0987944102431681
"13",-4.19839679358717,0.464719219796879,-4.01803607214429,0.294794410243168,0.0987944102431681
"14",-4.13827655310621,0.265961328509315,-4.01803607214429,0.294794410243168,0.0987944102431681
"15",-4.09819639278557,0.359374064882138,-4.01803607214429,0.294794410243168,0.0987944102431681
"16",-4.07815631262525,0.422816186178641,-4.01803607214429,0.294794410243168,0.0987944102431681
"17",-3.97795591182365,0.321937049008871,-4.01803607214429,0.294794410243168,0.0987944102431681
"18",-3.93787575150301,0.207027017134853,-4.01803607214429,0.294794410243168,0.0987944102431681
"19",-3.91783567134269,0.0965975084779643,-4.01803607214429,0.294794410243168,0.0987944102431681
"20",-3.8376753507014,0.263556794259603,-4.01803607214429,0.294794410243168,0.0987944102431681
"21",-3.65731462925852,-0.0323298630608769,-4.01803607214429,0.294794410243168,0.0987944102431681
"22",-3.6372745490982,-0.0403910543250516,-4.01803607214429,0.294794410243168,0.0987944102431681
"23",-3.61723446893788,-0.158257757026743,-4.01803607214429,0.294794410243168,0.0987944102431681
"24",-3.57715430861723,-0.152963354776183,-4.01803607214429,0.294794410243168,0.0987944102431681
"25",-3.53707414829659,0.0138030188172745,-4.01803607214429,0.294794410243168,0.0987944102431681
"26",-3.33667334669339,-0.0996567350425716,-4.01803607214429,0.294794410243168,0.0987944102431681
"27",-3.1563126252505,-0.198192340134912,-4.01803607214429,0.294794410243168,0.0987944102431681
"28",-3.03607214428858,-0.28275663909686,-4.01803607214429,0.294794410243168,0.0987944102431681
"29",-2.69539078156313,-0.365611610080813,-4.01803607214429,0.294794410243168,0.0987944102431681
"30",-1.7935871743487,-0.356926830162963,-4.01803607214429,0.294794410243168,0.0987944102431681
"31",-1.51302605210421,-0.469537781810254,-4.01803607214429,0.294794410243168,0.0987944102431681
"32",-1.09218436873748,-0.44227759057533,-4.01803607214429,0.294794410243168,0.0987944102431681
"33",-0.230460921843687,-0.366072771999608,-4.01803607214429,0.294794410243168,0.0987944102431681
"34",-0.210420841683367,-0.288423515919054,-4.01803607214429,0.294794410243168,0.0987944102431681
"35",0.490981963927855,-0.393163200424381,-4.01803607214429,0.294794410243168,0.0987944102431681
"36",2.61523046092184,0.173598818140199,-4.01803607214429,0.294794410243168,0.0987944102431681
"37",3.61723446893788,0.425746160043281,-4.01803607214429,0.294794410243168,0.0987944102431681
"38",4.33867735470942,0.374664019204705,-4.01803607214429,0.294794410243168,0.0987944102431681
"39",4.45891783567134,0.011875157117479,-4.01803607214429,0.294794410243168,0.0987944102431681
"40",4.79959919839679,0.140386966162247,-4.01803607214429,0.294794410243168,0.0987944102431681
