"","x","yplot","target","ftrue","fwrong"
"1",-4.83967935871743,-0.643501231714113,4.75951903807615,0.760366282857542,0.564366282857542
"2",-4.2184368737475,-0.725223434913079,4.75951903807615,0.760366282857542,0.564366282857542
"3",-3.71743486973948,-0.698702068161683,4.75951903807615,0.760366282857542,0.564366282857542
"4",-3.43687374749499,-0.981447671336092,4.75951903807615,0.760366282857542,0.564366282857542
"5",-3.09619238476954,-0.670738829192066,4.75951903807615,0.760366282857542,0.564366282857542
"6",-2.65531062124249,-0.636679032449159,4.75951903807615,0.760366282857542,0.564366282857542
"7",-2.374749498998,-0.624444409878711,4.75951903807615,0.760366282857542,0.564366282857542
"8",-1.41282565130261,-0.86338089767972,4.75951903807615,0.760366282857542,0.564366282857542
"9",-0.871743486973948,-0.586155942898603,4.75951903807615,0.760366282857542,0.564366282857542
"10",-0.210420841683367,-0.652119064639852,4.75951903807615,0.760366282857542,0.564366282857542
"11",0.0701402805611222,-0.480406228234539,4.75951903807615,0.760366282857542,0.564366282857542
"12",0.270541082164328,-0.471959442721695,4.75951903807615,0.760366282857542,0.564366282857542
"13",0.390781563126252,-0.455978590050794,4.75951903807615,0.760366282857542,0.564366282857542
"14",0.450901803607215,-0.36017453756526,4.75951903807615,0.760366282857542,0.564366282857542
"15",1.07214428857715,-0.355116564323248,4.75951903807615,0.760366282857542,0.564366282857542
"16",1.49298597194389,-0.337050436288155,4.75951903807615,0.760366282857542,0.564366282857542
"17",1.85370741482966,-0.0238642371420565,4.75951903807615,0.760366282857542,0.564366282857542
"18",1.8937875751503,-0.131173516854817,4.75951903807615,0.760366282857542,0.564366282857542
"19",2.27454909819639,-0.0884392979072521,4.75951903807615,0.760366282857542,0.564366282857542
"20",2.33466933867735,-0.100501716679039,4.75951903807615,0.760366282857542,0.564366282857542
"21",2.79559118236473,0.242475228828912,4.75951903807615,0.760366282857542,0.564366282857542
"22",3.99799599198397,0.463877847226311,4.75951903807615,0.760366282857542,0.564366282857542
"23",4.05811623246493,0.530560955142435,4.75951903807615,0.760366282857542,0.564366282857542
"24",4.09819639278557,0.571305535764706,4.75951903807615,0.760366282857542,0.564366282857542
"25",4.11823647294589,0.686536112241919,4.75951903807615,0.760366282857542,0.564366282857542
"26",4.13827655310621,0.465030125771973,4.75951903807615,0.760366282857542,0.564366282857542
"27",4.21843687374749,0.674975318766833,4.75951903807615,0.760366282857542,0.564366282857542
"28",4.55911823647295,0.895156570744145,4.75951903807615,0.760366282857542,0.564366282857542
"29",4.79959919839679,0.855378009537687,4.75951903807615,0.760366282857542,0.564366282857542
"30",4.95991983967936,0.816967305230209,4.75951903807615,0.760366282857542,0.564366282857542
