"","x","yplot","target","ftrue","fwrong"
"1",-4.91983967935872,-0.577059668276805,2.59519038076152,0.345182049960107,0.149182049960107
"2",-4.57915831663327,-0.483843556321589,2.59519038076152,0.345182049960107,0.149182049960107
"3",-3.27655310621242,-0.707258066071562,2.59519038076152,0.345182049960107,0.149182049960107
"4",-2.95591182364729,-0.7346179230039,2.59519038076152,0.345182049960107,0.149182049960107
"5",-2.91583166332665,-0.795866232232892,2.59519038076152,0.345182049960107,0.149182049960107
"6",-1.55310621242485,-0.711506086563146,2.59519038076152,0.345182049960107,0.149182049960107
"7",0.651302605210421,0.563195026293124,2.59519038076152,0.345182049960107,0.149182049960107
"8",0.691382765531062,0.542076803105017,2.59519038076152,0.345182049960107,0.149182049960107
"9",1.69338677354709,0.595759502317896,2.59519038076152,0.345182049960107,0.149182049960107
"10",1.73346693386774,0.758533559927671,2.59519038076152,0.345182049960107,0.149182049960107
"11",1.77354709418838,0.588072507664316,2.59519038076152,0.345182049960107,0.149182049960107
"12",1.85370741482966,0.860937630195806,2.59519038076152,0.345182049960107,0.149182049960107
"13",1.91382765531062,0.729743265756289,2.59519038076152,0.345182049960107,0.149182049960107
"14",2.01402805611222,0.600088741671075,2.59519038076152,0.345182049960107,0.149182049960107
"15",2.15430861723447,0.54746568363086,2.59519038076152,0.345182049960107,0.149182049960107
"16",2.29458917835671,0.593254782860659,2.59519038076152,0.345182049960107,0.149182049960107
"17",2.49498997995992,0.312210132812731,2.59519038076152,0.345182049960107,0.149182049960107
"18",2.51503006012024,0.398374430582102,2.59519038076152,0.345182049960107,0.149182049960107
"19",2.73547094188377,0.233413123194646,2.59519038076152,0.345182049960107,0.149182049960107
"20",2.79559118236473,0.168714663148566,2.59519038076152,0.345182049960107,0.149182049960107
"21",2.83567134268537,0.129039763685023,2.59519038076152,0.345182049960107,0.149182049960107
"22",2.91583166332665,0.127447346380826,2.59519038076152,0.345182049960107,0.149182049960107
"23",2.99599198396794,0.304158289744764,2.59519038076152,0.345182049960107,0.149182049960107
"24",3.17635270541082,0.104315591352769,2.59519038076152,0.345182049960107,0.149182049960107
"25",3.19639278557114,-0.0692402224048539,2.59519038076152,0.345182049960107,0.149182049960107
"26",3.29659318637274,0.0964314734362003,2.59519038076152,0.345182049960107,0.149182049960107
"27",3.39679358717435,-0.0336873043514023,2.59519038076152,0.345182049960107,0.149182049960107
"28",3.41683366733467,-0.298396416165723,2.59519038076152,0.345182049960107,0.149182049960107
"29",3.53707414829659,0.0334522458624653,2.59519038076152,0.345182049960107,0.149182049960107
"30",4.21843687374749,-0.196005497126065,2.59519038076152,0.345182049960107,0.149182049960107
