"","x","yplot","target","ftrue","fwrong"
"1",-3.49699398797595,-0.782875602617356,-0.0100200400801604,-0.613602984879473,-0.417602984879473
"2",0.33066132264529,-0.773182694453817,-0.0100200400801604,-0.613602984879473,-0.417602984879473
"3",0.791583166332665,-0.386355605479251,-0.0100200400801604,-0.613602984879473,-0.417602984879473
"4",0.93186372745491,-0.388070678174391,-0.0100200400801604,-0.613602984879473,-0.417602984879473
"5",2.05410821643287,-0.0576453497786794,-0.0100200400801604,-0.613602984879473,-0.417602984879473
"6",2.23446893787575,-0.0447804998737326,-0.0100200400801604,-0.613602984879473,-0.417602984879473
"7",2.87575150300601,0.194579955408295,-0.0100200400801604,-0.613602984879473,-0.417602984879473
"8",2.93587174348697,0.185411036238249,-0.0100200400801604,-0.613602984879473,-0.417602984879473
"9",4.01803607214429,0.446357016811432,-0.0100200400801604,-0.613602984879473,-0.417602984879473
"10",4.19839679358717,0.591122061707365,-0.0100200400801604,-0.613602984879473,-0.417602984879473
