"","x","yplot","target","ftrue","fwrong"
"1",-4.13827655310621,-0.418789036637878,4.09819639278557,0.949892756481064,1.14589275648106
"2",-3.91783567134269,-0.469671039582637,4.09819639278557,0.949892756481064,1.14589275648106
"3",-3.89779559118236,-0.300747136686002,4.09819639278557,0.949892756481064,1.14589275648106
"4",-3.69739478957916,-0.381841372486483,4.09819639278557,0.949892756481064,1.14589275648106
"5",-3.43687374749499,-0.157170187721878,4.09819639278557,0.949892756481064,1.14589275648106
"6",-3.21643286573146,-0.285614035569795,4.09819639278557,0.949892756481064,1.14589275648106
"7",-2.99599198396794,-0.318543046026012,4.09819639278557,0.949892756481064,1.14589275648106
"8",-1.09218436873748,-0.364358519984218,4.09819639278557,0.949892756481064,1.14589275648106
"9",-1.01202404809619,-0.627127805898146,4.09819639278557,0.949892756481064,1.14589275648106
"10",-0.330661322645291,-0.456125354510928,4.09819639278557,0.949892756481064,1.14589275648106
"11",0.0100200400801604,-0.386836603609413,4.09819639278557,0.949892756481064,1.14589275648106
"12",0.410821643286573,-0.322749909036594,4.09819639278557,0.949892756481064,1.14589275648106
"13",3.11623246492986,0.643958111757857,4.09819639278557,0.949892756481064,1.14589275648106
"14",3.13627254509018,0.647719896126586,4.09819639278557,0.949892756481064,1.14589275648106
"15",3.19639278557114,0.708843197557905,4.09819639278557,0.949892756481064,1.14589275648106
"16",3.2565130260521,0.601530323692825,4.09819639278557,0.949892756481064,1.14589275648106
"17",3.27655310621243,0.84506929675002,4.09819639278557,0.949892756481064,1.14589275648106
"18",3.49699398797595,0.829385896384067,4.09819639278557,0.949892756481064,1.14589275648106
"19",3.53707414829659,0.866782969907929,4.09819639278557,0.949892756481064,1.14589275648106
"20",3.57715430861723,0.728676070133,4.09819639278557,0.949892756481064,1.14589275648106
"21",3.59719438877755,0.797691700110774,4.09819639278557,0.949892756481064,1.14589275648106
"22",3.67735470941884,0.949215634534283,4.09819639278557,0.949892756481064,1.14589275648106
"23",3.71743486973948,0.951591343863614,4.09819639278557,0.949892756481064,1.14589275648106
"24",3.7374749498998,1.05019012539948,4.09819639278557,0.949892756481064,1.14589275648106
"25",3.75751503006012,1.16100319892664,4.09819639278557,0.949892756481064,1.14589275648106
"26",3.81763527054108,0.917146673559284,4.09819639278557,0.949892756481064,1.14589275648106
"27",3.93787575150301,0.907401408150713,4.09819639278557,0.949892756481064,1.14589275648106
"28",4.07815631262525,0.826558680165729,4.09819639278557,0.949892756481064,1.14589275648106
"29",4.19839679358717,0.99300838291271,4.09819639278557,0.949892756481064,1.14589275648106
"30",4.23847695390782,0.763330701405896,4.09819639278557,0.949892756481064,1.14589275648106
"31",4.3186372745491,0.938937219182415,4.09819639278557,0.949892756481064,1.14589275648106
"32",4.45891783567134,1.10334263066542,4.09819639278557,0.949892756481064,1.14589275648106
"33",4.49899799599198,0.740580573274433,4.09819639278557,0.949892756481064,1.14589275648106
"34",4.5190380761523,0.991751304634552,4.09819639278557,0.949892756481064,1.14589275648106
"35",4.61923847695391,0.781916563294009,4.09819639278557,0.949892756481064,1.14589275648106
"36",4.63927855711423,0.99276616223708,4.09819639278557,0.949892756481064,1.14589275648106
"37",4.65931863727455,0.944852820415319,4.09819639278557,0.949892756481064,1.14589275648106
"38",4.67935871743487,1.01285932123895,4.09819639278557,0.949892756481064,1.14589275648106
"39",4.73947895791583,0.684011671957602,4.09819639278557,0.949892756481064,1.14589275648106
"40",4.87975951903808,0.82609978305013,4.09819639278557,0.949892756481064,1.14589275648106
