"","x","yplot","target","ftrue","fwrong"
"1",-4.45891783567134,-0.47617573150623,-4.25851703406814,-0.434823512015046,-0.630823512015046
"2",-4.43887775551102,-0.502119383671764,-4.25851703406814,-0.434823512015046,-0.630823512015046
"3",-3.97795591182365,-0.472597999429474,-4.25851703406814,-0.434823512015046,-0.630823512015046
"4",-3.75751503006012,-0.469467832464984,-4.25851703406814,-0.434823512015046,-0.630823512015046
"5",-3.43687374749499,-0.622489204364374,-4.25851703406814,-0.434823512015046,-0.630823512015046
"6",-3.27655310621242,-0.763470560704555,-4.25851703406814,-0.434823512015046,-0.630823512015046
"7",-2.97595190380762,-0.495874375908007,-4.25851703406814,-0.434823512015046,-0.630823512015046
"8",-2.85571142284569,-0.624673734488098,-4.25851703406814,-0.434823512015046,-0.630823512015046
"9",-2.01402805611222,-0.662573657254714,-4.25851703406814,-0.434823512015046,-0.630823512015046
"10",-1.91382765531062,-0.731132219449801,-4.25851703406814,-0.434823512015046,-0.630823512015046
"11",-1.61322645290581,-0.686025244630508,-4.25851703406814,-0.434823512015046,-0.630823512015046
"12",-1.29258517034068,-0.718281584719228,-4.25851703406814,-0.434823512015046,-0.630823512015046
"13",-1.23246492985972,-0.887773100118126,-4.25851703406814,-0.434823512015046,-0.630823512015046
"14",-0.330661322645291,-0.570499003237039,-4.25851703406814,-0.434823512015046,-0.630823512015046
"15",0.0100200400801604,-0.669974321481001,-4.25851703406814,-0.434823512015046,-0.630823512015046
"16",1.65330661322645,-0.484732040926133,-4.25851703406814,-0.434823512015046,-0.630823512015046
"17",1.69338677354709,-0.300499605975333,-4.25851703406814,-0.434823512015046,-0.630823512015046
"18",1.81362725450902,-0.254802918931927,-4.25851703406814,-0.434823512015046,-0.630823512015046
"19",3.29659318637274,0.025428884208947,-4.25851703406814,-0.434823512015046,-0.630823512015046
"20",4.53907815631263,0.581720327979917,-4.25851703406814,-0.434823512015046,-0.630823512015046
