"","x","yplot","target","ftrue","fwrong"
"1",-4.83967935871743,-0.349454790656391,-3.65731462925852,-0.601601687384762,-0.797601687384762
"2",-4.61923847695391,-0.207882808106314,-3.65731462925852,-0.601601687384762,-0.797601687384762
"3",-4.59919839679359,-0.259496168438405,-3.65731462925852,-0.601601687384762,-0.797601687384762
"4",-4.57915831663327,-0.196736427723947,-3.65731462925852,-0.601601687384762,-0.797601687384762
"5",-4.27855711422846,-0.438398943889197,-3.65731462925852,-0.601601687384762,-0.797601687384762
"6",-4.15831663326653,-0.277735940576917,-3.65731462925852,-0.601601687384762,-0.797601687384762
"7",-4.13827655310621,-0.37611274766637,-3.65731462925852,-0.601601687384762,-0.797601687384762
"8",-3.47695390781563,-0.542092855942886,-3.65731462925852,-0.601601687384762,-0.797601687384762
"9",-3.43687374749499,-0.627827591067819,-3.65731462925852,-0.601601687384762,-0.797601687384762
"10",-3.23647294589178,-0.97517463531432,-3.65731462925852,-0.601601687384762,-0.797601687384762
"11",-3.01603206412826,-0.64336181372593,-3.65731462925852,-0.601601687384762,-0.797601687384762
"12",-2.89579158316633,-0.789146182180895,-3.65731462925852,-0.601601687384762,-0.797601687384762
"13",-2.71543086172345,-1.04451665106211,-3.65731462925852,-0.601601687384762,-0.797601687384762
"14",-2.25450901803607,-1.05507362397188,-3.65731462925852,-0.601601687384762,-0.797601687384762
"15",-2.17434869739479,-0.848512446590375,-3.65731462925852,-0.601601687384762,-0.797601687384762
"16",-1.85370741482966,-0.945373985567661,-3.65731462925852,-0.601601687384762,-0.797601687384762
"17",-1.71342685370742,-0.914379057856243,-3.65731462925852,-0.601601687384762,-0.797601687384762
"18",-1.53306613226453,-0.61787335517585,-3.65731462925852,-0.601601687384762,-0.797601687384762
"19",-0.91182364729459,-0.695144977626631,-3.65731462925852,-0.601601687384762,-0.797601687384762
"20",-0.891783567134269,-0.602709034423067,-3.65731462925852,-0.601601687384762,-0.797601687384762
"21",-0.651302605210421,-0.534678951360833,-3.65731462925852,-0.601601687384762,-0.797601687384762
"22",-0.511022044088176,-0.533729656213748,-3.65731462925852,-0.601601687384762,-0.797601687384762
"23",-0.230460921843687,-0.368792136178441,-3.65731462925852,-0.601601687384762,-0.797601687384762
"24",-0.110220440881764,-0.201522043849407,-3.65731462925852,-0.601601687384762,-0.797601687384762
"25",0.430861723446894,0.121844249766686,-3.65731462925852,-0.601601687384762,-0.797601687384762
"26",0.771543086172344,0.255052324055781,-3.65731462925852,-0.601601687384762,-0.797601687384762
"27",0.93186372745491,0.153182422449755,-3.65731462925852,-0.601601687384762,-0.797601687384762
"28",1.13226452905812,0.17347281265636,-3.65731462925852,-0.601601687384762,-0.797601687384762
"29",1.69338677354709,0.436461503954664,-3.65731462925852,-0.601601687384762,-0.797601687384762
"30",1.73346693386774,0.301225145189236,-3.65731462925852,-0.601601687384762,-0.797601687384762
"31",1.85370741482966,0.341643683352651,-3.65731462925852,-0.601601687384762,-0.797601687384762
"32",2.89579158316633,0.40631926388569,-3.65731462925852,-0.601601687384762,-0.797601687384762
"33",2.93587174348697,0.332385846851755,-3.65731462925852,-0.601601687384762,-0.797601687384762
"34",3.55711422845691,0.221664125146074,-3.65731462925852,-0.601601687384762,-0.797601687384762
"35",3.6372745490982,0.0291834151293603,-3.65731462925852,-0.601601687384762,-0.797601687384762
"36",3.67735470941884,0.104325687290546,-3.65731462925852,-0.601601687384762,-0.797601687384762
"37",4.55911823647295,-0.0645636687197105,-3.65731462925852,-0.601601687384762,-0.797601687384762
"38",4.59919839679359,0.0250127737260597,-3.65731462925852,-0.601601687384762,-0.797601687384762
"39",4.79959919839679,-0.102247267462713,-3.65731462925852,-0.601601687384762,-0.797601687384762
"40",4.95991983967936,-0.182436087233385,-3.65731462925852,-0.601601687384762,-0.797601687384762
