"","x","yplot","target","ftrue","fwrong"
"1",-4.71943887775551,0.925314296761927,2.43486973947896,-0.313045018264511,-0.117045018264511
"2",-3.8376753507014,0.625925654472287,2.43486973947896,-0.313045018264511,-0.117045018264511
"3",-3.39679358717435,0.218652698641946,2.43486973947896,-0.313045018264511,-0.117045018264511
"4",-2.95591182364729,0.146106098497892,2.43486973947896,-0.313045018264511,-0.117045018264511
"5",-2.41482965931864,-0.0562202015206678,2.43486973947896,-0.313045018264511,-0.117045018264511
"6",-1.67334669338677,-0.105847165357462,2.43486973947896,-0.313045018264511,-0.117045018264511
"7",-1.33266533066132,-0.120214989194008,2.43486973947896,-0.313045018264511,-0.117045018264511
"8",-0.851703406813628,-0.132412878421753,2.43486973947896,-0.313045018264511,-0.117045018264511
"9",-0.370741482965932,-0.345065270354199,2.43486973947896,-0.313045018264511,-0.117045018264511
"10",0.6312625250501,-0.532023191793794,2.43486973947896,-0.313045018264511,-0.117045018264511
"11",0.95190380761523,-0.398467581099804,2.43486973947896,-0.313045018264511,-0.117045018264511
"12",0.971943887775551,-0.290256201993058,2.43486973947896,-0.313045018264511,-0.117045018264511
"13",1.27254509018036,-0.435436814249221,2.43486973947896,-0.313045018264511,-0.117045018264511
"14",1.45290581162325,-0.230137985190859,2.43486973947896,-0.313045018264511,-0.117045018264511
"15",1.49298597194389,-0.195725236623081,2.43486973947896,-0.313045018264511,-0.117045018264511
"16",1.59318637274549,-0.516611529894818,2.43486973947896,-0.313045018264511,-0.117045018264511
"17",1.61322645290581,-0.389045011209413,2.43486973947896,-0.313045018264511,-0.117045018264511
"18",1.67334669338677,-0.342535744192867,2.43486973947896,-0.313045018264511,-0.117045018264511
"19",1.73346693386774,-0.546712462769117,2.43486973947896,-0.313045018264511,-0.117045018264511
"20",1.75350701402806,-0.308351669815927,2.43486973947896,-0.313045018264511,-0.117045018264511
"21",1.7935871743487,-0.322033859896399,2.43486973947896,-0.313045018264511,-0.117045018264511
"22",1.81362725450902,-0.43934463415128,2.43486973947896,-0.313045018264511,-0.117045018264511
"23",1.83366733466934,-0.306453784882352,2.43486973947896,-0.313045018264511,-0.117045018264511
"24",1.87374749498998,-0.475209910014496,2.43486973947896,-0.313045018264511,-0.117045018264511
"25",1.91382765531062,-0.370094055268337,2.43486973947896,-0.313045018264511,-0.117045018264511
"26",2.09418837675351,-0.35840243032044,2.43486973947896,-0.313045018264511,-0.117045018264511
"27",2.11422845691383,-0.278352892996216,2.43486973947896,-0.313045018264511,-0.117045018264511
"28",2.15430861723447,-0.266116139673577,2.43486973947896,-0.313045018264511,-0.117045018264511
"29",2.17434869739479,-0.450556767084805,2.43486973947896,-0.313045018264511,-0.117045018264511
"30",2.19438877755511,-0.370850287827599,2.43486973947896,-0.313045018264511,-0.117045018264511
"31",2.23446893787575,-0.274908676793738,2.43486973947896,-0.313045018264511,-0.117045018264511
"32",2.29458917835671,-0.268890602213876,2.43486973947896,-0.313045018264511,-0.117045018264511
"33",2.374749498998,-0.515044954596479,2.43486973947896,-0.313045018264511,-0.117045018264511
"34",2.39478957915832,-0.478119665058159,2.43486973947896,-0.313045018264511,-0.117045018264511
"35",2.53507014028056,-0.168915352142737,2.43486973947896,-0.313045018264511,-0.117045018264511
"36",2.55511022044088,-0.304696465295838,2.43486973947896,-0.313045018264511,-0.117045018264511
"37",2.71543086172345,-0.463450709384534,2.43486973947896,-0.313045018264511,-0.117045018264511
"38",2.75551102204409,-0.184658348758361,2.43486973947896,-0.313045018264511,-0.117045018264511
"39",2.81563126252505,-0.328075087126682,2.43486973947896,-0.313045018264511,-0.117045018264511
"40",2.89579158316633,-0.172384990075036,2.43486973947896,-0.313045018264511,-0.117045018264511
"41",2.91583166332665,-0.307848008795225,2.43486973947896,-0.313045018264511,-0.117045018264511
"42",2.95591182364729,-0.172547858911955,2.43486973947896,-0.313045018264511,-0.117045018264511
"43",3.09619238476954,-0.177766198039272,2.43486973947896,-0.313045018264511,-0.117045018264511
"44",3.11623246492986,-0.435494831377919,2.43486973947896,-0.313045018264511,-0.117045018264511
"45",3.13627254509018,-0.213656359347717,2.43486973947896,-0.313045018264511,-0.117045018264511
"46",3.17635270541082,-0.317818661349539,2.43486973947896,-0.313045018264511,-0.117045018264511
"47",3.19639278557114,-0.282453262371095,2.43486973947896,-0.313045018264511,-0.117045018264511
"48",3.37675350701403,-0.321958228136649,2.43486973947896,-0.313045018264511,-0.117045018264511
"49",4.71943887775551,-0.51409676807346,2.43486973947896,-0.313045018264511,-0.117045018264511
"50",4.75951903807615,-0.71397751339292,2.43486973947896,-0.313045018264511,-0.117045018264511
