"","x","yplot","target","ftrue","fwrong"
"1",-4.47895791583166,-0.280679571957305,0.751503006012024,0.314561711879059,0.510561711879059
"2",-2.71543086172345,0.488162530472665,0.751503006012024,0.314561711879059,0.510561711879059
"3",-1.85370741482966,0.28287364369748,0.751503006012024,0.314561711879059,0.510561711879059
"4",-0.671342685370742,-0.0995614207075533,0.751503006012024,0.314561711879059,0.510561711879059
"5",-0.370741482965932,-0.166229890908425,0.751503006012024,0.314561711879059,0.510561711879059
"6",-0.130260521042084,-0.00154129582705621,0.751503006012024,0.314561711879059,0.510561711879059
"7",0.0100200400801604,-0.11684087509226,0.751503006012024,0.314561711879059,0.510561711879059
"8",0.110220440881763,0.0983880014044918,0.751503006012024,0.314561711879059,0.510561711879059
"9",0.210420841683367,0.0875904590131368,0.751503006012024,0.314561711879059,0.510561711879059
"10",0.230460921843687,0.152687407603025,0.751503006012024,0.314561711879059,0.510561711879059
"11",0.390781563126252,-0.0382158546791749,0.751503006012024,0.314561711879059,0.510561711879059
"12",0.531062124248497,0.223511308373298,0.751503006012024,0.314561711879059,0.510561711879059
"13",0.591182364729459,0.172797558862123,0.751503006012024,0.314561711879059,0.510561711879059
"14",0.831663326653306,0.368253370071427,0.751503006012024,0.314561711879059,0.510561711879059
"15",0.851703406813627,0.472053785866075,0.751503006012024,0.314561711879059,0.510561711879059
"16",0.871743486973948,0.464287409106423,0.751503006012024,0.314561711879059,0.510561711879059
"17",0.93186372745491,0.358197062910504,0.751503006012024,0.314561711879059,0.510561711879059
"18",0.971943887775551,0.447391633839828,0.751503006012024,0.314561711879059,0.510561711879059
"19",1.25250501002004,0.802339709049217,0.751503006012024,0.314561711879059,0.510561711879059
"20",1.27254509018036,0.621577885438005,0.751503006012024,0.314561711879059,0.510561711879059
"21",1.35270541082164,0.780471150438955,0.751503006012024,0.314561711879059,0.510561711879059
"22",1.37274549098196,0.658953055914566,0.751503006012024,0.314561711879059,0.510561711879059
"23",1.43286573146293,0.740278438227001,0.751503006012024,0.314561711879059,0.510561711879059
"24",1.51302605210421,0.730138871159991,0.751503006012024,0.314561711879059,0.510561711879059
"25",1.63326653306613,0.602062340979019,0.751503006012024,0.314561711879059,0.510561711879059
"26",1.65330661322645,0.836694164701613,0.751503006012024,0.314561711879059,0.510561711879059
"27",3.45691382765531,0.795636124187487,0.751503006012024,0.314561711879059,0.510561711879059
"28",4.15831663326653,0.832366773166129,0.751503006012024,0.314561711879059,0.510561711879059
"29",4.25851703406814,0.968993831310955,0.751503006012024,0.314561711879059,0.510561711879059
"30",4.67935871743487,0.970970533175045,0.751503006012024,0.314561711879059,0.510561711879059
