"","x","yplot","target","ftrue","fwrong"
"1",-4.91983967935872,0.831958375542612,-1.17234468937876,-0.463149827640502,-0.267149827640502
"2",-4.87975951903808,0.745288601962029,-1.17234468937876,-0.463149827640502,-0.267149827640502
"3",-4.53907815631263,0.814323445516633,-1.17234468937876,-0.463149827640502,-0.267149827640502
"4",-4.49899799599198,0.668854602676771,-1.17234468937876,-0.463149827640502,-0.267149827640502
"5",-4.13827655310621,0.515947691180688,-1.17234468937876,-0.463149827640502,-0.267149827640502
"6",-3.77755511022044,0.401610506574844,-1.17234468937876,-0.463149827640502,-0.267149827640502
"7",-3.17635270541082,-0.160870732992598,-1.17234468937876,-0.463149827640502,-0.267149827640502
"8",-3.01603206412826,-0.100985727419732,-1.17234468937876,-0.463149827640502,-0.267149827640502
"9",-2.69539078156313,-0.101156638525217,-1.17234468937876,-0.463149827640502,-0.267149827640502
"10",-2.29458917835671,-0.277397574435795,-1.17234468937876,-0.463149827640502,-0.267149827640502
"11",-2.27454909819639,-0.26804925941678,-1.17234468937876,-0.463149827640502,-0.267149827640502
"12",-1.81362725450902,-0.498622527884156,-1.17234468937876,-0.463149827640502,-0.267149827640502
"13",-1.71342685370742,-0.356995262275301,-1.17234468937876,-0.463149827640502,-0.267149827640502
"14",-1.63326653306613,-0.346958017360418,-1.17234468937876,-0.463149827640502,-0.267149827640502
"15",-1.53306613226453,-0.57335823251636,-1.17234468937876,-0.463149827640502,-0.267149827640502
"16",-1.43286573146293,-0.343732153485791,-1.17234468937876,-0.463149827640502,-0.267149827640502
"17",-1.39278557114228,-0.362453236862213,-1.17234468937876,-0.463149827640502,-0.267149827640502
"18",-1.15230460921844,-0.533553436196886,-1.17234468937876,-0.463149827640502,-0.267149827640502
"19",-0.991983967935872,-0.229751293204237,-1.17234468937876,-0.463149827640502,-0.267149827640502
"20",-0.711422845691383,-0.434578755953647,-1.17234468937876,-0.463149827640502,-0.267149827640502
"21",-0.450901803607215,-0.624323734626814,-1.17234468937876,-0.463149827640502,-0.267149827640502
"22",-0.410821643286574,-0.471663745943941,-1.17234468937876,-0.463149827640502,-0.267149827640502
"23",-0.350701402805611,-0.599489821948634,-1.17234468937876,-0.463149827640502,-0.267149827640502
"24",-0.130260521042084,-0.542075788491131,-1.17234468937876,-0.463149827640502,-0.267149827640502
"25",-0.110220440881764,-0.235420487194962,-1.17234468937876,-0.463149827640502,-0.267149827640502
"26",0.270541082164328,-0.481914299292854,-1.17234468937876,-0.463149827640502,-0.267149827640502
"27",0.31062124248497,-0.497139403246533,-1.17234468937876,-0.463149827640502,-0.267149827640502
"28",0.470941883767535,-0.367358742238618,-1.17234468937876,-0.463149827640502,-0.267149827640502
"29",0.851703406813627,-0.285409762243305,-1.17234468937876,-0.463149827640502,-0.267149827640502
"30",2.5751503006012,0.0709346549913158,-1.17234468937876,-0.463149827640502,-0.267149827640502
"31",2.63527054108216,0.0413677783778742,-1.17234468937876,-0.463149827640502,-0.267149827640502
"32",2.83567134268537,-0.0403055928129374,-1.17234468937876,-0.463149827640502,-0.267149827640502
"33",3.43687374749499,0.131214653502261,-1.17234468937876,-0.463149827640502,-0.267149827640502
"34",4.37875751503006,0.11467716153931,-1.17234468937876,-0.463149827640502,-0.267149827640502
"35",4.49899799599198,0.475391122912997,-1.17234468937876,-0.463149827640502,-0.267149827640502
"36",4.57915831663327,0.278215740675824,-1.17234468937876,-0.463149827640502,-0.267149827640502
"37",4.59919839679359,0.550663250668515,-1.17234468937876,-0.463149827640502,-0.267149827640502
"38",4.65931863727455,0.370262880948938,-1.17234468937876,-0.463149827640502,-0.267149827640502
"39",4.85971943887776,0.47231601946131,-1.17234468937876,-0.463149827640502,-0.267149827640502
"40",4.91983967935872,0.388622020248783,-1.17234468937876,-0.463149827640502,-0.267149827640502
