"","x","yplot","target","ftrue","fwrong"
"1",-4.97995991983968,-0.0228237495149873,-4.65931863727455,0.123448648555585,-0.0725513514444154
"2",-4.95991983967936,0.0563377565962634,-4.65931863727455,0.123448648555585,-0.0725513514444154
"3",-4.93987975951904,-0.00861660900651594,-4.65931863727455,0.123448648555585,-0.0725513514444154
"4",-4.8997995991984,-0.0799716123308716,-4.65931863727455,0.123448648555585,-0.0725513514444154
"5",-4.83967935871743,0.0764841868872347,-4.65931863727455,0.123448648555585,-0.0725513514444154
"6",-4.77955911823647,0.121198480899338,-4.65931863727455,0.123448648555585,-0.0725513514444154
"7",-4.75951903807615,0.157646120260431,-4.65931863727455,0.123448648555585,-0.0725513514444154
"8",-4.71943887775551,0.350683011717472,-4.65931863727455,0.123448648555585,-0.0725513514444154
"9",-4.65931863727455,0.159864923869016,-4.65931863727455,0.123448648555585,-0.0725513514444154
"10",-4.51903807615231,0.137379375752477,-4.65931863727455,0.123448648555585,-0.0725513514444154
"11",-4.45891783567134,-0.0096324528481577,-4.65931863727455,0.123448648555585,-0.0725513514444154
"12",-4.3186372745491,0.101384205106496,-4.65931863727455,0.123448648555585,-0.0725513514444154
"13",-4.17835671342685,0.184215260030505,-4.65931863727455,0.123448648555585,-0.0725513514444154
"14",-4.05811623246493,0.39274395530238,-4.65931863727455,0.123448648555585,-0.0725513514444154
"15",-4.03807615230461,0.574495869532164,-4.65931863727455,0.123448648555585,-0.0725513514444154
"16",-3.97795591182365,0.266995888674816,-4.65931863727455,0.123448648555585,-0.0725513514444154
"17",-3.91783567134269,0.398796269483629,-4.65931863727455,0.123448648555585,-0.0725513514444154
"18",-3.81763527054108,0.404800018643826,-4.65931863727455,0.123448648555585,-0.0725513514444154
"19",-3.79759519038076,0.465526127064026,-4.65931863727455,0.123448648555585,-0.0725513514444154
"20",-3.77755511022044,0.318326250130117,-4.65931863727455,0.123448648555585,-0.0725513514444154
"21",-3.7374749498998,0.603041736354574,-4.65931863727455,0.123448648555585,-0.0725513514444154
"22",-3.09619238476954,0.739041923072307,-4.65931863727455,0.123448648555585,-0.0725513514444154
"23",-1.59318637274549,0.570506002765467,-4.65931863727455,0.123448648555585,-0.0725513514444154
"24",0.791583166332665,0.665662388826392,-4.65931863727455,0.123448648555585,-0.0725513514444154
"25",1.8937875751503,0.163752495894965,-4.65931863727455,0.123448648555585,-0.0725513514444154
"26",3.35671342685371,-0.606771692746977,-4.65931863727455,0.123448648555585,-0.0725513514444154
"27",3.71743486973948,-0.546789908772321,-4.65931863727455,0.123448648555585,-0.0725513514444154
"28",3.87775551102204,-0.765960543238575,-4.65931863727455,0.123448648555585,-0.0725513514444154
"29",4.27855711422846,-0.896278551634167,-4.65931863727455,0.123448648555585,-0.0725513514444154
"30",4.69939879759519,-1.0099740045992,-4.65931863727455,0.123448648555585,-0.0725513514444154
