"","x","yplot","target","ftrue","fwrong"
"1",-4.93987975951904,-0.636437320273252,-3.37675350701403,-0.537288926088162,-0.733288926088162
"2",-4.71943887775551,-0.562798792898734,-3.37675350701403,-0.537288926088162,-0.733288926088162
"3",-4.53907815631263,-0.709225847248473,-3.37675350701403,-0.537288926088162,-0.733288926088162
"4",-4.35871743486974,-0.808637133736066,-3.37675350701403,-0.537288926088162,-0.733288926088162
"5",-4.33867735470942,-0.55771578759943,-3.37675350701403,-0.537288926088162,-0.733288926088162
"6",-4.3186372745491,-0.747931943405361,-3.37675350701403,-0.537288926088162,-0.733288926088162
"7",-4.2184368737475,-0.749790876396268,-3.37675350701403,-0.537288926088162,-0.733288926088162
"8",-4.11823647294589,-0.824976618335898,-3.37675350701403,-0.537288926088162,-0.733288926088162
"9",-4.05811623246493,-0.512052683739545,-3.37675350701403,-0.537288926088162,-0.733288926088162
"10",-3.97795591182365,-0.732264291893215,-3.37675350701403,-0.537288926088162,-0.733288926088162
"11",-3.87775551102204,-0.879782310842332,-3.37675350701403,-0.537288926088162,-0.733288926088162
"12",-3.85771543086172,-0.695033569988972,-3.37675350701403,-0.537288926088162,-0.733288926088162
"13",-3.75751503006012,-0.633698381172662,-3.37675350701403,-0.537288926088162,-0.733288926088162
"14",-3.71743486973948,-0.54826686381367,-3.37675350701403,-0.537288926088162,-0.733288926088162
"15",-3.59719438877756,-0.553151067962718,-3.37675350701403,-0.537288926088162,-0.733288926088162
"16",-3.53707414829659,-0.540834571676445,-3.37675350701403,-0.537288926088162,-0.733288926088162
"17",-3.49699398797595,-0.711051052706761,-3.37675350701403,-0.537288926088162,-0.733288926088162
"18",-3.47695390781563,-0.453091750235821,-3.37675350701403,-0.537288926088162,-0.733288926088162
"19",-3.37675350701403,-0.540806180459358,-3.37675350701403,-0.537288926088162,-0.733288926088162
"20",-3.31663326653307,-0.510569297855213,-3.37675350701403,-0.537288926088162,-0.733288926088162
"21",-3.1563126252505,-0.356480551441433,-3.37675350701403,-0.537288926088162,-0.733288926088162
"22",-3.11623246492986,-0.323031231448858,-3.37675350701403,-0.537288926088162,-0.733288926088162
"23",-3.03607214428858,-0.376602020581215,-3.37675350701403,-0.537288926088162,-0.733288926088162
"24",-3.01603206412826,-0.181746271335439,-3.37675350701403,-0.537288926088162,-0.733288926088162
"25",-2.81563126252505,-0.311882050310071,-3.37675350701403,-0.537288926088162,-0.733288926088162
"26",-2.77555110220441,-0.126053092629934,-3.37675350701403,-0.537288926088162,-0.733288926088162
"27",-2.69539078156313,-0.185424684134739,-3.37675350701403,-0.537288926088162,-0.733288926088162
"28",-2.65531062124249,0.0608084880000447,-3.37675350701403,-0.537288926088162,-0.733288926088162
"29",-2.59519038076152,-0.108117281581178,-3.37675350701403,-0.537288926088162,-0.733288926088162
"30",-2.5751503006012,-0.304015100053607,-3.37675350701403,-0.537288926088162,-0.733288926088162
"31",-2.43486973947896,-0.0784226454301318,-3.37675350701403,-0.537288926088162,-0.733288926088162
"32",-2.23446893787575,0.228546172199413,-3.37675350701403,-0.537288926088162,-0.733288926088162
"33",-1.51302605210421,0.434462358236531,-3.37675350701403,-0.537288926088162,-0.733288926088162
"34",-0.751503006012024,0.372184380142347,-3.37675350701403,-0.537288926088162,-0.733288926088162
"35",0.891783567134269,-0.354654890216635,-3.37675350701403,-0.537288926088162,-0.733288926088162
"36",2.07414829659319,-0.270908357466026,-3.37675350701403,-0.537288926088162,-0.733288926088162
"37",2.33466933867735,-0.245959351284986,-3.37675350701403,-0.537288926088162,-0.733288926088162
"38",2.73547094188377,0.015718142374823,-3.37675350701403,-0.537288926088162,-0.733288926088162
"39",3.09619238476954,0.423099960988197,-3.37675350701403,-0.537288926088162,-0.733288926088162
"40",4.53907815631263,0.584047826518479,-3.37675350701403,-0.537288926088162,-0.733288926088162
