"","x","yplot","target","ftrue","fwrong"
"1",-2.99599198396794,0.308741534631606,1.39278557114228,0.120942366841682,-0.075057633158318
"2",-0.0901803607214431,0.418177873186437,1.39278557114228,0.120942366841682,-0.075057633158318
"3",0.430861723446894,0.277150410569011,1.39278557114228,0.120942366841682,-0.075057633158318
"4",0.591182364729459,0.295142842319847,1.39278557114228,0.120942366841682,-0.075057633158318
"5",1.01202404809619,0.256504351857271,1.39278557114228,0.120942366841682,-0.075057633158318
"6",1.07214428857715,0.200217758929243,1.39278557114228,0.120942366841682,-0.075057633158318
"7",1.1122244488978,0.175580309963527,1.39278557114228,0.120942366841682,-0.075057633158318
"8",1.23246492985972,0.148712698729825,1.39278557114228,0.120942366841682,-0.075057633158318
"9",1.39278557114228,0.107469556662013,1.39278557114228,0.120942366841682,-0.075057633158318
"10",1.53306613226453,0.0848212278164441,1.39278557114228,0.120942366841682,-0.075057633158318
"11",1.59318637274549,0.207041042046855,1.39278557114228,0.120942366841682,-0.075057633158318
"12",1.8937875751503,0.0983514898586311,1.39278557114228,0.120942366841682,-0.075057633158318
"13",2.01402805611222,0.0135007876506032,1.39278557114228,0.120942366841682,-0.075057633158318
"14",2.07414829659319,-0.0767274258263364,1.39278557114228,0.120942366841682,-0.075057633158318
"15",2.15430861723447,0.157640562891393,1.39278557114228,0.120942366841682,-0.075057633158318
"16",2.27454909819639,-0.0826989288789127,1.39278557114228,0.120942366841682,-0.075057633158318
"17",2.71543086172345,0.00705786735363836,1.39278557114228,0.120942366841682,-0.075057633158318
"18",3.79759519038076,-0.350515543454833,1.39278557114228,0.120942366841682,-0.075057633158318
"19",4.19839679358717,-0.206168791196718,1.39278557114228,0.120942366841682,-0.075057633158318
"20",4.39879759519038,-0.330340537856848,1.39278557114228,0.120942366841682,-0.075057633158318
