"","x","yplot","target","ftrue","fwrong"
"1",-4.95991983967936,0.108591741019578,-1.73346693386774,-0.33773834112838,-0.14173834112838
"2",-4.75951903807615,0.202933264246353,-1.73346693386774,-0.33773834112838,-0.14173834112838
"3",-4.61923847695391,0.321072842818971,-1.73346693386774,-0.33773834112838,-0.14173834112838
"4",-4.47895791583166,0.32108891959201,-1.73346693386774,-0.33773834112838,-0.14173834112838
"5",-2.65531062124249,-0.226173969632925,-1.73346693386774,-0.33773834112838,-0.14173834112838
"6",-2.5751503006012,-0.14924044042213,-1.73346693386774,-0.33773834112838,-0.14173834112838
"7",-2.374749498998,-0.239518493728713,-1.73346693386774,-0.33773834112838,-0.14173834112838
"8",-2.33466933867735,-0.49412890342073,-1.73346693386774,-0.33773834112838,-0.14173834112838
"9",-2.15430861723447,-0.250590132326252,-1.73346693386774,-0.33773834112838,-0.14173834112838
"10",-2.13426853707415,-0.257657724077443,-1.73346693386774,-0.33773834112838,-0.14173834112838
"11",-2.01402805611222,-0.354395655254142,-1.73346693386774,-0.33773834112838,-0.14173834112838
"12",-1.9939879759519,-0.412302514093665,-1.73346693386774,-0.33773834112838,-0.14173834112838
"13",-1.91382765531062,-0.153954358060577,-1.73346693386774,-0.33773834112838,-0.14173834112838
"14",-0.531062124248497,-0.141737964262995,-1.73346693386774,-0.33773834112838,-0.14173834112838
"15",0.0701402805611222,-0.0364723614634758,-1.73346693386774,-0.33773834112838,-0.14173834112838
"16",0.210420841683367,-0.135816914410876,-1.73346693386774,-0.33773834112838,-0.14173834112838
"17",0.370741482965932,-0.202544406432072,-1.73346693386774,-0.33773834112838,-0.14173834112838
"18",0.971943887775551,-0.282664229915596,-1.73346693386774,-0.33773834112838,-0.14173834112838
"19",1.39278557114228,-0.686978237049225,-1.73346693386774,-0.33773834112838,-0.14173834112838
"20",1.67334669338677,-0.709775016064021,-1.73346693386774,-0.33773834112838,-0.14173834112838
"21",2.01402805611222,-0.920264971036417,-1.73346693386774,-0.33773834112838,-0.14173834112838
"22",2.13426853707415,-0.87228079702737,-1.73346693386774,-0.33773834112838,-0.14173834112838
"23",2.51503006012024,-1.03814815489391,-1.73346693386774,-0.33773834112838,-0.14173834112838
"24",2.65531062124249,-0.89538812500904,-1.73346693386774,-0.33773834112838,-0.14173834112838
"25",3.97795591182365,-0.319373506866269,-1.73346693386774,-0.33773834112838,-0.14173834112838
"26",4.13827655310621,-0.100297010224998,-1.73346693386774,-0.33773834112838,-0.14173834112838
"27",4.27855711422846,0.0312254844115979,-1.73346693386774,-0.33773834112838,-0.14173834112838
"28",4.35871743486974,-0.0694974603472319,-1.73346693386774,-0.33773834112838,-0.14173834112838
"29",4.49899799599198,0.189890972243146,-1.73346693386774,-0.33773834112838,-0.14173834112838
"30",4.8997995991984,0.495275649307939,-1.73346693386774,-0.33773834112838,-0.14173834112838
