"","x","yplot","target","ftrue","fwrong"
"1",-4.71943887775551,0.400350774189681,3.09619238476954,-0.518338122334535,-0.714338122334536
"2",-2.93587174348697,0.845879724127536,3.09619238476954,-0.518338122334535,-0.714338122334536
"3",-0.31062124248497,0.0578973273478292,3.09619238476954,-0.518338122334535,-0.714338122334536
"4",0.370741482965932,0.235341804710002,3.09619238476954,-0.518338122334535,-0.714338122334536
"5",2.03406813627254,0.077317709926944,3.09619238476954,-0.518338122334535,-0.714338122334536
"6",2.05410821643287,-0.0604613874288309,3.09619238476954,-0.518338122334535,-0.714338122334536
"7",2.17434869739479,-0.089629501949866,3.09619238476954,-0.518338122334535,-0.714338122334536
"8",2.21442885771543,-0.169273466781584,3.09619238476954,-0.518338122334535,-0.714338122334536
"9",2.39478957915832,-0.313520539385252,3.09619238476954,-0.518338122334535,-0.714338122334536
"10",2.79559118236473,-0.355434582022575,3.09619238476954,-0.518338122334535,-0.714338122334536
"11",2.81563126252505,-0.429171322527838,3.09619238476954,-0.518338122334535,-0.714338122334536
"12",3.13627254509018,-0.588470588002868,3.09619238476954,-0.518338122334535,-0.714338122334536
"13",3.19639278557114,-0.522721452477071,3.09619238476954,-0.518338122334535,-0.714338122334536
"14",3.23647294589178,-0.731301991483889,3.09619238476954,-0.518338122334535,-0.714338122334536
"15",3.79759519038076,-0.599078915362697,3.09619238476954,-0.518338122334535,-0.714338122334536
"16",3.81763527054108,-0.756028500554822,3.09619238476954,-0.518338122334535,-0.714338122334536
"17",3.85771543086172,-0.698530370505322,3.09619238476954,-0.518338122334535,-0.714338122334536
"18",3.95791583166333,-0.967650360580283,3.09619238476954,-0.518338122334535,-0.714338122334536
"19",3.99799599198397,-0.814807446411139,3.09619238476954,-0.518338122334535,-0.714338122334536
"20",4.07815631262525,-0.870373228231151,3.09619238476954,-0.518338122334535,-0.714338122334536
