"","x","yplot","target","ftrue","fwrong"
"1",-4.87975951903808,0.514309053953329,-2.91583166332665,-0.404604178761487,-0.600604178761487
"2",-4.79959919839679,0.473732854112339,-2.91583166332665,-0.404604178761487,-0.600604178761487
"3",-4.65931863727455,0.384415563112691,-2.91583166332665,-0.404604178761487,-0.600604178761487
"4",-4.47895791583166,0.322568011020328,-2.91583166332665,-0.404604178761487,-0.600604178761487
"5",-3.8376753507014,-0.171719677655376,-2.91583166332665,-0.404604178761487,-0.600604178761487
"6",-3.57715430861723,-0.088650761652559,-2.91583166332665,-0.404604178761487,-0.600604178761487
"7",-3.35671342685371,-0.446669258509996,-2.91583166332665,-0.404604178761487,-0.600604178761487
"8",-3.29659318637275,-0.202791302790668,-2.91583166332665,-0.404604178761487,-0.600604178761487
"9",-3.2565130260521,-0.38188480623565,-2.91583166332665,-0.404604178761487,-0.600604178761487
"10",-3.17635270541082,-0.226657560354445,-2.91583166332665,-0.404604178761487,-0.600604178761487
"11",-3.1563126252505,-0.309584273080094,-2.91583166332665,-0.404604178761487,-0.600604178761487
"12",-3.11623246492986,-0.415063115993585,-2.91583166332665,-0.404604178761487,-0.600604178761487
"13",-2.87575150300601,-0.343022185917713,-2.91583166332665,-0.404604178761487,-0.600604178761487
"14",-2.77555110220441,-0.386004208460436,-2.91583166332665,-0.404604178761487,-0.600604178761487
"15",-2.73547094188377,-0.46058282833422,-2.91583166332665,-0.404604178761487,-0.600604178761487
"16",-2.53507014028056,-0.542602546608491,-2.91583166332665,-0.404604178761487,-0.600604178761487
"17",-2.31462925851703,-0.782362274155653,-2.91583166332665,-0.404604178761487,-0.600604178761487
"18",-2.23446893787575,-0.587258182226868,-2.91583166332665,-0.404604178761487,-0.600604178761487
"19",-2.19438877755511,-0.595949185885906,-2.91583166332665,-0.404604178761487,-0.600604178761487
"20",-1.91382765531062,-0.483849775453227,-2.91583166332665,-0.404604178761487,-0.600604178761487
"21",-1.85370741482966,-0.597377045575841,-2.91583166332665,-0.404604178761487,-0.600604178761487
"22",-1.71342685370742,-0.573438140598412,-2.91583166332665,-0.404604178761487,-0.600604178761487
"23",-1.39278557114228,-0.617093176314169,-2.91583166332665,-0.404604178761487,-0.600604178761487
"24",-1.37274549098196,-0.845300461663346,-2.91583166332665,-0.404604178761487,-0.600604178761487
"25",-1.13226452905812,-0.665697036507898,-2.91583166332665,-0.404604178761487,-0.600604178761487
"26",-1.05210420841683,-0.704384301508103,-2.91583166332665,-0.404604178761487,-0.600604178761487
"27",-0.891783567134269,-0.430066190390981,-2.91583166332665,-0.404604178761487,-0.600604178761487
"28",-0.571142284569138,-0.618105473437981,-2.91583166332665,-0.404604178761487,-0.600604178761487
"29",-0.410821643286574,-0.507020024553828,-2.91583166332665,-0.404604178761487,-0.600604178761487
"30",-0.330661322645291,-0.624460173775309,-2.91583166332665,-0.404604178761487,-0.600604178761487
"31",-0.290581162324649,-0.515665919941069,-2.91583166332665,-0.404604178761487,-0.600604178761487
"32",-0.150300601202405,-0.608168391877881,-2.91583166332665,-0.404604178761487,-0.600604178761487
"33",0.490981963927855,-0.43845578538937,-2.91583166332665,-0.404604178761487,-0.600604178761487
"34",0.711422845691382,-0.55899201880913,-2.91583166332665,-0.404604178761487,-0.600604178761487
"35",0.971943887775551,-0.382213637429608,-2.91583166332665,-0.404604178761487,-0.600604178761487
"36",1.25250501002004,-0.263061365769096,-2.91583166332665,-0.404604178761487,-0.600604178761487
"37",1.33266533066132,-0.199294439701398,-2.91583166332665,-0.404604178761487,-0.600604178761487
"38",1.45290581162325,-0.327701895044075,-2.91583166332665,-0.404604178761487,-0.600604178761487
"39",1.63326653306613,0.0276457206748719,-2.91583166332665,-0.404604178761487,-0.600604178761487
"40",1.71342685370741,-0.0720067295931419,-2.91583166332665,-0.404604178761487,-0.600604178761487
"41",1.81362725450902,-0.177715519504323,-2.91583166332665,-0.404604178761487,-0.600604178761487
"42",1.97394789579158,-0.165031981094586,-2.91583166332665,-0.404604178761487,-0.600604178761487
"43",2.41482965931864,-0.0742777523528021,-2.91583166332665,-0.404604178761487,-0.600604178761487
"44",2.77555110220441,0.24687418676015,-2.91583166332665,-0.404604178761487,-0.600604178761487
"45",2.93587174348697,-0.0194320142215023,-2.91583166332665,-0.404604178761487,-0.600604178761487
"46",3.8376753507014,0.442269359585819,-2.91583166332665,-0.404604178761487,-0.600604178761487
"47",3.85771543086172,0.421538829484104,-2.91583166332665,-0.404604178761487,-0.600604178761487
"48",4.3186372745491,0.603666469781007,-2.91583166332665,-0.404604178761487,-0.600604178761487
"49",4.33867735470942,0.525850426349969,-2.91583166332665,-0.404604178761487,-0.600604178761487
"50",4.49899799599198,0.399601478171882,-2.91583166332665,-0.404604178761487,-0.600604178761487
