"","x","yplot","target","ftrue","fwrong"
"1",-4.73947895791583,0.139177816080109,-4.65931863727455,0.264626253079899,0.460626253079899
"2",-4.67935871743487,0.173011979005737,-4.65931863727455,0.264626253079899,0.460626253079899
"3",-4.61923847695391,0.113916885495485,-4.65931863727455,0.264626253079899,0.460626253079899
"4",-4.59919839679359,0.394312174400193,-4.65931863727455,0.264626253079899,0.460626253079899
"5",-4.23847695390782,0.665536070421141,-4.65931863727455,0.264626253079899,0.460626253079899
"6",-4.17835671342685,0.633186105249602,-4.65931863727455,0.264626253079899,0.460626253079899
"7",-2.65531062124249,0.724439979292217,-4.65931863727455,0.264626253079899,0.460626253079899
"8",-2.63527054108216,0.694832052309488,-4.65931863727455,0.264626253079899,0.460626253079899
"9",-2.59519038076152,0.473813845294622,-4.65931863727455,0.264626253079899,0.460626253079899
"10",-1.13226452905812,-0.539581341449436,-4.65931863727455,0.264626253079899,0.460626253079899
"11",-0.631262525050101,-0.660405594625078,-4.65931863727455,0.264626253079899,0.460626253079899
"12",-0.531062124248497,-0.531076923263267,-4.65931863727455,0.264626253079899,0.460626253079899
"13",-0.430861723446894,-0.764814584343521,-4.65931863727455,0.264626253079899,0.460626253079899
"14",-0.170340681362726,-0.651761170538086,-4.65931863727455,0.264626253079899,0.460626253079899
"15",0.270541082164328,-0.456097888044373,-4.65931863727455,0.264626253079899,0.460626253079899
"16",1.87374749498998,0.160008094287629,-4.65931863727455,0.264626253079899,0.460626253079899
"17",2.73547094188377,0.407814391599238,-4.65931863727455,0.264626253079899,0.460626253079899
"18",3.09619238476954,0.194811192677249,-4.65931863727455,0.264626253079899,0.460626253079899
"19",3.45691382765531,0.324902320059284,-4.65931863727455,0.264626253079899,0.460626253079899
"20",3.67735470941884,0.201140130761649,-4.65931863727455,0.264626253079899,0.460626253079899
