"","x","yplot","target","ftrue","fwrong"
"1",-3.69739478957916,0.718175891589511,4.77955911823647,-0.53289982129017,-0.33689982129017
"2",-2.43486973947896,0.338826526589216,4.77955911823647,-0.53289982129017,-0.33689982129017
"3",2.03406813627254,-0.181965025825578,4.77955911823647,-0.53289982129017,-0.33689982129017
"4",4.17835671342685,-0.409005466278135,4.77955911823647,-0.53289982129017,-0.33689982129017
"5",4.21843687374749,-0.490424011883419,4.77955911823647,-0.53289982129017,-0.33689982129017
"6",4.33867735470942,-0.54052068186246,4.77955911823647,-0.53289982129017,-0.33689982129017
"7",4.4188376753507,-0.434894308838581,4.77955911823647,-0.53289982129017,-0.33689982129017
"8",4.63927855711423,-0.604988565586629,4.77955911823647,-0.53289982129017,-0.33689982129017
"9",4.79959919839679,-0.361333568894362,4.77955911823647,-0.53289982129017,-0.33689982129017
"10",4.81963927855711,-0.688640175018704,4.77955911823647,-0.53289982129017,-0.33689982129017
