"","x","yplot","target","ftrue","fwrong"
"1",-4.77955911823647,1.00900329993668,4.35871743486974,-0.688637704852651,-0.492637704852651
"2",-4.67935871743487,0.592591137716456,4.35871743486974,-0.688637704852651,-0.492637704852651
"3",-3.6372745490982,0.766879395334913,4.35871743486974,-0.688637704852651,-0.492637704852651
"4",-3.59719438877756,0.95634119951397,4.35871743486974,-0.688637704852651,-0.492637704852651
"5",-3.47695390781563,0.870090204708018,4.35871743486974,-0.688637704852651,-0.492637704852651
"6",-2.79559118236473,0.761690932411782,4.35871743486974,-0.688637704852651,-0.492637704852651
"7",-2.13426853707415,0.507912772038784,4.35871743486974,-0.688637704852651,-0.492637704852651
"8",-1.07214428857715,0.458907629806424,4.35871743486974,-0.688637704852651,-0.492637704852651
"9",-0.511022044088176,0.0277669313389614,4.35871743486974,-0.688637704852651,-0.492637704852651
"10",0.6312625250501,-0.439749214461493,4.35871743486974,-0.688637704852651,-0.492637704852651
"11",1.47294589178357,-0.424595956985186,4.35871743486974,-0.688637704852651,-0.492637704852651
"12",1.53306613226453,-0.448737770112732,4.35871743486974,-0.688637704852651,-0.492637704852651
"13",1.57314629258517,-0.595722010754974,4.35871743486974,-0.688637704852651,-0.492637704852651
"14",2.85571142284569,-0.591137702637276,4.35871743486974,-0.688637704852651,-0.492637704852651
"15",3.0561122244489,-0.709226875467287,4.35871743486974,-0.688637704852651,-0.492637704852651
"16",3.37675350701403,-0.811499730259643,4.35871743486974,-0.688637704852651,-0.492637704852651
"17",3.41683366733467,-0.546190564214109,4.35871743486974,-0.688637704852651,-0.492637704852651
"18",3.51703406813627,-0.649673068912445,4.35871743486974,-0.688637704852651,-0.492637704852651
"19",3.57715430861723,-0.744512041766196,4.35871743486974,-0.688637704852651,-0.492637704852651
"20",3.61723446893788,-0.757643964601071,4.35871743486974,-0.688637704852651,-0.492637704852651
"21",3.65731462925852,-0.678432602164762,4.35871743486974,-0.688637704852651,-0.492637704852651
"22",3.67735470941884,-0.696302889064745,4.35871743486974,-0.688637704852651,-0.492637704852651
"23",3.69739478957916,-0.815079615937011,4.35871743486974,-0.688637704852651,-0.492637704852651
"24",3.71743486973948,-0.539420109415701,4.35871743486974,-0.688637704852651,-0.492637704852651
"25",3.75751503006012,-0.71062534638421,4.35871743486974,-0.688637704852651,-0.492637704852651
"26",3.77755511022044,-0.532666111201369,4.35871743486974,-0.688637704852651,-0.492637704852651
"27",3.79759519038076,-0.790372987843876,4.35871743486974,-0.688637704852651,-0.492637704852651
"28",3.8376753507014,-0.839909780574289,4.35871743486974,-0.688637704852651,-0.492637704852651
"29",3.85771543086172,-0.711615189384182,4.35871743486974,-0.688637704852651,-0.492637704852651
"30",3.93787575150301,-0.812197195247911,4.35871743486974,-0.688637704852651,-0.492637704852651
"31",3.95791583166333,-0.630515039614325,4.35871743486974,-0.688637704852651,-0.492637704852651
"32",3.97795591182365,-0.709603325982173,4.35871743486974,-0.688637704852651,-0.492637704852651
"33",4.03807615230461,-0.719193238454268,4.35871743486974,-0.688637704852651,-0.492637704852651
"34",4.07815631262525,-0.692247927873715,4.35871743486974,-0.688637704852651,-0.492637704852651
"35",4.17835671342685,-0.623147484067171,4.35871743486974,-0.688637704852651,-0.492637704852651
"36",4.21843687374749,-0.568277553348779,4.35871743486974,-0.688637704852651,-0.492637704852651
"37",4.25851703406814,-0.843956250954293,4.35871743486974,-0.688637704852651,-0.492637704852651
"38",4.33867735470942,-0.770007542729169,4.35871743486974,-0.688637704852651,-0.492637704852651
"39",4.35871743486974,-0.730329431335889,4.35871743486974,-0.688637704852651,-0.492637704852651
"40",4.37875751503006,-0.547222534877117,4.35871743486974,-0.688637704852651,-0.492637704852651
"41",4.43887775551102,-0.774128179506921,4.35871743486974,-0.688637704852651,-0.492637704852651
"42",4.53907815631263,-0.605154187620365,4.35871743486974,-0.688637704852651,-0.492637704852651
"43",4.67935871743487,-0.486972868807788,4.35871743486974,-0.688637704852651,-0.492637704852651
"44",4.73947895791583,-0.850910597952816,4.35871743486974,-0.688637704852651,-0.492637704852651
"45",4.77955911823647,-0.704658037003867,4.35871743486974,-0.688637704852651,-0.492637704852651
"46",4.79959919839679,-0.671136270218102,4.35871743486974,-0.688637704852651,-0.492637704852651
"47",4.83967935871743,-0.649288204063519,4.35871743486974,-0.688637704852651,-0.492637704852651
"48",4.95991983967936,-0.617381754924858,4.35871743486974,-0.688637704852651,-0.492637704852651
"49",4.97995991983968,-0.648676903297923,4.35871743486974,-0.688637704852651,-0.492637704852651
"50",5,-0.660498209603109,4.35871743486974,-0.688637704852651,-0.492637704852651
