"","x","yplot","target","ftrue","fwrong"
"1",-4.71943887775551,0.470897394390569,4.27855711422846,-0.514698008097586,-0.318698008097586
"2",-4.4188376753507,0.18417668164116,4.27855711422846,-0.514698008097586,-0.318698008097586
"3",-1.7935871743487,-0.715773590049446,4.27855711422846,-0.514698008097586,-0.318698008097586
"4",-1.37274549098196,-0.566806913541886,4.27855711422846,-0.514698008097586,-0.318698008097586
"5",-0.891783567134269,-0.703369727629614,4.27855711422846,-0.514698008097586,-0.318698008097586
"6",-0.731462925851703,-0.417585062530532,4.27855711422846,-0.514698008097586,-0.318698008097586
"7",-0.470941883767535,-0.468723589714169,4.27855711422846,-0.514698008097586,-0.318698008097586
"8",-0.0300601202404813,-0.564027872685364,4.27855711422846,-0.514698008097586,-0.318698008097586
"9",0.511022044088176,-0.426258159477332,4.27855711422846,-0.514698008097586,-0.318698008097586
"10",0.671342685370742,-0.436734589918504,4.27855711422846,-0.514698008097586,-0.318698008097586
"11",1.09218436873747,-0.600491184270322,4.27855711422846,-0.514698008097586,-0.318698008097586
"12",1.49298597194389,-0.473655460874273,4.27855711422846,-0.514698008097586,-0.318698008097586
"13",2.85571142284569,-0.741160911230716,4.27855711422846,-0.514698008097586,-0.318698008097586
"14",2.87575150300601,-0.705948965563124,4.27855711422846,-0.514698008097586,-0.318698008097586
"15",3.6372745490982,-0.384130255445871,4.27855711422846,-0.514698008097586,-0.318698008097586
"16",3.75751503006012,-0.609630570673803,4.27855711422846,-0.514698008097586,-0.318698008097586
"17",3.79759519038076,-0.675271699848254,4.27855711422846,-0.514698008097586,-0.318698008097586
"18",4.05811623246493,-0.600587373320166,4.27855711422846,-0.514698008097586,-0.318698008097586
"19",4.53907815631263,-0.367875688193197,4.27855711422846,-0.514698008097586,-0.318698008097586
"20",4.91983967935872,-0.341504055778616,4.27855711422846,-0.514698008097586,-0.318698008097586
