"","x","yplot","target","ftrue","fwrong"
"1",-4.2184368737475,-0.258211771551247,-0.490981963927856,-0.535130854422239,-0.731130854422239
"2",-4.03807615230461,-0.247369205197402,-0.490981963927856,-0.535130854422239,-0.731130854422239
"3",-1.59318637274549,-0.564254084122763,-0.490981963927856,-0.535130854422239,-0.731130854422239
"4",-0.751503006012024,-0.673368387539705,-0.490981963927856,-0.535130854422239,-0.731130854422239
"5",-0.651302605210421,-0.753307620963571,-0.490981963927856,-0.535130854422239,-0.731130854422239
"6",0.270541082164328,0.0465827075476115,-0.490981963927856,-0.535130854422239,-0.731130854422239
"7",2.17434869739479,0.901176907333057,-0.490981963927856,-0.535130854422239,-0.731130854422239
"8",2.99599198396794,0.500641243001341,-0.490981963927856,-0.535130854422239,-0.731130854422239
"9",3.17635270541082,0.0946897340907297,-0.490981963927856,-0.535130854422239,-0.731130854422239
"10",4.61923847695391,-0.0634650020777226,-0.490981963927856,-0.535130854422239,-0.731130854422239
