"","x","yplot","target","ftrue","fwrong"
"1",-2.05410821643287,-0.328380765340106,2.19438877755511,0.625972888279675,0.429972888279675
"2",-2.01402805611222,-0.33686425343117,2.19438877755511,0.625972888279675,0.429972888279675
"3",-1.39278557114228,0.0611314302957244,2.19438877755511,0.625972888279675,0.429972888279675
"4",-0.671342685370742,0.316550782015122,2.19438877755511,0.625972888279675,0.429972888279675
"5",-0.0300601202404813,0.573975057340635,2.19438877755511,0.625972888279675,0.429972888279675
"6",1.25250501002004,0.615860887344015,2.19438877755511,0.625972888279675,0.429972888279675
"7",1.71342685370741,0.638358755498161,2.19438877755511,0.625972888279675,0.429972888279675
"8",2.61523046092184,0.747963180763811,2.19438877755511,0.625972888279675,0.429972888279675
"9",4.69939879759519,0.73658994711257,2.19438877755511,0.625972888279675,0.429972888279675
"10",5,0.576063897353187,2.19438877755511,0.625972888279675,0.429972888279675
