"","x","yplot","target","ftrue","fwrong"
"1",-4.93987975951904,0.337108226788137,-4.65931863727455,0.268767855484313,0.0727678554843129
"2",-4.91983967935872,0.363724154112986,-4.65931863727455,0.268767855484313,0.0727678554843129
"3",-4.85971943887776,0.323538668468962,-4.65931863727455,0.268767855484313,0.0727678554843129
"4",-4.83967935871743,0.207505954365476,-4.65931863727455,0.268767855484313,0.0727678554843129
"5",-4.79959919839679,0.230905301949245,-4.65931863727455,0.268767855484313,0.0727678554843129
"6",-4.67935871743487,0.325729964359972,-4.65931863727455,0.268767855484313,0.0727678554843129
"7",-4.45891783567134,0.103863477722895,-4.65931863727455,0.268767855484313,0.0727678554843129
"8",-4.15831663326653,0.247892863711125,-4.65931863727455,0.268767855484313,0.0727678554843129
"9",-4.13827655310621,0.381934139280933,-4.65931863727455,0.268767855484313,0.0727678554843129
"10",-4.03807615230461,0.371819863159411,-4.65931863727455,0.268767855484313,0.0727678554843129
"11",-3.99799599198397,0.309259905118613,-4.65931863727455,0.268767855484313,0.0727678554843129
"12",-3.97795591182365,0.41347996000862,-4.65931863727455,0.268767855484313,0.0727678554843129
"13",-3.89779559118236,0.427149357130843,-4.65931863727455,0.268767855484313,0.0727678554843129
"14",-3.69739478957916,0.308137234450935,-4.65931863727455,0.268767855484313,0.0727678554843129
"15",-0.230460921843687,-0.45944036965954,-4.65931863727455,0.268767855484313,0.0727678554843129
"16",1.77354709418838,0.226651522255013,-4.65931863727455,0.268767855484313,0.0727678554843129
"17",3.1563126252505,-0.0547503973786156,-4.65931863727455,0.268767855484313,0.0727678554843129
"18",3.6372745490982,-0.185827645363932,-4.65931863727455,0.268767855484313,0.0727678554843129
"19",3.7374749498998,-0.331300499642345,-4.65931863727455,0.268767855484313,0.0727678554843129
"20",4.11823647294589,-0.478274690070285,-4.65931863727455,0.268767855484313,0.0727678554843129
