"","x","yplot","target","ftrue","fwrong"
"1",-4.91983967935872,0.0746035736873198,3.99799599198397,0.00454944059913345,-0.191450559400867
"2",-4.69939879759519,0.263822003625653,3.99799599198397,0.00454944059913345,-0.191450559400867
"3",-4.03807615230461,0.517526075559046,3.99799599198397,0.00454944059913345,-0.191450559400867
"4",-3.69739478957916,0.641733493439973,3.99799599198397,0.00454944059913345,-0.191450559400867
"5",-3.2565130260521,0.38089666959872,3.99799599198397,0.00454944059913345,-0.191450559400867
"6",-0.811623246492986,-0.781455245080824,3.99799599198397,0.00454944059913345,-0.191450559400867
"7",-0.531062124248497,-0.751178571052184,3.99799599198397,0.00454944059913345,-0.191450559400867
"8",-0.190380761523047,-0.693169264762253,3.99799599198397,0.00454944059913345,-0.191450559400867
"9",-0.0100200400801604,-0.622233143876595,3.99799599198397,0.00454944059913345,-0.191450559400867
"10",0.0501002004008013,-0.614070582887562,3.99799599198397,0.00454944059913345,-0.191450559400867
"11",0.430861723446894,-0.422790526291273,3.99799599198397,0.00454944059913345,-0.191450559400867
"12",0.771543086172344,-0.128018334184741,3.99799599198397,0.00454944059913345,-0.191450559400867
"13",0.991983967935871,0.0975487600260383,3.99799599198397,0.00454944059913345,-0.191450559400867
"14",2.13426853707415,0.663847993733125,3.99799599198397,0.00454944059913345,-0.191450559400867
"15",3.23647294589178,0.234755579776558,3.99799599198397,0.00454944059913345,-0.191450559400867
"16",3.43687374749499,0.169338397707712,3.99799599198397,0.00454944059913345,-0.191450559400867
"17",3.59719438877755,-0.0591824720870056,3.99799599198397,0.00454944059913345,-0.191450559400867
"18",3.65731462925852,0.133425104895552,3.99799599198397,0.00454944059913345,-0.191450559400867
"19",3.95791583166333,0.0498428939592734,3.99799599198397,0.00454944059913345,-0.191450559400867
"20",4.15831663326653,0.040103212035541,3.99799599198397,0.00454944059913345,-0.191450559400867
