"","x","yplot","target","ftrue","fwrong"
"1",-4.55911823647295,-0.777514395286597,-1.87374749498998,-0.200535834877051,-0.396535834877051
"2",-4.11823647294589,-0.728726755161519,-1.87374749498998,-0.200535834877051,-0.396535834877051
"3",-4.05811623246493,-0.771790076317787,-1.87374749498998,-0.200535834877051,-0.396535834877051
"4",-3.81763527054108,-0.616472327969319,-1.87374749498998,-0.200535834877051,-0.396535834877051
"5",-3.7374749498998,-0.637002803277906,-1.87374749498998,-0.200535834877051,-0.396535834877051
"6",-3.71743486973948,-0.713681580035501,-1.87374749498998,-0.200535834877051,-0.396535834877051
"7",-3.41683366733467,-0.629108320133805,-1.87374749498998,-0.200535834877051,-0.396535834877051
"8",-2.81563126252505,-0.401554287491149,-1.87374749498998,-0.200535834877051,-0.396535834877051
"9",-2.71543086172345,-0.291394862125717,-1.87374749498998,-0.200535834877051,-0.396535834877051
"10",-2.69539078156313,-0.260226519733808,-1.87374749498998,-0.200535834877051,-0.396535834877051
"11",-2.67535070140281,-0.511147982020096,-1.87374749498998,-0.200535834877051,-0.396535834877051
"12",-2.4749498997996,-0.392079660770674,-1.87374749498998,-0.200535834877051,-0.396535834877051
"13",-1.63326653306613,-0.00760850597615556,-1.87374749498998,-0.200535834877051,-0.396535834877051
"14",-1.61322645290581,-0.196805131592135,-1.87374749498998,-0.200535834877051,-0.396535834877051
"15",-1.41282565130261,-0.100824806934693,-1.87374749498998,-0.200535834877051,-0.396535834877051
"16",-1.23246492985972,0.0283714293610674,-1.87374749498998,-0.200535834877051,-0.396535834877051
"17",0.470941883767535,0.576590648581626,-1.87374749498998,-0.200535834877051,-0.396535834877051
"18",0.651302605210421,0.586651930236346,-1.87374749498998,-0.200535834877051,-0.396535834877051
"19",0.871743486973948,0.425769209411342,-1.87374749498998,-0.200535834877051,-0.396535834877051
"20",0.971943887775551,0.780656659026465,-1.87374749498998,-0.200535834877051,-0.396535834877051
"21",1.51302605210421,0.881733275460815,-1.87374749498998,-0.200535834877051,-0.396535834877051
"22",2.11422845691383,0.77243660150962,-1.87374749498998,-0.200535834877051,-0.396535834877051
"23",2.17434869739479,0.736335843333996,-1.87374749498998,-0.200535834877051,-0.396535834877051
"24",2.43486973947896,0.835649632835652,-1.87374749498998,-0.200535834877051,-0.396535834877051
"25",2.5751503006012,0.862292843443894,-1.87374749498998,-0.200535834877051,-0.396535834877051
"26",2.79559118236473,0.979284646136158,-1.87374749498998,-0.200535834877051,-0.396535834877051
"27",2.87575150300601,0.873189103823341,-1.87374749498998,-0.200535834877051,-0.396535834877051
"28",2.89579158316633,0.988774149305453,-1.87374749498998,-0.200535834877051,-0.396535834877051
"29",4.17835671342685,0.882280058709591,-1.87374749498998,-0.200535834877051,-0.396535834877051
"30",4.61923847695391,0.605043354084001,-1.87374749498998,-0.200535834877051,-0.396535834877051
