"","x","yplot","target","ftrue","fwrong"
"1",-3.13627254509018,-0.910288589243394,-0.150300601202405,-0.893057225190856,-0.697057225190856
"2",-2.91583166332665,-0.80165663865068,-0.150300601202405,-0.893057225190856,-0.697057225190856
"3",-2.09418837675351,-0.817560804139112,-0.150300601202405,-0.893057225190856,-0.697057225190856
"4",-1.85370741482966,-0.859711362634237,-0.150300601202405,-0.893057225190856,-0.697057225190856
"5",-1.1122244488978,-1.02409079980328,-0.150300601202405,-0.893057225190856,-0.697057225190856
"6",-0.971943887775551,-0.875093759941098,-0.150300601202405,-0.893057225190856,-0.697057225190856
"7",-0.891783567134269,-0.878924748546078,-0.150300601202405,-0.893057225190856,-0.697057225190856
"8",-0.851703406813628,-0.867316527566354,-0.150300601202405,-0.893057225190856,-0.697057225190856
"9",-0.811623246492986,-0.905152802149065,-0.150300601202405,-0.893057225190856,-0.697057225190856
"10",-0.731462925851703,-1.00896001911271,-0.150300601202405,-0.893057225190856,-0.697057225190856
"11",-0.470941883767535,-0.896939700086552,-0.150300601202405,-0.893057225190856,-0.697057225190856
"12",-0.250501002004008,-0.834395195740632,-0.150300601202405,-0.893057225190856,-0.697057225190856
"13",0.0300601202404804,-0.788190081039215,-0.150300601202405,-0.893057225190856,-0.697057225190856
"14",0.0501002004008013,-0.834623639336434,-0.150300601202405,-0.893057225190856,-0.697057225190856
"15",0.0901803607214431,-0.818271317880609,-0.150300601202405,-0.893057225190856,-0.697057225190856
"16",0.170340681362725,-0.783027317988962,-0.150300601202405,-0.893057225190856,-0.697057225190856
"17",0.190380761523046,-1.00584882602277,-0.150300601202405,-0.893057225190856,-0.697057225190856
"18",0.31062124248497,-0.732504282444274,-0.150300601202405,-0.893057225190856,-0.697057225190856
"19",0.370741482965932,-0.739755033202847,-0.150300601202405,-0.893057225190856,-0.697057225190856
"20",0.390781563126252,-0.755264170372141,-0.150300601202405,-0.893057225190856,-0.697057225190856
"21",0.450901803607215,-0.749834153072269,-0.150300601202405,-0.893057225190856,-0.697057225190856
"22",0.551102204408817,-0.876352277020232,-0.150300601202405,-0.893057225190856,-0.697057225190856
"23",0.6312625250501,-0.661497712882212,-0.150300601202405,-0.893057225190856,-0.697057225190856
"24",0.671342685370742,-0.769564584506244,-0.150300601202405,-0.893057225190856,-0.697057225190856
"25",0.811623246492986,-0.654013150603162,-0.150300601202405,-0.893057225190856,-0.697057225190856
"26",3.27655310621243,-0.0186506683681331,-0.150300601202405,-0.893057225190856,-0.697057225190856
"27",3.35671342685371,0.0490860690716335,-0.150300601202405,-0.893057225190856,-0.697057225190856
"28",3.39679358717435,0.149513316811116,-0.150300601202405,-0.893057225190856,-0.697057225190856
"29",3.45691382765531,0.136207318954,-0.150300601202405,-0.893057225190856,-0.697057225190856
"30",4.13827655310621,0.274963887349573,-0.150300601202405,-0.893057225190856,-0.697057225190856
