"","x","yplot","target","ftrue","fwrong"
"1",-4.83967935871743,-0.553360653499028,0.31062124248497,-0.361800592472784,-0.165800592472784
"2",-4.73947895791583,-0.479720326353741,0.31062124248497,-0.361800592472784,-0.165800592472784
"3",-3.97795591182365,-0.24047334689805,0.31062124248497,-0.361800592472784,-0.165800592472784
"4",-3.47695390781563,0.0332737228422555,0.31062124248497,-0.361800592472784,-0.165800592472784
"5",-3.37675350701403,-0.0387712205686731,0.31062124248497,-0.361800592472784,-0.165800592472784
"6",-2.91583166332665,0.331188517363626,0.31062124248497,-0.361800592472784,-0.165800592472784
"7",-2.89579158316633,0.34127597829887,0.31062124248497,-0.361800592472784,-0.165800592472784
"8",-2.25450901803607,0.670513166053264,0.31062124248497,-0.361800592472784,-0.165800592472784
"9",-2.23446893787575,0.476389495439106,0.31062124248497,-0.361800592472784,-0.165800592472784
"10",-1.8937875751503,0.895887091175736,0.31062124248497,-0.361800592472784,-0.165800592472784
"11",-1.67334669338677,0.882194021169483,0.31062124248497,-0.361800592472784,-0.165800592472784
"12",-1.23246492985972,0.554121888076603,0.31062124248497,-0.361800592472784,-0.165800592472784
"13",-1.2124248496994,0.773799410522446,0.31062124248497,-0.361800592472784,-0.165800592472784
"14",-1.15230460921844,0.560621545297126,0.31062124248497,-0.361800592472784,-0.165800592472784
"15",-0.831663326653307,0.490206781362507,0.31062124248497,-0.361800592472784,-0.165800592472784
"16",-0.811623246492986,0.34683249209051,0.31062124248497,-0.361800592472784,-0.165800592472784
"17",-0.631262525050101,0.290309091115078,0.31062124248497,-0.361800592472784,-0.165800592472784
"18",-0.571142284569138,0.222222237419146,0.31062124248497,-0.361800592472784,-0.165800592472784
"19",-0.531062124248497,0.0966328541946233,0.31062124248497,-0.361800592472784,-0.165800592472784
"20",-0.330661322645291,0.159000524270026,0.31062124248497,-0.361800592472784,-0.165800592472784
"21",0.0100200400801604,-0.0463380123153532,0.31062124248497,-0.361800592472784,-0.165800592472784
"22",0.0901803607214431,-0.143067642397718,0.31062124248497,-0.361800592472784,-0.165800592472784
"23",0.230460921843687,-0.258406589062615,0.31062124248497,-0.361800592472784,-0.165800592472784
"24",0.33066132264529,-0.350813840777165,0.31062124248497,-0.361800592472784,-0.165800592472784
"25",0.791583166332665,-0.614990806039332,0.31062124248497,-0.361800592472784,-0.165800592472784
"26",0.95190380761523,-0.636471411150311,0.31062124248497,-0.361800592472784,-0.165800592472784
"27",0.971943887775551,-0.538976095843774,0.31062124248497,-0.361800592472784,-0.165800592472784
"28",1.15230460921844,-0.622644919890923,0.31062124248497,-0.361800592472784,-0.165800592472784
"29",1.81362725450902,-0.693258121820989,0.31062124248497,-0.361800592472784,-0.165800592472784
"30",2.23446893787575,-0.544566165678131,0.31062124248497,-0.361800592472784,-0.165800592472784
"31",2.43486973947896,-0.33874449776979,0.31062124248497,-0.361800592472784,-0.165800592472784
"32",2.89579158316633,-0.188994397923875,0.31062124248497,-0.361800592472784,-0.165800592472784
"33",3.07615230460922,-0.193548097237169,0.31062124248497,-0.361800592472784,-0.165800592472784
"34",3.2565130260521,0.0535110709030033,0.31062124248497,-0.361800592472784,-0.165800592472784
"35",3.93787575150301,0.402876628009046,0.31062124248497,-0.361800592472784,-0.165800592472784
"36",3.97795591182365,0.239603732655015,0.31062124248497,-0.361800592472784,-0.165800592472784
"37",4.17835671342685,0.345433832810635,0.31062124248497,-0.361800592472784,-0.165800592472784
"38",4.25851703406814,0.115783035891717,0.31062124248497,-0.361800592472784,-0.165800592472784
"39",4.77955911823647,-0.167622977007754,0.31062124248497,-0.361800592472784,-0.165800592472784
"40",4.83967935871743,-0.0122572066665472,0.31062124248497,-0.361800592472784,-0.165800592472784
