"","x","yplot","target","ftrue","fwrong"
"1",-4.35871743486974,-0.33347050529323,3.95791583166333,0.271125260833875,0.467125260833875
"2",-4.13827655310621,-0.519744196839934,3.95791583166333,0.271125260833875,0.467125260833875
"3",-4.07815631262525,-0.309456826811823,3.95791583166333,0.271125260833875,0.467125260833875
"4",-2.99599198396794,-0.422407985393556,3.95791583166333,0.271125260833875,0.467125260833875
"5",-2.91583166332665,-0.492442677715773,3.95791583166333,0.271125260833875,0.467125260833875
"6",-2.41482965931864,-0.713538337633394,3.95791583166333,0.271125260833875,0.467125260833875
"7",-2.23446893787575,-0.603369575234546,3.95791583166333,0.271125260833875,0.467125260833875
"8",-0.95190380761523,-0.640023226774725,3.95791583166333,0.271125260833875,0.467125260833875
"9",-0.731462925851703,-0.72476339644953,3.95791583166333,0.271125260833875,0.467125260833875
"10",0.410821643286573,-0.676802393155766,3.95791583166333,0.271125260833875,0.467125260833875
"11",2.07414829659319,-0.23588989388127,3.95791583166333,0.271125260833875,0.467125260833875
"12",2.21442885771543,-0.507541039339083,3.95791583166333,0.271125260833875,0.467125260833875
"13",2.23446893787575,-0.241311692052924,3.95791583166333,0.271125260833875,0.467125260833875
"14",2.77555110220441,-0.109076081271639,3.95791583166333,0.271125260833875,0.467125260833875
"15",3.95791583166333,0.455917525984675,3.95791583166333,0.271125260833875,0.467125260833875
"16",4.23847695390782,0.322608929932781,3.95791583166333,0.271125260833875,0.467125260833875
"17",4.43887775551102,0.611361470576616,3.95791583166333,0.271125260833875,0.467125260833875
"18",4.59919839679359,0.65321412385798,3.95791583166333,0.271125260833875,0.467125260833875
"19",4.77955911823647,0.52312975372899,3.95791583166333,0.271125260833875,0.467125260833875
"20",4.87975951903808,0.618294143395346,3.95791583166333,0.271125260833875,0.467125260833875
