"","x","yplot","target","ftrue","fwrong"
"1",-5,0.987986808541347,-4.37875751503006,0.901016476280105,1.0970164762801
"2",-4.97995991983968,0.99760080431694,-4.37875751503006,0.901016476280105,1.0970164762801
"3",-4.93987975951904,0.766683798009608,-4.37875751503006,0.901016476280105,1.0970164762801
"4",-4.91983967935872,0.985829626461123,-4.37875751503006,0.901016476280105,1.0970164762801
"5",-4.79959919839679,1.02932050391711,-4.37875751503006,0.901016476280105,1.0970164762801
"6",-4.75951903807615,1.11054509468436,-4.37875751503006,0.901016476280105,1.0970164762801
"7",-4.71943887775551,0.863789015203367,-4.37875751503006,0.901016476280105,1.0970164762801
"8",-4.61923847695391,1.10882863163507,-4.37875751503006,0.901016476280105,1.0970164762801
"9",-4.53907815631263,0.897502311818787,-4.37875751503006,0.901016476280105,1.0970164762801
"10",-4.37875751503006,0.921939828252518,-4.37875751503006,0.901016476280105,1.0970164762801
"11",-4.3186372745491,0.926859648138559,-4.37875751503006,0.901016476280105,1.0970164762801
"12",-3.67735470941884,0.893478930766446,-4.37875751503006,0.901016476280105,1.0970164762801
"13",-3.65731462925852,0.867780182296653,-4.37875751503006,0.901016476280105,1.0970164762801
"14",-3.49699398797595,1.10906318211111,-4.37875751503006,0.901016476280105,1.0970164762801
"15",-3.47695390781563,0.885796166326253,-4.37875751503006,0.901016476280105,1.0970164762801
"16",-3.29659318637275,0.89711650340668,-4.37875751503006,0.901016476280105,1.0970164762801
"17",-2.95591182364729,0.931685906484845,-4.37875751503006,0.901016476280105,1.0970164762801
"18",-2.85571142284569,0.75527320844691,-4.37875751503006,0.901016476280105,1.0970164762801
"19",-2.79559118236473,0.968321545396418,-4.37875751503006,0.901016476280105,1.0970164762801
"20",-2.59519038076152,0.987414501073327,-4.37875751503006,0.901016476280105,1.0970164762801
"21",-2.13426853707415,0.907317035234891,-4.37875751503006,0.901016476280105,1.0970164762801
"22",-1.33266533066132,0.833353279268044,-4.37875751503006,0.901016476280105,1.0970164762801
"23",-0.891783567134269,0.582973387493822,-4.37875751503006,0.901016476280105,1.0970164762801
"24",-0.811623246492986,0.755215642300305,-4.37875751503006,0.901016476280105,1.0970164762801
"25",-0.410821643286574,0.776694791001528,-4.37875751503006,0.901016476280105,1.0970164762801
"26",-0.230460921843687,0.609374617714325,-4.37875751503006,0.901016476280105,1.0970164762801
"27",0.270541082164328,0.695353946248936,-4.37875751503006,0.901016476280105,1.0970164762801
"28",0.370741482965932,0.653034283860776,-4.37875751503006,0.901016476280105,1.0970164762801
"29",0.571142284569138,0.190777082147427,-4.37875751503006,0.901016476280105,1.0970164762801
"30",0.791583166332665,0.461646180088527,-4.37875751503006,0.901016476280105,1.0970164762801
"31",0.831663326653306,0.600999915375584,-4.37875751503006,0.901016476280105,1.0970164762801
"32",0.851703406813627,0.495934784948811,-4.37875751503006,0.901016476280105,1.0970164762801
"33",1.03206412825651,0.315111034727571,-4.37875751503006,0.901016476280105,1.0970164762801
"34",1.25250501002004,0.292761155417008,-4.37875751503006,0.901016476280105,1.0970164762801
"35",1.27254509018036,0.328278465238474,-4.37875751503006,0.901016476280105,1.0970164762801
"36",1.33266533066132,0.327712372518502,-4.37875751503006,0.901016476280105,1.0970164762801
"37",1.63326653306613,0.128865832595538,-4.37875751503006,0.901016476280105,1.0970164762801
"38",1.71342685370741,0.0618651541952455,-4.37875751503006,0.901016476280105,1.0970164762801
"39",1.75350701402806,0.251591643691607,-4.37875751503006,0.901016476280105,1.0970164762801
"40",1.81362725450902,0.287220323979984,-4.37875751503006,0.901016476280105,1.0970164762801
"41",1.83366733466934,0.129927936263582,-4.37875751503006,0.901016476280105,1.0970164762801
"42",2.35470941883768,-0.0520637053664006,-4.37875751503006,0.901016476280105,1.0970164762801
"43",2.53507014028056,0.0419526285424632,-4.37875751503006,0.901016476280105,1.0970164762801
"44",3.1563126252505,-0.138623836025128,-4.37875751503006,0.901016476280105,1.0970164762801
"45",3.57715430861723,-0.389765151557532,-4.37875751503006,0.901016476280105,1.0970164762801
"46",3.71743486973948,-0.425932813556097,-4.37875751503006,0.901016476280105,1.0970164762801
"47",4.23847695390782,-0.462300908472594,-4.37875751503006,0.901016476280105,1.0970164762801
"48",4.29859719438878,-0.350909084622103,-4.37875751503006,0.901016476280105,1.0970164762801
"49",4.45891783567134,-0.511037666268081,-4.37875751503006,0.901016476280105,1.0970164762801
"50",4.67935871743487,-0.503900953609865,-4.37875751503006,0.901016476280105,1.0970164762801
