"","x","yplot","target","ftrue","fwrong"
"1",-3.11623246492986,0.826115598283617,0.33066132264529,0.970720257161325,0.774720257161325
"2",-3.03607214428858,0.600518544009528,0.33066132264529,0.970720257161325,0.774720257161325
"3",-2.95591182364729,0.659824659777595,0.33066132264529,0.970720257161325,0.774720257161325
"4",-1.41282565130261,0.779543804642401,0.33066132264529,0.970720257161325,0.774720257161325
"5",-1.35270541082164,0.728464248453247,0.33066132264529,0.970720257161325,0.774720257161325
"6",-0.430861723446894,0.949664434578139,0.33066132264529,0.970720257161325,0.774720257161325
"7",-0.290581162324649,0.953151646141402,0.33066132264529,0.970720257161325,0.774720257161325
"8",1.09218436873747,0.894454336930984,0.33066132264529,0.970720257161325,0.774720257161325
"9",1.91382765531062,0.812111531921863,0.33066132264529,0.970720257161325,0.774720257161325
"10",3.65731462925852,0.259641661530156,0.33066132264529,0.970720257161325,0.774720257161325
