"","x","yplot","target","ftrue","fwrong"
"1",-4.81963927855711,0.572597726235533,-3.23647294589178,-0.045309345424613,-0.241309345424613
"2",-4.75951903807615,0.618085042430503,-3.23647294589178,-0.045309345424613,-0.241309345424613
"3",-4.73947895791583,0.44207701252925,-3.23647294589178,-0.045309345424613,-0.241309345424613
"4",-3.8376753507014,0.140887661721058,-3.23647294589178,-0.045309345424613,-0.241309345424613
"5",-3.77755511022044,0.280892490068522,-3.23647294589178,-0.045309345424613,-0.241309345424613
"6",-3.67735470941884,0.182426598547154,-3.23647294589178,-0.045309345424613,-0.241309345424613
"7",-3.49699398797595,0.154909428817759,-3.23647294589178,-0.045309345424613,-0.241309345424613
"8",-3.35671342685371,0.0443283229030836,-3.23647294589178,-0.045309345424613,-0.241309345424613
"9",-3.19639278557114,-0.0180761160078576,-3.23647294589178,-0.045309345424613,-0.241309345424613
"10",-2.85571142284569,-0.211820502831225,-3.23647294589178,-0.045309345424613,-0.241309345424613
"11",-2.77555110220441,-0.416258587247768,-3.23647294589178,-0.045309345424613,-0.241309345424613
"12",-2.67535070140281,-0.257712817649225,-3.23647294589178,-0.045309345424613,-0.241309345424613
"13",-2.59519038076152,-0.363211724724489,-3.23647294589178,-0.045309345424613,-0.241309345424613
"14",-2.55511022044088,-0.410675925971219,-3.23647294589178,-0.045309345424613,-0.241309345424613
"15",-2.39478957915832,-0.421361791389804,-3.23647294589178,-0.045309345424613,-0.241309345424613
"16",-1.81362725450902,-0.416759738706625,-3.23647294589178,-0.045309345424613,-0.241309345424613
"17",-1.61322645290581,-0.466891873897953,-3.23647294589178,-0.045309345424613,-0.241309345424613
"18",-1.29258517034068,-0.328178323819211,-3.23647294589178,-0.045309345424613,-0.241309345424613
"19",-1.03206412825651,-0.278080865865519,-3.23647294589178,-0.045309345424613,-0.241309345424613
"20",-0.971943887775551,-0.108379274451705,-3.23647294589178,-0.045309345424613,-0.241309345424613
"21",-0.95190380761523,0.0185914482245843,-3.23647294589178,-0.045309345424613,-0.241309345424613
"22",-0.330661322645291,0.213926629909773,-3.23647294589178,-0.045309345424613,-0.241309345424613
"23",-0.150300601202405,0.276018309451379,-3.23647294589178,-0.045309345424613,-0.241309345424613
"24",-0.110220440881764,0.462423634886484,-3.23647294589178,-0.045309345424613,-0.241309345424613
"25",0.0501002004008013,0.3690493045061,-3.23647294589178,-0.045309345424613,-0.241309345424613
"26",0.230460921843687,0.553164020623198,-3.23647294589178,-0.045309345424613,-0.241309345424613
"27",0.370741482965932,0.438041311239727,-3.23647294589178,-0.045309345424613,-0.241309345424613
"28",1.43286573146293,0.226420395061282,-3.23647294589178,-0.045309345424613,-0.241309345424613
"29",1.73346693386774,0.218814753692632,-3.23647294589178,-0.045309345424613,-0.241309345424613
"30",2.29458917835671,-0.35304929580518,-3.23647294589178,-0.045309345424613,-0.241309345424613
"31",2.33466933867735,-0.450204737917649,-3.23647294589178,-0.045309345424613,-0.241309345424613
"32",2.49498997995992,-0.341844358066434,-3.23647294589178,-0.045309345424613,-0.241309345424613
"33",2.55511022044088,-0.560829172630288,-3.23647294589178,-0.045309345424613,-0.241309345424613
"34",2.77555110220441,-0.607844574045229,-3.23647294589178,-0.045309345424613,-0.241309345424613
"35",2.79559118236473,-0.511493833413778,-3.23647294589178,-0.045309345424613,-0.241309345424613
"36",3.17635270541082,-0.398104864251463,-3.23647294589178,-0.045309345424613,-0.241309345424613
"37",3.49699398797595,-0.52859522665332,-3.23647294589178,-0.045309345424613,-0.241309345424613
"38",3.6372745490982,-0.452770098667973,-3.23647294589178,-0.045309345424613,-0.241309345424613
"39",4.39879759519038,0.0419088112986542,-3.23647294589178,-0.045309345424613,-0.241309345424613
"40",4.8997995991984,0.650558522374686,-3.23647294589178,-0.045309345424613,-0.241309345424613
