"","x","yplot","target","ftrue","fwrong"
"1",-4.69939879759519,0.333516680703497,-0.511022044088176,0.981940849800906,1.17794084980091
"2",-4.35871743486974,-0.0188075467725585,-0.511022044088176,0.981940849800906,1.17794084980091
"3",-4.01803607214429,-0.349598870666383,-0.511022044088176,0.981940849800906,1.17794084980091
"4",-3.7374749498998,-0.493184089078686,-0.511022044088176,0.981940849800906,1.17794084980091
"5",-2.17434869739479,-0.104424459361674,-0.511022044088176,0.981940849800906,1.17794084980091
"6",-1.45290581162325,0.459701935594379,-0.511022044088176,0.981940849800906,1.17794084980091
"7",-1.35270541082164,0.633651550538044,-0.511022044088176,0.981940849800906,1.17794084980091
"8",-1.33266533066132,0.559869877484741,-0.511022044088176,0.981940849800906,1.17794084980091
"9",-1.312625250501,0.617802916953993,-0.511022044088176,0.981940849800906,1.17794084980091
"10",-1.25250501002004,0.589829430326619,-0.511022044088176,0.981940849800906,1.17794084980091
"11",-1.17234468937876,0.86668758305387,-0.511022044088176,0.981940849800906,1.17794084980091
"12",-1.09218436873748,0.930933078605988,-0.511022044088176,0.981940849800906,1.17794084980091
"13",-0.91182364729459,0.972225393889993,-0.511022044088176,0.981940849800906,1.17794084980091
"14",-0.731462925851703,0.891725044171611,-0.511022044088176,0.981940849800906,1.17794084980091
"15",-0.671342685370742,1.14947975613408,-0.511022044088176,0.981940849800906,1.17794084980091
"16",-0.490981963927856,0.974998627362172,-0.511022044088176,0.981940849800906,1.17794084980091
"17",-0.470941883767535,0.850787436817659,-0.511022044088176,0.981940849800906,1.17794084980091
"18",-0.450901803607215,0.838979019954461,-0.511022044088176,0.981940849800906,1.17794084980091
"19",-0.370741482965932,1.05101684115624,-0.511022044088176,0.981940849800906,1.17794084980091
"20",-0.350701402805611,0.893944041712625,-0.511022044088176,0.981940849800906,1.17794084980091
"21",-0.330661322645291,0.880904729068808,-0.511022044088176,0.981940849800906,1.17794084980091
"22",-0.290581162324649,1.10439175105127,-0.511022044088176,0.981940849800906,1.17794084980091
"23",-0.190380761523047,0.794583673916375,-0.511022044088176,0.981940849800906,1.17794084980091
"24",-0.170340681362726,0.949428728501209,-0.511022044088176,0.981940849800906,1.17794084980091
"25",-0.130260521042084,0.950593908537778,-0.511022044088176,0.981940849800906,1.17794084980091
"26",0.0701402805611222,0.974117887606822,-0.511022044088176,0.981940849800906,1.17794084980091
"27",0.0901803607214431,0.84193113555949,-0.511022044088176,0.981940849800906,1.17794084980091
"28",0.150300601202405,0.899834767670279,-0.511022044088176,0.981940849800906,1.17794084980091
"29",0.190380761523046,0.615239784178067,-0.511022044088176,0.981940849800906,1.17794084980091
"30",0.270541082164328,0.623161813538218,-0.511022044088176,0.981940849800906,1.17794084980091
"31",0.33066132264529,0.483179742930178,-0.511022044088176,0.981940849800906,1.17794084980091
"32",0.350701402805611,0.541763397786525,-0.511022044088176,0.981940849800906,1.17794084980091
"33",0.430861723446894,0.510597766149357,-0.511022044088176,0.981940849800906,1.17794084980091
"34",0.891783567134269,0.296045051826346,-0.511022044088176,0.981940849800906,1.17794084980091
"35",1.39278557114228,-0.37011531560833,-0.511022044088176,0.981940849800906,1.17794084980091
"36",1.93386773547094,-0.855474013241012,-0.511022044088176,0.981940849800906,1.17794084980091
"37",2.05410821643287,-0.883372244726198,-0.511022044088176,0.981940849800906,1.17794084980091
"38",4.05811623246493,0.0509362076359761,-0.511022044088176,0.981940849800906,1.17794084980091
"39",4.15831663326653,0.118472955391937,-0.511022044088176,0.981940849800906,1.17794084980091
"40",4.63927855711423,0.13868123451817,-0.511022044088176,0.981940849800906,1.17794084980091
