"","x","yplot","target","ftrue","fwrong"
"1",-3.21643286573146,-0.395403324466621,1.61322645290581,-0.0984680519975247,-0.294468051997525
"2",-0.851703406813628,0.446050578662243,1.61322645290581,-0.0984680519975247,-0.294468051997525
"3",-0.130260521042084,-0.127243267754147,1.61322645290581,-0.0984680519975247,-0.294468051997525
"4",0.6312625250501,-0.42976178982798,1.61322645290581,-0.0984680519975247,-0.294468051997525
"5",0.731462925851703,-0.435362744463068,1.61322645290581,-0.0984680519975247,-0.294468051997525
"6",0.831663326653306,-0.651539331639383,1.61322645290581,-0.0984680519975247,-0.294468051997525
"7",0.971943887775551,-0.604992320946388,1.61322645290581,-0.0984680519975247,-0.294468051997525
"8",1.45290581162325,-0.196145744825346,1.61322645290581,-0.0984680519975247,-0.294468051997525
"9",1.57314629258517,-0.0505804655245314,1.61322645290581,-0.0984680519975247,-0.294468051997525
"10",1.61322645290581,-0.114069713369804,1.61322645290581,-0.0984680519975247,-0.294468051997525
"11",1.75350701402806,0.00898481366611639,1.61322645290581,-0.0984680519975247,-0.294468051997525
"12",1.77354709418838,0.228211700310858,1.61322645290581,-0.0984680519975247,-0.294468051997525
"13",2.03406813627254,0.134797135681062,1.61322645290581,-0.0984680519975247,-0.294468051997525
"14",2.23446893787575,0.256992113953556,1.61322645290581,-0.0984680519975247,-0.294468051997525
"15",2.45490981963928,0.491446595593505,1.61322645290581,-0.0984680519975247,-0.294468051997525
"16",2.4749498997996,0.718664273437603,1.61322645290581,-0.0984680519975247,-0.294468051997525
"17",2.5751503006012,0.754573481583379,1.61322645290581,-0.0984680519975247,-0.294468051997525
"18",2.69539078156313,0.676567558278139,1.61322645290581,-0.0984680519975247,-0.294468051997525
"19",3.53707414829659,0.811622753385653,1.61322645290581,-0.0984680519975247,-0.294468051997525
"20",3.67735470941884,0.560623378976515,1.61322645290581,-0.0984680519975247,-0.294468051997525
