"","x","yplot","target","ftrue","fwrong"
"1",-4.8997995991984,0.686942150281672,3.71743486973948,-0.507037465243283,-0.311037465243283
"2",-3.61723446893788,0.699661238881211,3.71743486973948,-0.507037465243283,-0.311037465243283
"3",-3.01603206412826,0.573126195859445,3.71743486973948,-0.507037465243283,-0.311037465243283
"4",-1.69338677354709,0.491863250631741,3.71743486973948,-0.507037465243283,-0.311037465243283
"5",-0.430861723446894,0.195114515025456,3.71743486973948,-0.507037465243283,-0.311037465243283
"6",0.95190380761523,-0.241484903014134,3.71743486973948,-0.507037465243283,-0.311037465243283
"7",1.15230460921844,-0.123789278371906,3.71743486973948,-0.507037465243283,-0.311037465243283
"8",2.07414829659319,-0.35919828209226,3.71743486973948,-0.507037465243283,-0.311037465243283
"9",2.95591182364729,-0.337939031100589,3.71743486973948,-0.507037465243283,-0.311037465243283
"10",2.97595190380761,-0.395042636855293,3.71743486973948,-0.507037465243283,-0.311037465243283
"11",3.1563126252505,-0.438028686342296,3.71743486973948,-0.507037465243283,-0.311037465243283
"12",3.21643286573146,-0.438356752857922,3.71743486973948,-0.507037465243283,-0.311037465243283
"13",3.31663326653307,-0.422698789417371,3.71743486973948,-0.507037465243283,-0.311037465243283
"14",3.37675350701403,-0.435010473688086,3.71743486973948,-0.507037465243283,-0.311037465243283
"15",3.41683366733467,-0.503045122251595,3.71743486973948,-0.507037465243283,-0.311037465243283
"16",3.51703406813627,-0.521139785037561,3.71743486973948,-0.507037465243283,-0.311037465243283
"17",3.59719438877755,-0.529877533309649,3.71743486973948,-0.507037465243283,-0.311037465243283
"18",3.77755511022044,-0.451935572305425,3.71743486973948,-0.507037465243283,-0.311037465243283
"19",3.8376753507014,-0.639474546801656,3.71743486973948,-0.507037465243283,-0.311037465243283
"20",3.87775551102204,-0.531038217617469,3.71743486973948,-0.507037465243283,-0.311037465243283
"21",3.95791583166333,-0.630720668319221,3.71743486973948,-0.507037465243283,-0.311037465243283
"22",3.99799599198397,-0.37320931326196,3.71743486973948,-0.507037465243283,-0.311037465243283
"23",4.05811623246493,-0.491887688875654,3.71743486973948,-0.507037465243283,-0.311037465243283
"24",4.07815631262525,-0.41546860603681,3.71743486973948,-0.507037465243283,-0.311037465243283
"25",4.29859719438878,-0.296289447801807,3.71743486973948,-0.507037465243283,-0.311037465243283
"26",4.33867735470942,-0.61760023885781,3.71743486973948,-0.507037465243283,-0.311037465243283
"27",4.35871743486974,-0.428921806445317,3.71743486973948,-0.507037465243283,-0.311037465243283
"28",4.55911823647295,-0.668594935419763,3.71743486973948,-0.507037465243283,-0.311037465243283
"29",4.67935871743487,-0.495111988053163,3.71743486973948,-0.507037465243283,-0.311037465243283
"30",4.79959919839679,-0.352901096698679,3.71743486973948,-0.507037465243283,-0.311037465243283
