"","x","yplot","target","ftrue","fwrong"
"1",-4.47895791583166,0.68167987813007,0.370741482965932,0.441292241162358,0.637292241162358
"2",-4.33867735470942,0.634766760941953,0.370741482965932,0.441292241162358,0.637292241162358
"3",-4.09819639278557,0.470477616869433,0.370741482965932,0.441292241162358,0.637292241162358
"4",-2.95591182364729,0.53114657011051,0.370741482965932,0.441292241162358,0.637292241162358
"5",-2.87575150300601,0.376095942222106,0.370741482965932,0.441292241162358,0.637292241162358
"6",-2.5751503006012,0.416998602632936,0.370741482965932,0.441292241162358,0.637292241162358
"7",-2.41482965931864,0.536087330603444,0.370741482965932,0.441292241162358,0.637292241162358
"8",-2.05410821643287,0.613570394158323,0.370741482965932,0.441292241162358,0.637292241162358
"9",-1.85370741482966,0.645920713894879,0.370741482965932,0.441292241162358,0.637292241162358
"10",-1.75350701402806,0.743217412210255,0.370741482965932,0.441292241162358,0.637292241162358
"11",-1.63326653306613,0.808321575017543,0.370741482965932,0.441292241162358,0.637292241162358
"12",-1.37274549098196,0.596390447936116,0.370741482965932,0.441292241162358,0.637292241162358
"13",-0.871743486973948,0.787859463115811,0.370741482965932,0.441292241162358,0.637292241162358
"14",-0.791583166332665,0.620701156407154,0.370741482965932,0.441292241162358,0.637292241162358
"15",-0.551102204408818,0.541113438874433,0.370741482965932,0.441292241162358,0.637292241162358
"16",-0.490981963927856,0.524697967004787,0.370741482965932,0.441292241162358,0.637292241162358
"17",-0.0501002004008022,0.510638829245024,0.370741482965932,0.441292241162358,0.637292241162358
"18",0.210420841683367,0.559728281161925,0.370741482965932,0.441292241162358,0.637292241162358
"19",0.531062124248497,0.320833325001593,0.370741482965932,0.441292241162358,0.637292241162358
"20",0.571142284569138,0.356798566404629,0.370741482965932,0.441292241162358,0.637292241162358
"21",0.691382765531062,0.322194512338926,0.370741482965932,0.441292241162358,0.637292241162358
"22",1.23246492985972,0.606200843342305,0.370741482965932,0.441292241162358,0.637292241162358
"23",1.33266533066132,0.412432889413122,0.370741482965932,0.441292241162358,0.637292241162358
"24",1.4128256513026,0.53593405441798,0.370741482965932,0.441292241162358,0.637292241162358
"25",1.57314629258517,0.761418129159962,0.370741482965932,0.441292241162358,0.637292241162358
"26",2.374749498998,0.553935349506601,0.370741482965932,0.441292241162358,0.637292241162358
"27",2.95591182364729,0.400804699763216,0.370741482965932,0.441292241162358,0.637292241162358
"28",3.11623246492986,0.259670459615199,0.370741482965932,0.441292241162358,0.637292241162358
"29",3.45691382765531,0.426738174151921,0.370741482965932,0.441292241162358,0.637292241162358
"30",4.67935871743487,-0.197509889948198,0.370741482965932,0.441292241162358,0.637292241162358
