"","x","yplot","target","ftrue","fwrong"
"1",-4.3186372745491,-0.648538126857655,1.69338677354709,0.263086089116997,0.459086089116997
"2",-2.11422845691383,-0.483363218781579,1.69338677354709,0.263086089116997,0.459086089116997
"3",-1.09218436873748,-0.407030973651051,1.69338677354709,0.263086089116997,0.459086089116997
"4",-1.01202404809619,-0.512835904614582,1.69338677354709,0.263086089116997,0.459086089116997
"5",-0.330661322645291,-0.367496004346425,1.69338677354709,0.263086089116997,0.459086089116997
"6",0.971943887775551,-0.0266306044115733,1.69338677354709,0.263086089116997,0.459086089116997
"7",1.312625250501,0.251457919139261,1.69338677354709,0.263086089116997,0.459086089116997
"8",2.61523046092184,0.560628061349596,1.69338677354709,0.263086089116997,0.459086089116997
"9",2.85571142284569,0.457620905573118,1.69338677354709,0.263086089116997,0.459086089116997
"10",4.45891783567134,0.922976829214523,1.69338677354709,0.263086089116997,0.459086089116997
