"","x","yplot","target","ftrue","fwrong"
"1",-3.87775551102204,0.0164119554637953,-2.89579158316633,0.164730599903618,0.360730599903618
"2",-3.77755511022044,-0.0749395293015338,-2.89579158316633,0.164730599903618,0.360730599903618
"3",-3.69739478957916,-0.0386977694543693,-2.89579158316633,0.164730599903618,0.360730599903618
"4",-3.65731462925852,0.0678877115035102,-2.89579158316633,0.164730599903618,0.360730599903618
"5",-3.59719438877756,0.00412175610763194,-2.89579158316633,0.164730599903618,0.360730599903618
"6",-3.57715430861723,-0.0294204457061525,-2.89579158316633,0.164730599903618,0.360730599903618
"7",-3.39679358717435,0.00241569057241595,-2.89579158316633,0.164730599903618,0.360730599903618
"8",-3.35671342685371,0.0458826847061458,-2.89579158316633,0.164730599903618,0.360730599903618
"9",-3.33667334669339,-0.0219865727799659,-2.89579158316633,0.164730599903618,0.360730599903618
"10",-3.2565130260521,0.0898712335108923,-2.89579158316633,0.164730599903618,0.360730599903618
"11",-3.17635270541082,0.0412880868993735,-2.89579158316633,0.164730599903618,0.360730599903618
"12",-3.1563126252505,0.0993391294819561,-2.89579158316633,0.164730599903618,0.360730599903618
"13",-3.07615230460922,-0.0469315687621244,-2.89579158316633,0.164730599903618,0.360730599903618
"14",-3.01603206412826,0.0989266360280275,-2.89579158316633,0.164730599903618,0.360730599903618
"15",-2.99599198396794,0.0330755646847012,-2.89579158316633,0.164730599903618,0.360730599903618
"16",-2.87575150300601,0.282229997499767,-2.89579158316633,0.164730599903618,0.360730599903618
"17",-2.81563126252505,0.12742752697749,-2.89579158316633,0.164730599903618,0.360730599903618
"18",-2.77555110220441,0.129406636153501,-2.89579158316633,0.164730599903618,0.360730599903618
"19",-2.69539078156313,0.189239611981529,-2.89579158316633,0.164730599903618,0.360730599903618
"20",-2.67535070140281,0.149905578589625,-2.89579158316633,0.164730599903618,0.360730599903618
"21",-2.63527054108216,0.31001443711829,-2.89579158316633,0.164730599903618,0.360730599903618
"22",-2.61523046092184,0.102843070861666,-2.89579158316633,0.164730599903618,0.360730599903618
"23",-2.55511022044088,0.215781315239273,-2.89579158316633,0.164730599903618,0.360730599903618
"24",-2.51503006012024,0.351364266713019,-2.89579158316633,0.164730599903618,0.360730599903618
"25",-2.49498997995992,0.444156971434817,-2.89579158316633,0.164730599903618,0.360730599903618
"26",-2.45490981963928,0.167438682648978,-2.89579158316633,0.164730599903618,0.360730599903618
"27",-2.29458917835671,0.360444349387094,-2.89579158316633,0.164730599903618,0.360730599903618
"28",-2.27454909819639,0.395438036389682,-2.89579158316633,0.164730599903618,0.360730599903618
"29",-2.25450901803607,0.181100636952662,-2.89579158316633,0.164730599903618,0.360730599903618
"30",-2.21442885771543,0.262670239258032,-2.89579158316633,0.164730599903618,0.360730599903618
"31",-2.13426853707415,0.376617935518749,-2.89579158316633,0.164730599903618,0.360730599903618
"32",-2.01402805611222,0.452747963521227,-2.89579158316633,0.164730599903618,0.360730599903618
"33",-1.97394789579158,0.224494342633687,-2.89579158316633,0.164730599903618,0.360730599903618
"34",-1.95390781563126,0.300635149271433,-2.89579158316633,0.164730599903618,0.360730599903618
"35",-1.91382765531062,0.424543419376457,-2.89579158316633,0.164730599903618,0.360730599903618
"36",-1.17234468937876,0.191992677783483,-2.89579158316633,0.164730599903618,0.360730599903618
"37",-1.15230460921844,0.140050633217407,-2.89579158316633,0.164730599903618,0.360730599903618
"38",-0.811623246492986,0.30769670496546,-2.89579158316633,0.164730599903618,0.360730599903618
"39",0.450901803607215,-0.578990414240504,-2.89579158316633,0.164730599903618,0.360730599903618
"40",0.531062124248497,-0.610883087412226,-2.89579158316633,0.164730599903618,0.360730599903618
"41",0.991983967935871,-0.614727560981978,-2.89579158316633,0.164730599903618,0.360730599903618
"42",1.61322645290581,-0.866743595183169,-2.89579158316633,0.164730599903618,0.360730599903618
"43",2.43486973947896,-0.701785888481419,-2.89579158316633,0.164730599903618,0.360730599903618
"44",3.57715430861723,-0.423251391893092,-2.89579158316633,0.164730599903618,0.360730599903618
"45",4.01803607214429,-0.42163565422313,-2.89579158316633,0.164730599903618,0.360730599903618
"46",4.07815631262525,-0.141858733815592,-2.89579158316633,0.164730599903618,0.360730599903618
"47",4.09819639278557,-0.317163374572919,-2.89579158316633,0.164730599903618,0.360730599903618
"48",4.11823647294589,-0.30008555035279,-2.89579158316633,0.164730599903618,0.360730599903618
"49",4.19839679358717,-0.298585469456844,-2.89579158316633,0.164730599903618,0.360730599903618
"50",4.85971943887776,-0.251597335759779,-2.89579158316633,0.164730599903618,0.360730599903618
