"","x","yplot","target","ftrue","fwrong"
"1",-4.71943887775551,-1.00304906801098,3.23647294589178,0.627205264422034,0.823205264422034
"2",-4.59919839679359,-0.713485302595305,3.23647294589178,0.627205264422034,0.823205264422034
"3",-4.47895791583166,-0.86045136559355,3.23647294589178,0.627205264422034,0.823205264422034
"4",-3.21643286573146,-0.681838766112621,3.23647294589178,0.627205264422034,0.823205264422034
"5",-3.07615230460922,-0.797355726878277,3.23647294589178,0.627205264422034,0.823205264422034
"6",-3.0561122244489,-0.68469192245164,3.23647294589178,0.627205264422034,0.823205264422034
"7",-2.17434869739479,-0.474038323103902,3.23647294589178,0.627205264422034,0.823205264422034
"8",-1.35270541082164,-0.207691070293449,3.23647294589178,0.627205264422034,0.823205264422034
"9",-1.312625250501,-0.225268214356404,3.23647294589178,0.627205264422034,0.823205264422034
"10",-1.1122244488978,-0.157656937789423,3.23647294589178,0.627205264422034,0.823205264422034
"11",-0.891783567134269,-0.0842367160310715,3.23647294589178,0.627205264422034,0.823205264422034
"12",-0.551102204408818,-0.0329791312700565,3.23647294589178,0.627205264422034,0.823205264422034
"13",0.971943887775551,0.388325797666036,3.23647294589178,0.627205264422034,0.823205264422034
"14",2.03406813627254,0.398411982150746,3.23647294589178,0.627205264422034,0.823205264422034
"15",2.27454909819639,0.421455960395357,3.23647294589178,0.627205264422034,0.823205264422034
"16",2.31462925851703,0.752441340293547,3.23647294589178,0.627205264422034,0.823205264422034
"17",2.374749498998,0.560110896741665,3.23647294589178,0.627205264422034,0.823205264422034
"18",2.4749498997996,0.649054504676376,3.23647294589178,0.627205264422034,0.823205264422034
"19",2.59519038076152,0.629377193682886,3.23647294589178,0.627205264422034,0.823205264422034
"20",2.63527054108216,0.560766237747221,3.23647294589178,0.627205264422034,0.823205264422034
"21",2.65531062124249,0.620927587966686,3.23647294589178,0.627205264422034,0.823205264422034
"22",2.69539078156313,0.526205996386647,3.23647294589178,0.627205264422034,0.823205264422034
"23",2.77555110220441,0.441136819878764,3.23647294589178,0.627205264422034,0.823205264422034
"24",2.81563126252505,0.627740842201861,3.23647294589178,0.627205264422034,0.823205264422034
"25",2.85571142284569,0.568482179015591,3.23647294589178,0.627205264422034,0.823205264422034
"26",2.87575150300601,0.617359242305854,3.23647294589178,0.627205264422034,0.823205264422034
"27",2.89579158316633,0.511466359858657,3.23647294589178,0.627205264422034,0.823205264422034
"28",3.03607214428858,0.591190826985596,3.23647294589178,0.627205264422034,0.823205264422034
"29",3.07615230460922,0.880412548482939,3.23647294589178,0.627205264422034,0.823205264422034
"30",3.09619238476954,0.486666788497948,3.23647294589178,0.627205264422034,0.823205264422034
"31",3.17635270541082,0.536728539336257,3.23647294589178,0.627205264422034,0.823205264422034
"32",3.21643286573146,0.636905338333202,3.23647294589178,0.627205264422034,0.823205264422034
"33",3.23647294589178,0.681928484705805,3.23647294589178,0.627205264422034,0.823205264422034
"34",3.29659318637274,0.713903812601807,3.23647294589178,0.627205264422034,0.823205264422034
"35",3.33667334669339,0.526180000489792,3.23647294589178,0.627205264422034,0.823205264422034
"36",3.35671342685371,0.684839560364451,3.23647294589178,0.627205264422034,0.823205264422034
"37",3.41683366733467,0.72986299089144,3.23647294589178,0.627205264422034,0.823205264422034
"38",3.45691382765531,0.543048218325953,3.23647294589178,0.627205264422034,0.823205264422034
"39",3.47695390781563,0.632832200152635,3.23647294589178,0.627205264422034,0.823205264422034
"40",3.53707414829659,0.547934040371027,3.23647294589178,0.627205264422034,0.823205264422034
"41",3.71743486973948,0.613226222546041,3.23647294589178,0.627205264422034,0.823205264422034
"42",3.75751503006012,0.735490527496864,3.23647294589178,0.627205264422034,0.823205264422034
"43",3.77755511022044,0.694137681515772,3.23647294589178,0.627205264422034,0.823205264422034
"44",4.03807615230461,0.701707565118158,3.23647294589178,0.627205264422034,0.823205264422034
"45",4.07815631262525,0.655206242758683,3.23647294589178,0.627205264422034,0.823205264422034
"46",4.11823647294589,0.571984262677322,3.23647294589178,0.627205264422034,0.823205264422034
"47",4.13827655310621,0.67273992760598,3.23647294589178,0.627205264422034,0.823205264422034
"48",4.15831663326653,0.710711828714694,3.23647294589178,0.627205264422034,0.823205264422034
"49",4.19839679358717,0.684560445809793,3.23647294589178,0.627205264422034,0.823205264422034
"50",4.67935871743487,0.63871907697382,3.23647294589178,0.627205264422034,0.823205264422034
