"","x","yplot","target","ftrue","fwrong"
"1",-4.95991983967936,0.832900649913575,-0.410821643286574,-0.0276493901686468,0.168350609831353
"2",-3.91783567134269,-0.0793802974315176,-0.410821643286574,-0.0276493901686468,0.168350609831353
"3",-3.87775551102204,-0.332256543815184,-0.410821643286574,-0.0276493901686468,0.168350609831353
"4",-3.65731462925852,-0.716051762980415,-0.410821643286574,-0.0276493901686468,0.168350609831353
"5",-2.39478957915832,-0.615982740082859,-0.410821643286574,-0.0276493901686468,0.168350609831353
"6",-2.29458917835671,-0.856516861652079,-0.410821643286574,-0.0276493901686468,0.168350609831353
"7",-2.17434869739479,-0.79408777955653,-0.410821643286574,-0.0276493901686468,0.168350609831353
"8",-1.77354709418838,-0.55433921408544,-0.410821643286574,-0.0276493901686468,0.168350609831353
"9",-1.33266533066132,-0.60667318906046,-0.410821643286574,-0.0276493901686468,0.168350609831353
"10",-1.15230460921844,-0.350038550331343,-0.410821643286574,-0.0276493901686468,0.168350609831353
"11",-0.791583166332665,-0.336314711593511,-0.410821643286574,-0.0276493901686468,0.168350609831353
"12",-0.450901803607215,-0.0683321520393129,-0.410821643286574,-0.0276493901686468,0.168350609831353
"13",-0.330661322645291,0.135813599415988,-0.410821643286574,-0.0276493901686468,0.168350609831353
"14",0.0701402805611222,0.323058031039739,-0.410821643286574,-0.0276493901686468,0.168350609831353
"15",0.0901803607214431,-0.0780130527943688,-0.410821643286574,-0.0276493901686468,0.168350609831353
"16",0.170340681362725,0.189853347116945,-0.410821643286574,-0.0276493901686468,0.168350609831353
"17",0.33066132264529,0.220784781087744,-0.410821643286574,-0.0276493901686468,0.168350609831353
"18",1.23246492985972,0.545762359621403,-0.410821643286574,-0.0276493901686468,0.168350609831353
"19",1.25250501002004,0.2116850946754,-0.410821643286574,-0.0276493901686468,0.168350609831353
"20",2.19438877755511,-0.128616038222486,-0.410821643286574,-0.0276493901686468,0.168350609831353
"21",2.21442885771543,-0.160127780716854,-0.410821643286574,-0.0276493901686468,0.168350609831353
"22",2.59519038076152,-0.399255787377973,-0.410821643286574,-0.0276493901686468,0.168350609831353
"23",2.79559118236473,-0.333984415865436,-0.410821643286574,-0.0276493901686468,0.168350609831353
"24",3.13627254509018,-0.663746937381932,-0.410821643286574,-0.0276493901686468,0.168350609831353
"25",3.39679358717435,-0.492636218350405,-0.410821643286574,-0.0276493901686468,0.168350609831353
"26",3.45691382765531,-0.626146718210147,-0.410821643286574,-0.0276493901686468,0.168350609831353
"27",3.61723446893788,-0.653669208533677,-0.410821643286574,-0.0276493901686468,0.168350609831353
"28",3.8376753507014,-0.813036713817328,-0.410821643286574,-0.0276493901686468,0.168350609831353
"29",4.63927855711423,-0.846110560587732,-0.410821643286574,-0.0276493901686468,0.168350609831353
"30",4.83967935871743,-0.489073236504671,-0.410821643286574,-0.0276493901686468,0.168350609831353
