"","x","yplot","target","ftrue","fwrong"
"1",-4.75951903807615,-0.285524631429497,-3.11623246492986,0.0703188288790542,0.266318828879054
"2",-4.71943887775551,-0.205581867713737,-3.11623246492986,0.0703188288790542,0.266318828879054
"3",-4.35871743486974,-0.295851855006216,-3.11623246492986,0.0703188288790542,0.266318828879054
"4",-4.09819639278557,0.0897298887186313,-3.11623246492986,0.0703188288790542,0.266318828879054
"5",-3.95791583166333,-0.0403036391423569,-3.11623246492986,0.0703188288790542,0.266318828879054
"6",-3.81763527054108,0.169088333259211,-3.11623246492986,0.0703188288790542,0.266318828879054
"7",-3.77755511022044,0.045533310976231,-3.11623246492986,0.0703188288790542,0.266318828879054
"8",-3.59719438877756,0.0584770655111844,-3.11623246492986,0.0703188288790542,0.266318828879054
"9",-3.45691382765531,0.16639827181778,-3.11623246492986,0.0703188288790542,0.266318828879054
"10",-3.35671342685371,0.12760296382947,-3.11623246492986,0.0703188288790542,0.266318828879054
"11",-3.01603206412826,-0.0242935492205513,-3.11623246492986,0.0703188288790542,0.266318828879054
"12",-2.53507014028056,0.0266326328733185,-3.11623246492986,0.0703188288790542,0.266318828879054
"13",-2.33466933867735,-0.0997887076713271,-3.11623246492986,0.0703188288790542,0.266318828879054
"14",-2.31462925851703,-0.245189110947791,-3.11623246492986,0.0703188288790542,0.266318828879054
"15",-2.25450901803607,-0.13938494158332,-3.11623246492986,0.0703188288790542,0.266318828879054
"16",-1.61322645290581,-0.0610935716288924,-3.11623246492986,0.0703188288790542,0.266318828879054
"17",-1.53306613226453,-0.0393323672601592,-3.11623246492986,0.0703188288790542,0.266318828879054
"18",-1.49298597194389,-0.0118670933475125,-3.11623246492986,0.0703188288790542,0.266318828879054
"19",-1.2124248496994,-0.101609862501912,-3.11623246492986,0.0703188288790542,0.266318828879054
"20",-1.1122244488978,-0.065959124648477,-3.11623246492986,0.0703188288790542,0.266318828879054
"21",-0.93186372745491,-0.0324479541663698,-3.11623246492986,0.0703188288790542,0.266318828879054
"22",-0.851703406813628,-0.0614337725690843,-3.11623246492986,0.0703188288790542,0.266318828879054
"23",-0.290581162324649,0.157077503348387,-3.11623246492986,0.0703188288790542,0.266318828879054
"24",0.0501002004008013,0.140926159254616,-3.11623246492986,0.0703188288790542,0.266318828879054
"25",0.110220440881763,0.183641444174825,-3.11623246492986,0.0703188288790542,0.266318828879054
"26",0.290581162324649,0.209341195869165,-3.11623246492986,0.0703188288790542,0.266318828879054
"27",0.651302605210421,0.286557067049364,-3.11623246492986,0.0703188288790542,0.266318828879054
"28",0.811623246492986,0.25911302341672,-3.11623246492986,0.0703188288790542,0.266318828879054
"29",0.851703406813627,0.140020081511742,-3.11623246492986,0.0703188288790542,0.266318828879054
"30",1.17234468937876,0.252604078960108,-3.11623246492986,0.0703188288790542,0.266318828879054
"31",1.63326653306613,0.184399578188655,-3.11623246492986,0.0703188288790542,0.266318828879054
"32",1.83366733466934,0.0601656943034867,-3.11623246492986,0.0703188288790542,0.266318828879054
"33",1.97394789579158,0.128210197883954,-3.11623246492986,0.0703188288790542,0.266318828879054
"34",2.03406813627254,0.289380745882578,-3.11623246492986,0.0703188288790542,0.266318828879054
"35",3.03607214428858,0.180930328829553,-3.11623246492986,0.0703188288790542,0.266318828879054
"36",3.0561122244489,0.360242312264188,-3.11623246492986,0.0703188288790542,0.266318828879054
"37",3.8376753507014,0.540714298335459,-3.11623246492986,0.0703188288790542,0.266318828879054
"38",3.91783567134268,0.63774219042763,-3.11623246492986,0.0703188288790542,0.266318828879054
"39",4.69939879759519,0.79954528101086,-3.11623246492986,0.0703188288790542,0.266318828879054
"40",5,1.04261810974057,-3.11623246492986,0.0703188288790542,0.266318828879054
