"","x","yplot","target","ftrue","fwrong"
"1",-4.69939879759519,-0.612625291567478,-2.374749498998,-0.299553398482873,-0.103553398482873
"2",-3.81763527054108,-0.484716931728283,-2.374749498998,-0.299553398482873,-0.103553398482873
"3",-3.6372745490982,-0.553629233010161,-2.374749498998,-0.299553398482873,-0.103553398482873
"4",-3.53707414829659,-0.62580909712784,-2.374749498998,-0.299553398482873,-0.103553398482873
"5",-3.43687374749499,-0.45021999297627,-2.374749498998,-0.299553398482873,-0.103553398482873
"6",-3.35671342685371,-0.649092433862889,-2.374749498998,-0.299553398482873,-0.103553398482873
"7",-3.19639278557114,-0.39031086229419,-2.374749498998,-0.299553398482873,-0.103553398482873
"8",-3.1563126252505,-0.239722575565574,-2.374749498998,-0.299553398482873,-0.103553398482873
"9",-2.61523046092184,-0.332086918474438,-2.374749498998,-0.299553398482873,-0.103553398482873
"10",-2.53507014028056,-0.219948152844269,-2.374749498998,-0.299553398482873,-0.103553398482873
"11",-2.41482965931864,-0.317627674366086,-2.374749498998,-0.299553398482873,-0.103553398482873
"12",-2.39478957915832,-0.318428263435117,-2.374749498998,-0.299553398482873,-0.103553398482873
"13",-2.23446893787575,-0.215399092536964,-2.374749498998,-0.299553398482873,-0.103553398482873
"14",-2.17434869739479,-0.294972995396849,-2.374749498998,-0.299553398482873,-0.103553398482873
"15",-2.03406813627255,-0.175882264900313,-2.374749498998,-0.299553398482873,-0.103553398482873
"16",-1.7935871743487,-0.127854708178868,-2.374749498998,-0.299553398482873,-0.103553398482873
"17",-1.75350701402806,-0.349432705728454,-2.374749498998,-0.299553398482873,-0.103553398482873
"18",-1.57314629258517,-0.250645346746382,-2.374749498998,-0.299553398482873,-0.103553398482873
"19",-1.41282565130261,-0.0584916336165033,-2.374749498998,-0.299553398482873,-0.103553398482873
"20",-1.39278557114228,0.0192929956952766,-2.374749498998,-0.299553398482873,-0.103553398482873
"21",-1.37274549098196,0.068530350850812,-2.374749498998,-0.299553398482873,-0.103553398482873
"22",-1.25250501002004,-0.00406589677762322,-2.374749498998,-0.299553398482873,-0.103553398482873
"23",-1.05210420841683,-0.0668778132261536,-2.374749498998,-0.299553398482873,-0.103553398482873
"24",-0.450901803607215,0.0965542909069922,-2.374749498998,-0.299553398482873,-0.103553398482873
"25",-0.330661322645291,0.301320226301786,-2.374749498998,-0.299553398482873,-0.103553398482873
"26",0.150300601202405,0.422769406379099,-2.374749498998,-0.299553398482873,-0.103553398482873
"27",0.290581162324649,0.225236979882987,-2.374749498998,-0.299553398482873,-0.103553398482873
"28",0.390781563126252,0.216577698040897,-2.374749498998,-0.299553398482873,-0.103553398482873
"29",0.551102204408817,0.196062751270796,-2.374749498998,-0.299553398482873,-0.103553398482873
"30",1.01202404809619,0.425715204247431,-2.374749498998,-0.299553398482873,-0.103553398482873
"31",1.51302605210421,0.470381440795577,-2.374749498998,-0.299553398482873,-0.103553398482873
"32",1.55310621242485,0.447011740815938,-2.374749498998,-0.299553398482873,-0.103553398482873
"33",2.03406813627254,0.700566468889666,-2.374749498998,-0.299553398482873,-0.103553398482873
"34",2.65531062124249,0.756789964779294,-2.374749498998,-0.299553398482873,-0.103553398482873
"35",2.67535070140281,0.55316473333084,-2.374749498998,-0.299553398482873,-0.103553398482873
"36",2.73547094188377,0.567940424801975,-2.374749498998,-0.299553398482873,-0.103553398482873
"37",2.91583166332665,0.635857342782747,-2.374749498998,-0.299553398482873,-0.103553398482873
"38",3.01603206412826,0.712976089889849,-2.374749498998,-0.299553398482873,-0.103553398482873
"39",3.21643286573146,0.672209216385424,-2.374749498998,-0.299553398482873,-0.103553398482873
"40",3.33667334669339,0.732257691719518,-2.374749498998,-0.299553398482873,-0.103553398482873
"41",3.37675350701403,0.660804406648863,-2.374749498998,-0.299553398482873,-0.103553398482873
"42",3.49699398797595,0.648802401779881,-2.374749498998,-0.299553398482873,-0.103553398482873
"43",3.51703406813627,0.668859686561131,-2.374749498998,-0.299553398482873,-0.103553398482873
"44",3.93787575150301,0.761749595232269,-2.374749498998,-0.299553398482873,-0.103553398482873
"45",3.99799599198397,0.637754029474986,-2.374749498998,-0.299553398482873,-0.103553398482873
"46",4.01803607214429,0.696071712927817,-2.374749498998,-0.299553398482873,-0.103553398482873
"47",4.07815631262525,0.875947974705123,-2.374749498998,-0.299553398482873,-0.103553398482873
"48",4.11823647294589,0.756019729390036,-2.374749498998,-0.299553398482873,-0.103553398482873
"49",4.43887775551102,0.731377238906213,-2.374749498998,-0.299553398482873,-0.103553398482873
"50",4.71943887775551,1.0107118617381,-2.374749498998,-0.299553398482873,-0.103553398482873
