"","x","yplot","target","ftrue","fwrong"
"1",-4.85971943887776,-0.457592689314092,-4.25851703406814,-0.296596164534651,-0.492596164534651
"2",-4.81963927855711,-0.627395832052388,-4.25851703406814,-0.296596164534651,-0.492596164534651
"3",-4.79959919839679,-0.36501635548283,-4.25851703406814,-0.296596164534651,-0.492596164534651
"4",-4.77955911823647,-0.354255136459831,-4.25851703406814,-0.296596164534651,-0.492596164534651
"5",-4.73947895791583,-0.338373376221942,-4.25851703406814,-0.296596164534651,-0.492596164534651
"6",-4.69939879759519,-0.258043903092847,-4.25851703406814,-0.296596164534651,-0.492596164534651
"7",-4.67935871743487,-0.489051506805957,-4.25851703406814,-0.296596164534651,-0.492596164534651
"8",-4.63927855711423,-0.262764429032022,-4.25851703406814,-0.296596164534651,-0.492596164534651
"9",-4.59919839679359,-0.369789400996734,-4.25851703406814,-0.296596164534651,-0.492596164534651
"10",-4.57915831663327,-0.430226106600537,-4.25851703406814,-0.296596164534651,-0.492596164534651
"11",-4.4188376753507,-0.154374593531059,-4.25851703406814,-0.296596164534651,-0.492596164534651
"12",-4.29859719438878,-0.329642407718797,-4.25851703406814,-0.296596164534651,-0.492596164534651
"13",-4.23847695390782,-0.473786688342019,-4.25851703406814,-0.296596164534651,-0.492596164534651
"14",-4.11823647294589,-0.190840688124109,-4.25851703406814,-0.296596164534651,-0.492596164534651
"15",-4.07815631262525,-0.354232070752735,-4.25851703406814,-0.296596164534651,-0.492596164534651
"16",-4.03807615230461,-0.28663710322573,-4.25851703406814,-0.296596164534651,-0.492596164534651
"17",-3.89779559118236,-0.316756280195741,-4.25851703406814,-0.296596164534651,-0.492596164534651
"18",-3.85771543086172,-0.102113901681556,-4.25851703406814,-0.296596164534651,-0.492596164534651
"19",-3.71743486973948,-0.306943064177164,-4.25851703406814,-0.296596164534651,-0.492596164534651
"20",-3.37675350701403,-0.0960739168065018,-4.25851703406814,-0.296596164534651,-0.492596164534651
"21",-3.33667334669339,-0.133127922559819,-4.25851703406814,-0.296596164534651,-0.492596164534651
"22",-2.87575150300601,-0.0922145048113646,-4.25851703406814,-0.296596164534651,-0.492596164534651
"23",-1.63326653306613,0.0655463670274486,-4.25851703406814,-0.296596164534651,-0.492596164534651
"24",-1.57314629258517,0.121154010109347,-4.25851703406814,-0.296596164534651,-0.492596164534651
"25",-0.791583166332665,0.260539372701179,-4.25851703406814,-0.296596164534651,-0.492596164534651
"26",0.0901803607214431,0.311079774733642,-4.25851703406814,-0.296596164534651,-0.492596164534651
"27",0.731462925851703,0.61707952122003,-4.25851703406814,-0.296596164534651,-0.492596164534651
"28",1.53306613226453,0.641532992875382,-4.25851703406814,-0.296596164534651,-0.492596164534651
"29",2.11422845691383,0.833120449311179,-4.25851703406814,-0.296596164534651,-0.492596164534651
"30",3.33667334669339,0.981841043504009,-4.25851703406814,-0.296596164534651,-0.492596164534651
