"","x","yplot","target","ftrue","fwrong"
"1",-4.81963927855711,-0.761065343231559,1.61322645290581,0.119591964503106,-0.0764080354968935
"2",-4.01803607214429,-0.709096482646995,1.61322645290581,0.119591964503106,-0.0764080354968935
"3",-3.21643286573146,-0.383711832587103,1.61322645290581,0.119591964503106,-0.0764080354968935
"4",0.811623246492986,0.0252911574887476,1.61322645290581,0.119591964503106,-0.0764080354968935
"5",0.971943887775551,0.143886248919525,1.61322645290581,0.119591964503106,-0.0764080354968935
"6",1.03206412825651,0.244053067660198,1.61322645290581,0.119591964503106,-0.0764080354968935
"7",1.37274549098196,0.00628622042606558,1.61322645290581,0.119591964503106,-0.0764080354968935
"8",1.59318637274549,0.0925428597927524,1.61322645290581,0.119591964503106,-0.0764080354968935
"9",1.61322645290581,0.0750744644856995,1.61322645290581,0.119591964503106,-0.0764080354968935
"10",1.67334669338677,0.298297328086347,1.61322645290581,0.119591964503106,-0.0764080354968935
"11",1.91382765531062,0.182755809744763,1.61322645290581,0.119591964503106,-0.0764080354968935
"12",1.93386773547094,0.204653042801413,1.61322645290581,0.119591964503106,-0.0764080354968935
"13",2.11422845691383,0.0293878549341053,1.61322645290581,0.119591964503106,-0.0764080354968935
"14",2.25450901803607,0.116462043981428,1.61322645290581,0.119591964503106,-0.0764080354968935
"15",2.41482965931864,-0.0409857834606843,1.61322645290581,0.119591964503106,-0.0764080354968935
"16",2.43486973947896,0.23518004779246,1.61322645290581,0.119591964503106,-0.0764080354968935
"17",2.51503006012024,0.13648401135335,1.61322645290581,0.119591964503106,-0.0764080354968935
"18",2.61523046092184,0.0642517520230486,1.61322645290581,0.119591964503106,-0.0764080354968935
"19",2.93587174348697,0.260998197094842,1.61322645290581,0.119591964503106,-0.0764080354968935
"20",4.77955911823647,0.510127823512846,1.61322645290581,0.119591964503106,-0.0764080354968935
