"","x","yplot","target","ftrue","fwrong"
"1",-4.63927855711423,-0.352323527485595,0.891783567134269,-0.359841627800269,-0.163841627800269
"2",-2.93587174348697,-0.674783737934049,0.891783567134269,-0.359841627800269,-0.163841627800269
"3",-0.0701402805611222,-0.523652097899622,0.891783567134269,-0.359841627800269,-0.163841627800269
"4",0.0300601202404804,-0.417964884609899,0.891783567134269,-0.359841627800269,-0.163841627800269
"5",0.390781563126252,-0.448413282872409,0.891783567134269,-0.359841627800269,-0.163841627800269
"6",0.470941883767535,-0.480623003179239,0.891783567134269,-0.359841627800269,-0.163841627800269
"7",0.791583166332665,-0.371887820890207,0.891783567134269,-0.359841627800269,-0.163841627800269
"8",0.851703406813627,-0.255671059014435,0.891783567134269,-0.359841627800269,-0.163841627800269
"9",0.991983967935871,-0.335265678912395,0.891783567134269,-0.359841627800269,-0.163841627800269
"10",1.23246492985972,-0.355672930184242,0.891783567134269,-0.359841627800269,-0.163841627800269
"11",1.29258517034068,-0.547077285266236,0.891783567134269,-0.359841627800269,-0.163841627800269
"12",1.33266533066132,-0.456073296987142,0.891783567134269,-0.359841627800269,-0.163841627800269
"13",1.35270541082164,-0.395727756435384,0.891783567134269,-0.359841627800269,-0.163841627800269
"14",1.37274549098196,-0.35911649079462,0.891783567134269,-0.359841627800269,-0.163841627800269
"15",1.39278557114228,-0.117519751671787,0.891783567134269,-0.359841627800269,-0.163841627800269
"16",1.85370741482966,-0.125957452748247,0.891783567134269,-0.359841627800269,-0.163841627800269
"17",3.01603206412826,0.191478395110307,0.891783567134269,-0.359841627800269,-0.163841627800269
"18",3.7374749498998,0.298963420906604,0.891783567134269,-0.359841627800269,-0.163841627800269
"19",3.97795591182365,0.271778033496938,0.891783567134269,-0.359841627800269,-0.163841627800269
"20",4.09819639278557,0.400284767887415,0.891783567134269,-0.359841627800269,-0.163841627800269
