"","x","yplot","target","ftrue","fwrong"
"1",-1.17234468937876,0.374720001062433,-0.450901803607215,0.348952248399636,0.544952248399636
"2",-0.93186372745491,0.191486529181135,-0.450901803607215,0.348952248399636,0.544952248399636
"3",-0.731462925851703,0.426014270147911,-0.450901803607215,0.348952248399636,0.544952248399636
"4",-0.350701402805611,0.436955410576357,-0.450901803607215,0.348952248399636,0.544952248399636
"5",-0.130260521042084,0.539450159647679,-0.450901803607215,0.348952248399636,0.544952248399636
"6",0.410821643286573,0.968846661686657,-0.450901803607215,0.348952248399636,0.544952248399636
"7",0.511022044088176,0.767298123441967,-0.450901803607215,0.348952248399636,0.544952248399636
"8",2.29458917835671,0.683310815334101,-0.450901803607215,0.348952248399636,0.544952248399636
"9",3.7374749498998,-0.00447268447415236,-0.450901803607215,0.348952248399636,0.544952248399636
"10",4.77955911823647,-0.5088980445095,-0.450901803607215,0.348952248399636,0.544952248399636
