"","x","yplot","target","ftrue","fwrong"
"1",-4.77955911823647,-0.502967825275451,1.91382765531062,0.0858549109014789,-0.110145089098521
"2",-4.05811623246493,0.152488001495417,1.91382765531062,0.0858549109014789,-0.110145089098521
"3",-4.01803607214429,0.145995082093158,1.91382765531062,0.0858549109014789,-0.110145089098521
"4",-3.85771543086172,0.145189051536318,1.91382765531062,0.0858549109014789,-0.110145089098521
"5",-3.13627254509018,0.420379214957532,1.91382765531062,0.0858549109014789,-0.110145089098521
"6",-2.77555110220441,0.74076333669347,1.91382765531062,0.0858549109014789,-0.110145089098521
"7",-2.4749498997996,0.484869634466473,1.91382765531062,0.0858549109014789,-0.110145089098521
"8",-1.09218436873748,0.161909385265109,1.91382765531062,0.0858549109014789,-0.110145089098521
"9",-0.0300601202404813,-0.0894185034980846,1.91382765531062,0.0858549109014789,-0.110145089098521
"10",0.170340681362725,-0.0600613168956799,1.91382765531062,0.0858549109014789,-0.110145089098521
"11",0.831663326653306,-0.036480491659078,1.91382765531062,0.0858549109014789,-0.110145089098521
"12",1.01202404809619,0.0881247098414225,1.91382765531062,0.0858549109014789,-0.110145089098521
"13",1.03206412825651,-0.0383810595703027,1.91382765531062,0.0858549109014789,-0.110145089098521
"14",1.05210420841683,0.0121055123761465,1.91382765531062,0.0858549109014789,-0.110145089098521
"15",1.07214428857715,-0.0119191845631929,1.91382765531062,0.0858549109014789,-0.110145089098521
"16",1.1122244488978,0.0435354966249362,1.91382765531062,0.0858549109014789,-0.110145089098521
"17",1.2124248496994,0.0625503765204666,1.91382765531062,0.0858549109014789,-0.110145089098521
"18",1.27254509018036,-0.208426147297031,1.91382765531062,0.0858549109014789,-0.110145089098521
"19",1.33266533066132,0.0278062706519394,1.91382765531062,0.0858549109014789,-0.110145089098521
"20",1.43286573146293,0.0250532786519942,1.91382765531062,0.0858549109014789,-0.110145089098521
"21",1.45290581162325,0.115539531691805,1.91382765531062,0.0858549109014789,-0.110145089098521
"22",1.49298597194389,0.101135663977293,1.91382765531062,0.0858549109014789,-0.110145089098521
"23",1.53306613226453,-0.105557001245142,1.91382765531062,0.0858549109014789,-0.110145089098521
"24",1.61322645290581,0.139063678001226,1.91382765531062,0.0858549109014789,-0.110145089098521
"25",1.67334669338677,-0.0213669836593552,1.91382765531062,0.0858549109014789,-0.110145089098521
"26",1.83366733466934,0.150754303930622,1.91382765531062,0.0858549109014789,-0.110145089098521
"27",1.87374749498998,0.0541483262694528,1.91382765531062,0.0858549109014789,-0.110145089098521
"28",1.8937875751503,0.277022636700112,1.91382765531062,0.0858549109014789,-0.110145089098521
"29",1.91382765531062,0.217204474974573,1.91382765531062,0.0858549109014789,-0.110145089098521
"30",1.93386773547094,0.137363827454016,1.91382765531062,0.0858549109014789,-0.110145089098521
"31",1.9939879759519,0.0582845397314342,1.91382765531062,0.0858549109014789,-0.110145089098521
"32",2.07414829659319,0.216958502627748,1.91382765531062,0.0858549109014789,-0.110145089098521
"33",2.09418837675351,0.111341041528798,1.91382765531062,0.0858549109014789,-0.110145089098521
"34",2.11422845691383,0.186763489420523,1.91382765531062,0.0858549109014789,-0.110145089098521
"35",2.13426853707415,0.0356113215644304,1.91382765531062,0.0858549109014789,-0.110145089098521
"36",2.23446893787575,0.020606286228732,1.91382765531062,0.0858549109014789,-0.110145089098521
"37",2.33466933867735,0.0923017282838958,1.91382765531062,0.0858549109014789,-0.110145089098521
"38",2.4749498997996,0.253843272589182,1.91382765531062,0.0858549109014789,-0.110145089098521
"39",2.51503006012024,0.103977809150101,1.91382765531062,0.0858549109014789,-0.110145089098521
"40",2.55511022044088,0.125192670948356,1.91382765531062,0.0858549109014789,-0.110145089098521
"41",2.5751503006012,0.266723986614525,1.91382765531062,0.0858549109014789,-0.110145089098521
"42",2.61523046092184,0.165404418570712,1.91382765531062,0.0858549109014789,-0.110145089098521
"43",2.73547094188377,0.172300010783808,1.91382765531062,0.0858549109014789,-0.110145089098521
"44",2.77555110220441,0.0819634279318382,1.91382765531062,0.0858549109014789,-0.110145089098521
"45",2.81563126252505,-0.0252778760873082,1.91382765531062,0.0858549109014789,-0.110145089098521
"46",2.89579158316633,0.130718853472565,1.91382765531062,0.0858549109014789,-0.110145089098521
"47",3.07615230460922,0.141557503332112,1.91382765531062,0.0858549109014789,-0.110145089098521
"48",3.71743486973948,0.0317045594668021,1.91382765531062,0.0858549109014789,-0.110145089098521
"49",4.25851703406814,-0.18875661442919,1.91382765531062,0.0858549109014789,-0.110145089098521
"50",4.4188376753507,-0.38641312961043,1.91382765531062,0.0858549109014789,-0.110145089098521
