"","x","yplot","target","ftrue","fwrong"
"1",-4.85971943887776,-0.241160015753918,2.99599198396794,0.18205284047806,0.37805284047806
"2",-4.09819639278557,-0.613285030922099,2.99599198396794,0.18205284047806,0.37805284047806
"3",-4.05811623246493,-0.290456914135212,2.99599198396794,0.18205284047806,0.37805284047806
"4",-4.03807615230461,-0.535219933131274,2.99599198396794,0.18205284047806,0.37805284047806
"5",-3.97795591182365,-0.246562623062999,2.99599198396794,0.18205284047806,0.37805284047806
"6",-3.77755511022044,-0.58892188596925,2.99599198396794,0.18205284047806,0.37805284047806
"7",-2.55511022044088,-0.527612846439298,2.99599198396794,0.18205284047806,0.37805284047806
"8",-2.53507014028056,-0.544465322646868,2.99599198396794,0.18205284047806,0.37805284047806
"9",-2.51503006012024,-0.534558235105329,2.99599198396794,0.18205284047806,0.37805284047806
"10",-2.374749498998,-0.474965488152066,2.99599198396794,0.18205284047806,0.37805284047806
"11",-1.85370741482966,-0.680146885831684,2.99599198396794,0.18205284047806,0.37805284047806
"12",-1.59318637274549,-0.79610760650929,2.99599198396794,0.18205284047806,0.37805284047806
"13",-1.57314629258517,-0.726404697939939,2.99599198396794,0.18205284047806,0.37805284047806
"14",-1.55310621242485,-0.636668356547457,2.99599198396794,0.18205284047806,0.37805284047806
"15",-0.631262525050101,-0.610501576695756,2.99599198396794,0.18205284047806,0.37805284047806
"16",0.511022044088176,-0.321490501160138,2.99599198396794,0.18205284047806,0.37805284047806
"17",0.611222444889779,-0.361080459518827,2.99599198396794,0.18205284047806,0.37805284047806
"18",1.09218436873747,-0.44098247744958,2.99599198396794,0.18205284047806,0.37805284047806
"19",1.17234468937876,-0.344433482892668,2.99599198396794,0.18205284047806,0.37805284047806
"20",1.2124248496994,-0.296403531593044,2.99599198396794,0.18205284047806,0.37805284047806
"21",1.23246492985972,-0.207790348749659,2.99599198396794,0.18205284047806,0.37805284047806
"22",1.25250501002004,-0.0681437034867041,2.99599198396794,0.18205284047806,0.37805284047806
"23",2.03406813627254,-0.120022412296726,2.99599198396794,0.18205284047806,0.37805284047806
"24",2.19438877755511,-0.0763693895050764,2.99599198396794,0.18205284047806,0.37805284047806
"25",2.27454909819639,0.290882295095643,2.99599198396794,0.18205284047806,0.37805284047806
"26",2.53507014028056,0.242449445952191,2.99599198396794,0.18205284047806,0.37805284047806
"27",2.69539078156313,0.0671317586019432,2.99599198396794,0.18205284047806,0.37805284047806
"28",2.89579158316633,0.242192243839708,2.99599198396794,0.18205284047806,0.37805284047806
"29",3.17635270541082,0.183552245855389,2.99599198396794,0.18205284047806,0.37805284047806
"30",3.21643286573146,0.29877785873895,2.99599198396794,0.18205284047806,0.37805284047806
"31",3.33667334669339,0.230070583255307,2.99599198396794,0.18205284047806,0.37805284047806
"32",3.61723446893788,0.422340705464122,2.99599198396794,0.18205284047806,0.37805284047806
"33",3.6372745490982,0.473478563675402,2.99599198396794,0.18205284047806,0.37805284047806
"34",3.95791583166333,0.298883301251352,2.99599198396794,0.18205284047806,0.37805284047806
"35",4.11823647294589,0.491144551313702,2.99599198396794,0.18205284047806,0.37805284047806
"36",4.15831663326653,0.394753726892922,2.99599198396794,0.18205284047806,0.37805284047806
"37",4.33867735470942,0.392243025074649,2.99599198396794,0.18205284047806,0.37805284047806
"38",4.39879759519038,0.357997727743927,2.99599198396794,0.18205284047806,0.37805284047806
"39",4.67935871743487,0.421734925390373,2.99599198396794,0.18205284047806,0.37805284047806
"40",4.95991983967936,0.604815004053782,2.99599198396794,0.18205284047806,0.37805284047806
