"","x","yplot","target","ftrue","fwrong"
"1",-4.07815631262525,0.230406262043273,-2.5751503006012,0.653596488117331,0.849596488117331
"2",-3.51703406813627,0.269298876501478,-2.5751503006012,0.653596488117331,0.849596488117331
"3",-3.49699398797595,0.504490971773343,-2.5751503006012,0.653596488117331,0.849596488117331
"4",-3.45691382765531,0.417687531272267,-2.5751503006012,0.653596488117331,0.849596488117331
"5",-3.39679358717435,0.573794184399407,-2.5751503006012,0.653596488117331,0.849596488117331
"6",-3.37675350701403,0.497344752820453,-2.5751503006012,0.653596488117331,0.849596488117331
"7",-3.35671342685371,0.608949833694724,-2.5751503006012,0.653596488117331,0.849596488117331
"8",-3.27655310621242,0.523204305022686,-2.5751503006012,0.653596488117331,0.849596488117331
"9",-3.21643286573146,0.652123652554611,-2.5751503006012,0.653596488117331,0.849596488117331
"10",-3.1563126252505,0.576887315244796,-2.5751503006012,0.653596488117331,0.849596488117331
"11",-3.03607214428858,0.602953588440981,-2.5751503006012,0.653596488117331,0.849596488117331
"12",-2.89579158316633,0.665746546132605,-2.5751503006012,0.653596488117331,0.849596488117331
"13",-2.87575150300601,0.695270464961805,-2.5751503006012,0.653596488117331,0.849596488117331
"14",-2.83567134268537,0.568657639083275,-2.5751503006012,0.653596488117331,0.849596488117331
"15",-2.75551102204409,0.453616784501974,-2.5751503006012,0.653596488117331,0.849596488117331
"16",-2.59519038076152,0.613926241384089,-2.5751503006012,0.653596488117331,0.849596488117331
"17",-2.5751503006012,0.754631947570831,-2.5751503006012,0.653596488117331,0.849596488117331
"18",-2.55511022044088,0.578907842795838,-2.5751503006012,0.653596488117331,0.849596488117331
"19",-2.49498997995992,0.687497730162701,-2.5751503006012,0.653596488117331,0.849596488117331
"20",-2.4749498997996,0.736857703167489,-2.5751503006012,0.653596488117331,0.849596488117331
"21",-2.43486973947896,0.57160836867546,-2.5751503006012,0.653596488117331,0.849596488117331
"22",-2.41482965931864,0.739443235996596,-2.5751503006012,0.653596488117331,0.849596488117331
"23",-2.27454909819639,0.664496608880711,-2.5751503006012,0.653596488117331,0.849596488117331
"24",-2.19438877755511,0.754115149428894,-2.5751503006012,0.653596488117331,0.849596488117331
"25",-2.11422845691383,0.742899197916312,-2.5751503006012,0.653596488117331,0.849596488117331
"26",-2.09418837675351,0.76245740709907,-2.5751503006012,0.653596488117331,0.849596488117331
"27",-2.07414829659319,0.725670836210138,-2.5751503006012,0.653596488117331,0.849596488117331
"28",-2.05410821643287,0.711467498107173,-2.5751503006012,0.653596488117331,0.849596488117331
"29",-1.8937875751503,0.707952994606477,-2.5751503006012,0.653596488117331,0.849596488117331
"30",-1.87374749498998,0.804112816452897,-2.5751503006012,0.653596488117331,0.849596488117331
"31",-1.83366733466934,0.956451124304631,-2.5751503006012,0.653596488117331,0.849596488117331
"32",-1.7935871743487,0.88107128586618,-2.5751503006012,0.653596488117331,0.849596488117331
"33",-1.71342685370742,0.830970661942657,-2.5751503006012,0.653596488117331,0.849596488117331
"34",-1.65330661322645,0.773650620389954,-2.5751503006012,0.653596488117331,0.849596488117331
"35",-1.63326653306613,0.621630116871019,-2.5751503006012,0.653596488117331,0.849596488117331
"36",-1.61322645290581,0.729766177110979,-2.5751503006012,0.653596488117331,0.849596488117331
"37",-1.47294589178357,0.98570355652054,-2.5751503006012,0.653596488117331,0.849596488117331
"38",0.130260521042084,0.945594053607052,-2.5751503006012,0.653596488117331,0.849596488117331
"39",0.190380761523046,0.888165754526995,-2.5751503006012,0.653596488117331,0.849596488117331
"40",0.370741482965932,0.799598870590473,-2.5751503006012,0.653596488117331,0.849596488117331
"41",0.571142284569138,0.594684971391287,-2.5751503006012,0.653596488117331,0.849596488117331
"42",0.771543086172344,0.365787416640094,-2.5751503006012,0.653596488117331,0.849596488117331
"43",0.831663326653306,0.367029842944891,-2.5751503006012,0.653596488117331,0.849596488117331
"44",1.17234468937876,0.2723408849232,-2.5751503006012,0.653596488117331,0.849596488117331
"45",1.53306613226453,-0.271013185696531,-2.5751503006012,0.653596488117331,0.849596488117331
"46",1.77354709418838,-0.210419395304179,-2.5751503006012,0.653596488117331,0.849596488117331
"47",2.07414829659319,-0.203138101322166,-2.5751503006012,0.653596488117331,0.849596488117331
"48",3.17635270541082,-0.154429224829922,-2.5751503006012,0.653596488117331,0.849596488117331
"49",3.69739478957916,0.0917765297890795,-2.5751503006012,0.653596488117331,0.849596488117331
"50",3.81763527054108,0.259857647832326,-2.5751503006012,0.653596488117331,0.849596488117331
