"","x","yplot","target","ftrue","fwrong"
"1",-4.61923847695391,-0.945188147126169,-2.55511022044088,-0.877189777631048,-0.681189777631048
"2",-4.25851703406814,-0.827586144688415,-2.55511022044088,-0.877189777631048,-0.681189777631048
"3",-4.05811623246493,-1.05398822475861,-2.55511022044088,-0.877189777631048,-0.681189777631048
"4",-3.49699398797595,-0.884047930310516,-2.55511022044088,-0.877189777631048,-0.681189777631048
"5",-3.45691382765531,-0.84838255760924,-2.55511022044088,-0.877189777631048,-0.681189777631048
"6",-3.43687374749499,-0.960057526872172,-2.55511022044088,-0.877189777631048,-0.681189777631048
"7",-3.31663326653307,-0.91208224404196,-2.55511022044088,-0.877189777631048,-0.681189777631048
"8",-3.27655310621242,-0.824527298298827,-2.55511022044088,-0.877189777631048,-0.681189777631048
"9",-3.2565130260521,-0.95446316238556,-2.55511022044088,-0.877189777631048,-0.681189777631048
"10",-3.17635270541082,-0.872804864111942,-2.55511022044088,-0.877189777631048,-0.681189777631048
"11",-3.0561122244489,-0.93273646011825,-2.55511022044088,-0.877189777631048,-0.681189777631048
"12",-3.03607214428858,-1.05635204905851,-2.55511022044088,-0.877189777631048,-0.681189777631048
"13",-2.97595190380762,-0.875275249455061,-2.55511022044088,-0.877189777631048,-0.681189777631048
"14",-2.91583166332665,-0.903312251875822,-2.55511022044088,-0.877189777631048,-0.681189777631048
"15",-2.87575150300601,-1.05838752297686,-2.55511022044088,-0.877189777631048,-0.681189777631048
"16",-2.75551102204409,-0.911634846864124,-2.55511022044088,-0.877189777631048,-0.681189777631048
"17",-2.69539078156313,-0.97364291547459,-2.55511022044088,-0.877189777631048,-0.681189777631048
"18",-2.65531062124249,-0.904152955237029,-2.55511022044088,-0.877189777631048,-0.681189777631048
"19",-2.61523046092184,-0.930026106696011,-2.55511022044088,-0.877189777631048,-0.681189777631048
"20",-2.51503006012024,-1.07886475103482,-2.55511022044088,-0.877189777631048,-0.681189777631048
"21",-2.45490981963928,-0.897272634869507,-2.55511022044088,-0.877189777631048,-0.681189777631048
"22",-2.33466933867735,-0.771485846224292,-2.55511022044088,-0.877189777631048,-0.681189777631048
"23",-2.29458917835671,-0.923018683443653,-2.55511022044088,-0.877189777631048,-0.681189777631048
"24",-2.23446893787575,-0.826869300753191,-2.55511022044088,-0.877189777631048,-0.681189777631048
"25",-2.15430861723447,-0.746882258442785,-2.55511022044088,-0.877189777631048,-0.681189777631048
"26",-2.13426853707415,-0.874774109217486,-2.55511022044088,-0.877189777631048,-0.681189777631048
"27",-2.09418837675351,-0.716520025067985,-2.55511022044088,-0.877189777631048,-0.681189777631048
"28",-2.03406813627255,-0.816529715212824,-2.55511022044088,-0.877189777631048,-0.681189777631048
"29",-2.01402805611222,-0.972232495056299,-2.55511022044088,-0.877189777631048,-0.681189777631048
"30",-1.9939879759519,-0.870038148631777,-2.55511022044088,-0.877189777631048,-0.681189777631048
"31",-1.93386773547094,-0.844163061468302,-2.55511022044088,-0.877189777631048,-0.681189777631048
"32",-1.8937875751503,-0.916373546463366,-2.55511022044088,-0.877189777631048,-0.681189777631048
"33",-1.83366733466934,-0.738250729589974,-2.55511022044088,-0.877189777631048,-0.681189777631048
"34",-1.81362725450902,-0.987363565108753,-2.55511022044088,-0.877189777631048,-0.681189777631048
"35",-1.77354709418838,-0.744845769341751,-2.55511022044088,-0.877189777631048,-0.681189777631048
"36",-1.75350701402806,-0.924560097085982,-2.55511022044088,-0.877189777631048,-0.681189777631048
"37",-1.71342685370742,-0.858268650901852,-2.55511022044088,-0.877189777631048,-0.681189777631048
"38",-1.65330661322645,-0.892749824154981,-2.55511022044088,-0.877189777631048,-0.681189777631048
"39",-1.19238476953908,-0.84673581423035,-2.55511022044088,-0.877189777631048,-0.681189777631048
"40",-0.95190380761523,-0.891792693680247,-2.55511022044088,-0.877189777631048,-0.681189777631048
"41",-0.731462925851703,-0.803042895046777,-2.55511022044088,-0.877189777631048,-0.681189777631048
"42",0.0501002004008013,-0.505144778824975,-2.55511022044088,-0.877189777631048,-0.681189777631048
"43",0.571142284569138,-0.201965493976349,-2.55511022044088,-0.877189777631048,-0.681189777631048
"44",0.811623246492986,-0.0723222220769664,-2.55511022044088,-0.877189777631048,-0.681189777631048
"45",2.63527054108216,0.273126858729341,-2.55511022044088,-0.877189777631048,-0.681189777631048
"46",3.35671342685371,0.376162650071704,-2.55511022044088,-0.877189777631048,-0.681189777631048
"47",3.37675350701403,0.468152452370647,-2.55511022044088,-0.877189777631048,-0.681189777631048
"48",3.69739478957916,0.416895780652051,-2.55511022044088,-0.877189777631048,-0.681189777631048
"49",4.33867735470942,0.661204710111368,-2.55511022044088,-0.877189777631048,-0.681189777631048
"50",4.49899799599198,0.629600723241467,-2.55511022044088,-0.877189777631048,-0.681189777631048
