"","x","yplot","target","ftrue","fwrong"
"1",-4.39879759519038,0.835647597128327,0.6312625250501,-0.285714093021882,-0.481714093021882
"2",-4.23847695390782,0.666759781383339,0.6312625250501,-0.285714093021882,-0.481714093021882
"3",-3.35671342685371,0.538359289695985,0.6312625250501,-0.285714093021882,-0.481714093021882
"4",-2.97595190380762,0.475316400376032,0.6312625250501,-0.285714093021882,-0.481714093021882
"5",-1.81362725450902,0.125563208294893,0.6312625250501,-0.285714093021882,-0.481714093021882
"6",-1.45290581162325,-0.0306531625388837,0.6312625250501,-0.285714093021882,-0.481714093021882
"7",-1.19238476953908,-0.00219063166661504,0.6312625250501,-0.285714093021882,-0.481714093021882
"8",-0.130260521042084,-0.170445915459915,0.6312625250501,-0.285714093021882,-0.481714093021882
"9",0.170340681362725,-0.233974553232407,0.6312625250501,-0.285714093021882,-0.481714093021882
"10",0.531062124248497,-0.185105086365302,0.6312625250501,-0.285714093021882,-0.481714093021882
"11",1.13226452905812,-0.470095964092591,0.6312625250501,-0.285714093021882,-0.481714093021882
"12",1.23246492985972,-0.149635099693823,0.6312625250501,-0.285714093021882,-0.481714093021882
"13",1.33266533066132,-0.389360633815465,0.6312625250501,-0.285714093021882,-0.481714093021882
"14",2.25450901803607,-0.479446985591265,0.6312625250501,-0.285714093021882,-0.481714093021882
"15",2.75551102204409,-0.53576666387655,0.6312625250501,-0.285714093021882,-0.481714093021882
"16",2.97595190380761,-0.405427885283017,0.6312625250501,-0.285714093021882,-0.481714093021882
"17",3.13627254509018,-0.600509531696432,0.6312625250501,-0.285714093021882,-0.481714093021882
"18",4.45891783567134,-0.69794413869225,0.6312625250501,-0.285714093021882,-0.481714093021882
"19",4.69939879759519,-0.641862597657904,0.6312625250501,-0.285714093021882,-0.481714093021882
"20",4.73947895791583,-0.766328687699453,0.6312625250501,-0.285714093021882,-0.481714093021882
