"","x","yplot","target","ftrue","fwrong"
"1",-4.39879759519038,-0.430491270484288,0.791583166332665,-0.240083700107482,-0.436083700107482
"2",-2.49498997995992,-0.607891855978931,0.791583166332665,-0.240083700107482,-0.436083700107482
"3",-2.374749498998,-0.575931971227575,0.791583166332665,-0.240083700107482,-0.436083700107482
"4",-2.09418837675351,-0.566367808445991,0.791583166332665,-0.240083700107482,-0.436083700107482
"5",-1.87374749498998,-0.659300165429507,0.791583166332665,-0.240083700107482,-0.436083700107482
"6",-0.130260521042084,-0.410816015771555,0.791583166332665,-0.240083700107482,-0.436083700107482
"7",-0.0901803607214431,-0.420328256563951,0.791583166332665,-0.240083700107482,-0.436083700107482
"8",0.0901803607214431,-0.388658375320847,0.791583166332665,-0.240083700107482,-0.436083700107482
"9",0.210420841683367,-0.458805057082439,0.791583166332665,-0.240083700107482,-0.436083700107482
"10",0.250501002004007,-0.470802787247834,0.791583166332665,-0.240083700107482,-0.436083700107482
"11",0.370741482965932,-0.319184488765122,0.791583166332665,-0.240083700107482,-0.436083700107482
"12",0.751503006012024,-0.305448310081664,0.791583166332665,-0.240083700107482,-0.436083700107482
"13",1.01202404809619,-0.254158908553522,0.791583166332665,-0.240083700107482,-0.436083700107482
"14",1.03206412825651,-0.223264518093677,0.791583166332665,-0.240083700107482,-0.436083700107482
"15",1.15230460921844,-0.0916647918403679,0.791583166332665,-0.240083700107482,-0.436083700107482
"16",1.19238476953908,0.0733503211706068,0.791583166332665,-0.240083700107482,-0.436083700107482
"17",1.23246492985972,-0.0227797388769765,0.791583166332665,-0.240083700107482,-0.436083700107482
"18",1.37274549098196,-0.131701591790625,0.791583166332665,-0.240083700107482,-0.436083700107482
"19",1.39278557114228,-0.0604388367789933,0.791583166332665,-0.240083700107482,-0.436083700107482
"20",1.43286573146293,-0.112328064006961,0.791583166332665,-0.240083700107482,-0.436083700107482
"21",1.45290581162325,0.0356152648939337,0.791583166332665,-0.240083700107482,-0.436083700107482
"22",1.49298597194389,-0.0905596685688281,0.791583166332665,-0.240083700107482,-0.436083700107482
"23",1.51302605210421,-0.145156471951716,0.791583166332665,-0.240083700107482,-0.436083700107482
"24",1.71342685370741,-0.0361986391818768,0.791583166332665,-0.240083700107482,-0.436083700107482
"25",1.73346693386774,0.114557360306233,0.791583166332665,-0.240083700107482,-0.436083700107482
"26",1.77354709418838,0.146101925797831,0.791583166332665,-0.240083700107482,-0.436083700107482
"27",2.71543086172345,0.0697016624172588,0.791583166332665,-0.240083700107482,-0.436083700107482
"28",2.83567134268537,0.381168293275746,0.791583166332665,-0.240083700107482,-0.436083700107482
"29",2.89579158316633,0.0958245465859556,0.791583166332665,-0.240083700107482,-0.436083700107482
"30",4.79959919839679,0.565136394450593,0.791583166332665,-0.240083700107482,-0.436083700107482
