"","x","yplot","target","ftrue","fwrong"
"1",-3.89779559118236,-0.108820332131094,-3.29659318637275,0.0604932019406035,-0.135506798059397
"2",-3.87775551102204,-0.0817062373355166,-3.29659318637275,0.0604932019406035,-0.135506798059397
"3",-3.85771543086172,-0.100135594260795,-3.29659318637275,0.0604932019406035,-0.135506798059397
"4",-3.81763527054108,-0.273619069621062,-3.29659318637275,0.0604932019406035,-0.135506798059397
"5",-3.75751503006012,-0.0981883625758928,-3.29659318637275,0.0604932019406035,-0.135506798059397
"6",-3.71743486973948,-0.0715727655885382,-3.29659318637275,0.0604932019406035,-0.135506798059397
"7",-3.61723446893788,-0.0813105271210628,-3.29659318637275,0.0604932019406035,-0.135506798059397
"8",-3.59719438877756,0.0192636085749286,-3.29659318637275,0.0604932019406035,-0.135506798059397
"9",-3.49699398797595,-0.0246162989523199,-3.29659318637275,0.0604932019406035,-0.135506798059397
"10",-3.35671342685371,0.00507121430137796,-3.29659318637275,0.0604932019406035,-0.135506798059397
"11",-3.23647294589178,-0.0145782713829964,-3.29659318637275,0.0604932019406035,-0.135506798059397
"12",-2.97595190380762,0.319626085983692,-3.29659318637275,0.0604932019406035,-0.135506798059397
"13",-2.83567134268537,0.222957945090344,-3.29659318637275,0.0604932019406035,-0.135506798059397
"14",-2.35470941883768,0.39895794107315,-3.29659318637275,0.0604932019406035,-0.135506798059397
"15",-0.711422845691383,0.666050092459726,-3.29659318637275,0.0604932019406035,-0.135506798059397
"16",0.831663326653306,0.918034011468016,-3.29659318637275,0.0604932019406035,-0.135506798059397
"17",2.27454909819639,0.619064538772847,-3.29659318637275,0.0604932019406035,-0.135506798059397
"18",4.09819639278557,-0.203885946923598,-3.29659318637275,0.0604932019406035,-0.135506798059397
"19",4.27855711422846,-0.11336841842183,-3.29659318637275,0.0604932019406035,-0.135506798059397
"20",4.43887775551102,-0.402289537866159,-3.29659318637275,0.0604932019406035,-0.135506798059397
