"","x","yplot","target","ftrue","fwrong"
"1",-4.27855711422846,0.191715739283043,-4.09819639278557,0.407630382675126,0.211630382675126
"2",-3.33667334669339,0.42674966087735,-4.09819639278557,0.407630382675126,0.211630382675126
"3",-3.27655310621242,0.47968409819694,-4.09819639278557,0.407630382675126,0.211630382675126
"4",-2.89579158316633,0.482668060609164,-4.09819639278557,0.407630382675126,0.211630382675126
"5",-0.971943887775551,0.584289352004956,-4.09819639278557,0.407630382675126,0.211630382675126
"6",-0.95190380761523,0.549664491924139,-4.09819639278557,0.407630382675126,0.211630382675126
"7",0.991983967935871,0.281438015332452,-4.09819639278557,0.407630382675126,0.211630382675126
"8",3.09619238476954,0.00778436464261664,-4.09819639278557,0.407630382675126,0.211630382675126
"9",3.91783567134268,-0.622870949328199,-4.09819639278557,0.407630382675126,0.211630382675126
"10",4.65931863727455,-0.618930955280222,-4.09819639278557,0.407630382675126,0.211630382675126
