"","x","yplot","target","ftrue","fwrong"
"1",-4.47895791583166,-0.602066572347917,-1.8937875751503,0.141903114002253,-0.054096885997747
"2",-3.31663326653307,-0.134166246231597,-1.8937875751503,0.141903114002253,-0.054096885997747
"3",-2.71543086172345,-0.103431950892203,-1.8937875751503,0.141903114002253,-0.054096885997747
"4",-2.41482965931864,-0.0205736270540379,-1.8937875751503,0.141903114002253,-0.054096885997747
"5",-2.29458917835671,-0.0573747494565414,-1.8937875751503,0.141903114002253,-0.054096885997747
"6",-2.27454909819639,0.264072155252266,-1.8937875751503,0.141903114002253,-0.054096885997747
"7",-2.21442885771543,-0.0962872477524766,-1.8937875751503,0.141903114002253,-0.054096885997747
"8",-2.13426853707415,0.0587540152030363,-1.8937875751503,0.141903114002253,-0.054096885997747
"9",-1.93386773547094,0.110138796258756,-1.8937875751503,0.141903114002253,-0.054096885997747
"10",-1.73346693386774,-0.02543967776443,-1.8937875751503,0.141903114002253,-0.054096885997747
"11",-1.51302605210421,0.212055175478562,-1.8937875751503,0.141903114002253,-0.054096885997747
"12",-1.49298597194389,0.452184174174358,-1.8937875751503,0.141903114002253,-0.054096885997747
"13",-1.47294589178357,0.159017875755554,-1.8937875751503,0.141903114002253,-0.054096885997747
"14",-1.19238476953908,0.264749380769583,-1.8937875751503,0.141903114002253,-0.054096885997747
"15",-1.1122244488978,0.233001082673481,-1.8937875751503,0.141903114002253,-0.054096885997747
"16",-1.03206412825651,0.352898345237365,-1.8937875751503,0.141903114002253,-0.054096885997747
"17",0.531062124248497,0.108245382649358,-1.8937875751503,0.141903114002253,-0.054096885997747
"18",2.31462925851703,-0.489926064341469,-1.8937875751503,0.141903114002253,-0.054096885997747
"19",2.33466933867735,-0.389822452862557,-1.8937875751503,0.141903114002253,-0.054096885997747
"20",2.71543086172345,-0.557300101662197,-1.8937875751503,0.141903114002253,-0.054096885997747
