"","x","yplot","target","ftrue","fwrong"
"1",-1.33266533066132,-0.78527270955441,2.23446893787575,0.581762844364618,0.385762844364618
"2",0.611222444889779,-0.373044121755107,2.23446893787575,0.581762844364618,0.385762844364618
"3",1.15230460921844,0.148751012143691,2.23446893787575,0.581762844364618,0.385762844364618
"4",1.312625250501,0.171296003763643,2.23446893787575,0.581762844364618,0.385762844364618
"5",1.45290581162325,0.0868488553365431,2.23446893787575,0.581762844364618,0.385762844364618
"6",2.63527054108216,0.834041985198473,2.23446893787575,0.581762844364618,0.385762844364618
"7",3.39679358717435,0.720024396854325,2.23446893787575,0.581762844364618,0.385762844364618
"8",4.21843687374749,0.484195769245516,2.23446893787575,0.581762844364618,0.385762844364618
"9",4.69939879759519,0.188478676512725,2.23446893787575,0.581762844364618,0.385762844364618
"10",4.75951903807615,0.0546450695119274,2.23446893787575,0.581762844364618,0.385762844364618
