"","x","yplot","target","ftrue","fwrong"
"1",-3.07615230460922,0.387870420031329,3.93787575150301,-0.0272702213041493,0.168729778695851
"2",-0.230460921843687,-0.123071056726745,3.93787575150301,-0.0272702213041493,0.168729778695851
"3",0.110220440881763,-0.146036549937103,3.93787575150301,-0.0272702213041493,0.168729778695851
"4",0.130260521042084,-0.153615779985193,3.93787575150301,-0.0272702213041493,0.168729778695851
"5",0.230460921843687,-0.239133851880133,3.93787575150301,-0.0272702213041493,0.168729778695851
"6",0.571142284569138,-0.167186936987268,3.93787575150301,-0.0272702213041493,0.168729778695851
"7",1.03206412825651,0.236178676126563,3.93787575150301,-0.0272702213041493,0.168729778695851
"8",1.05210420841683,0.177751634024022,3.93787575150301,-0.0272702213041493,0.168729778695851
"9",1.61322645290581,0.178147915709981,3.93787575150301,-0.0272702213041493,0.168729778695851
"10",1.65330661322645,0.171720320178613,3.93787575150301,-0.0272702213041493,0.168729778695851
"11",1.8937875751503,0.425659375255613,3.93787575150301,-0.0272702213041493,0.168729778695851
"12",1.97394789579158,0.182752485464871,3.93787575150301,-0.0272702213041493,0.168729778695851
"13",2.95591182364729,0.0132151779518189,3.93787575150301,-0.0272702213041493,0.168729778695851
"14",2.99599198396794,0.14008308332205,3.93787575150301,-0.0272702213041493,0.168729778695851
"15",3.01603206412826,-0.000101433408265766,3.93787575150301,-0.0272702213041493,0.168729778695851
"16",3.09619238476954,-0.0978165872728418,3.93787575150301,-0.0272702213041493,0.168729778695851
"17",3.55711422845691,-0.0457834639080523,3.93787575150301,-0.0272702213041493,0.168729778695851
"18",3.61723446893788,0.000752055666534499,3.93787575150301,-0.0272702213041493,0.168729778695851
"19",3.75751503006012,0.0237406986486978,3.93787575150301,-0.0272702213041493,0.168729778695851
"20",3.77755511022044,-0.000557210204554254,3.93787575150301,-0.0272702213041493,0.168729778695851
"21",3.81763527054108,-0.00977148677301616,3.93787575150301,-0.0272702213041493,0.168729778695851
"22",3.85771543086172,-0.0474884935287559,3.93787575150301,-0.0272702213041493,0.168729778695851
"23",3.87775551102204,-0.00389745826693627,3.93787575150301,-0.0272702213041493,0.168729778695851
"24",3.89779559118236,-0.125236783390226,3.93787575150301,-0.0272702213041493,0.168729778695851
"25",3.91783567134268,0.094717552122883,3.93787575150301,-0.0272702213041493,0.168729778695851
"26",4.13827655310621,0.0360860489704669,3.93787575150301,-0.0272702213041493,0.168729778695851
"27",4.15831663326653,-0.0306446056227967,3.93787575150301,-0.0272702213041493,0.168729778695851
"28",4.21843687374749,0.0832277345397144,3.93787575150301,-0.0272702213041493,0.168729778695851
"29",4.23847695390782,0.0354617122470775,3.93787575150301,-0.0272702213041493,0.168729778695851
"30",4.27855711422846,-0.138529519439633,3.93787575150301,-0.0272702213041493,0.168729778695851
"31",4.3186372745491,0.0113665475676793,3.93787575150301,-0.0272702213041493,0.168729778695851
"32",4.39879759519038,-0.0626318442195146,3.93787575150301,-0.0272702213041493,0.168729778695851
"33",4.4188376753507,-0.0645071486157849,3.93787575150301,-0.0272702213041493,0.168729778695851
"34",4.49899799599198,0.00841458553602331,3.93787575150301,-0.0272702213041493,0.168729778695851
"35",4.55911823647295,-0.0302260272961426,3.93787575150301,-0.0272702213041493,0.168729778695851
"36",4.67935871743487,0.0447040095872817,3.93787575150301,-0.0272702213041493,0.168729778695851
"37",4.73947895791583,0.0925452428317382,3.93787575150301,-0.0272702213041493,0.168729778695851
"38",4.75951903807615,-0.0152463761985474,3.93787575150301,-0.0272702213041493,0.168729778695851
"39",4.77955911823647,0.00846972442158881,3.93787575150301,-0.0272702213041493,0.168729778695851
"40",4.8997995991984,-0.174864036140154,3.93787575150301,-0.0272702213041493,0.168729778695851
