"","x","yplot","target","ftrue","fwrong"
"1",-4.95991983967936,-0.654791191162485,-4.51903807615231,-0.508914503511637,-0.704914503511637
"2",-4.79959919839679,-0.445995271767165,-4.51903807615231,-0.508914503511637,-0.704914503511637
"3",-3.65731462925852,-0.448886550283482,-4.51903807615231,-0.508914503511637,-0.704914503511637
"4",-1.17234468937876,-0.151434257043709,-4.51903807615231,-0.508914503511637,-0.704914503511637
"5",-0.591182364729459,-0.420646637516544,-4.51903807615231,-0.508914503511637,-0.704914503511637
"6",-0.110220440881764,-0.188063645166533,-4.51903807615231,-0.508914503511637,-0.704914503511637
"7",2.91583166332665,0.105559407786328,-4.51903807615231,-0.508914503511637,-0.704914503511637
"8",3.37675350701403,0.355681289924259,-4.51903807615231,-0.508914503511637,-0.704914503511637
"9",3.77755511022044,0.425814512820262,-4.51903807615231,-0.508914503511637,-0.704914503511637
"10",4.57915831663327,0.732197155098444,-4.51903807615231,-0.508914503511637,-0.704914503511637
