"","x","yplot","target","ftrue","fwrong"
"1",-4.91983967935872,0.223156569485075,-1.23246492985972,-0.604178419217653,-0.408178419217653
"2",-4.75951903807615,0.159925724877667,-1.23246492985972,-0.604178419217653,-0.408178419217653
"3",-3.85771543086172,-0.488851028879319,-1.23246492985972,-0.604178419217653,-0.408178419217653
"4",-3.6372745490982,-0.702298700357965,-1.23246492985972,-0.604178419217653,-0.408178419217653
"5",-2.81563126252505,-0.590922304570048,-1.23246492985972,-0.604178419217653,-0.408178419217653
"6",-2.71543086172345,-0.712119268955057,-1.23246492985972,-0.604178419217653,-0.408178419217653
"7",-2.21442885771543,-0.881504234333142,-1.23246492985972,-0.604178419217653,-0.408178419217653
"8",-2.19438877755511,-0.646443851580473,-1.23246492985972,-0.604178419217653,-0.408178419217653
"9",-2.15430861723447,-0.528168868169068,-1.23246492985972,-0.604178419217653,-0.408178419217653
"10",-2.13426853707415,-0.606411166211265,-1.23246492985972,-0.604178419217653,-0.408178419217653
"11",-2.09418837675351,-0.637538664421852,-1.23246492985972,-0.604178419217653,-0.408178419217653
"12",-1.9939879759519,-0.631530007908672,-1.23246492985972,-0.604178419217653,-0.408178419217653
"13",-1.97394789579158,-0.503047523180271,-1.23246492985972,-0.604178419217653,-0.408178419217653
"14",-1.93386773547094,-0.650328928337008,-1.23246492985972,-0.604178419217653,-0.408178419217653
"15",-1.91382765531062,-0.559855862355279,-1.23246492985972,-0.604178419217653,-0.408178419217653
"16",-1.8937875751503,-0.623323958055457,-1.23246492985972,-0.604178419217653,-0.408178419217653
"17",-1.83366733466934,-0.575875815711607,-1.23246492985972,-0.604178419217653,-0.408178419217653
"18",-1.77354709418838,-0.683752851207337,-1.23246492985972,-0.604178419217653,-0.408178419217653
"19",-1.65330661322645,-0.697606389739114,-1.23246492985972,-0.604178419217653,-0.408178419217653
"20",-1.59318637274549,-0.548713528952312,-1.23246492985972,-0.604178419217653,-0.408178419217653
"21",-1.43286573146293,-0.720334954142364,-1.23246492985972,-0.604178419217653,-0.408178419217653
"22",-1.41282565130261,-0.589881349659119,-1.23246492985972,-0.604178419217653,-0.408178419217653
"23",-1.39278557114228,-0.551536750833996,-1.23246492985972,-0.604178419217653,-0.408178419217653
"24",-1.29258517034068,-0.466738961277247,-1.23246492985972,-0.604178419217653,-0.408178419217653
"25",-1.09218436873748,-0.730502652815682,-1.23246492985972,-0.604178419217653,-0.408178419217653
"26",-0.95190380761523,-0.392315774498423,-1.23246492985972,-0.604178419217653,-0.408178419217653
"27",-0.91182364729459,-0.622104170944262,-1.23246492985972,-0.604178419217653,-0.408178419217653
"28",-0.891783567134269,-0.558954000715507,-1.23246492985972,-0.604178419217653,-0.408178419217653
"29",-0.831663326653307,-0.609638128369423,-1.23246492985972,-0.604178419217653,-0.408178419217653
"30",-0.811623246492986,-0.745733489317689,-1.23246492985972,-0.604178419217653,-0.408178419217653
"31",-0.791583166332665,-0.830824031973375,-1.23246492985972,-0.604178419217653,-0.408178419217653
"32",-0.771543086172345,-0.697068073333074,-1.23246492985972,-0.604178419217653,-0.408178419217653
"33",-0.711422845691383,-0.733146552859025,-1.23246492985972,-0.604178419217653,-0.408178419217653
"34",-0.671342685370742,-0.653487902791807,-1.23246492985972,-0.604178419217653,-0.408178419217653
"35",-0.651302605210421,-0.62121800748359,-1.23246492985972,-0.604178419217653,-0.408178419217653
"36",-0.591182364729459,-0.744905480160677,-1.23246492985972,-0.604178419217653,-0.408178419217653
"37",-0.410821643286574,-0.896282453736808,-1.23246492985972,-0.604178419217653,-0.408178419217653
"38",-0.390781563126253,-0.721616725656918,-1.23246492985972,-0.604178419217653,-0.408178419217653
"39",-0.350701402805611,-0.669679505323472,-1.23246492985972,-0.604178419217653,-0.408178419217653
"40",-0.270541082164329,-0.751355693321028,-1.23246492985972,-0.604178419217653,-0.408178419217653
"41",-0.250501002004008,-0.876701001161327,-1.23246492985972,-0.604178419217653,-0.408178419217653
"42",1.29258517034068,-0.625322551380314,-1.23246492985972,-0.604178419217653,-0.408178419217653
"43",1.57314629258517,-0.864073094362973,-1.23246492985972,-0.604178419217653,-0.408178419217653
"44",2.01402805611222,-0.595887076648716,-1.23246492985972,-0.604178419217653,-0.408178419217653
"45",2.55511022044088,-0.729942199932807,-1.23246492985972,-0.604178419217653,-0.408178419217653
"46",2.97595190380761,-0.578693036230517,-1.23246492985972,-0.604178419217653,-0.408178419217653
"47",3.37675350701403,-0.343115289055529,-1.23246492985972,-0.604178419217653,-0.408178419217653
"48",4.15831663326653,-0.356802474335017,-1.23246492985972,-0.604178419217653,-0.408178419217653
"49",4.53907815631263,-0.330126355904449,-1.23246492985972,-0.604178419217653,-0.408178419217653
"50",4.63927855711423,-0.442601561706865,-1.23246492985972,-0.604178419217653,-0.408178419217653
