"","x","yplot","target","ftrue","fwrong"
"1",-4.85971943887776,0.432454312682824,-2.91583166332665,-0.0880245314522678,-0.284024531452268
"2",-4.69939879759519,0.625997323035584,-2.91583166332665,-0.0880245314522678,-0.284024531452268
"3",-4.63927855711423,0.735148659605719,-2.91583166332665,-0.0880245314522678,-0.284024531452268
"4",-4.61923847695391,0.580205238835939,-2.91583166332665,-0.0880245314522678,-0.284024531452268
"5",-4.53907815631263,0.566739067308767,-2.91583166332665,-0.0880245314522678,-0.284024531452268
"6",-4.47895791583166,0.673274431235954,-2.91583166332665,-0.0880245314522678,-0.284024531452268
"7",-4.43887775551102,0.702932225951633,-2.91583166332665,-0.0880245314522678,-0.284024531452268
"8",-4.33867735470942,0.451402477863669,-2.91583166332665,-0.0880245314522678,-0.284024531452268
"9",-4.25851703406814,0.397383211863532,-2.91583166332665,-0.0880245314522678,-0.284024531452268
"10",-4.01803607214429,0.22852771115127,-2.91583166332665,-0.0880245314522678,-0.284024531452268
"11",-3.77755511022044,0.308314115078428,-2.91583166332665,-0.0880245314522678,-0.284024531452268
"12",-3.67735470941884,0.0912137790210651,-2.91583166332665,-0.0880245314522678,-0.284024531452268
"13",-3.61723446893788,0.175744687247032,-2.91583166332665,-0.0880245314522678,-0.284024531452268
"14",-3.53707414829659,0.0632387274896153,-2.91583166332665,-0.0880245314522678,-0.284024531452268
"15",-3.45691382765531,0.154497339718412,-2.91583166332665,-0.0880245314522678,-0.284024531452268
"16",-3.39679358717435,0.0788736944903707,-2.91583166332665,-0.0880245314522678,-0.284024531452268
"17",-3.35671342685371,-0.0335858710015049,-2.91583166332665,-0.0880245314522678,-0.284024531452268
"18",-3.29659318637275,0.0422944601377943,-2.91583166332665,-0.0880245314522678,-0.284024531452268
"19",-3.27655310621242,0.0840907287482217,-2.91583166332665,-0.0880245314522678,-0.284024531452268
"20",-2.75551102204409,-0.0336842184334504,-2.91583166332665,-0.0880245314522678,-0.284024531452268
"21",-2.49498997995992,0.0716454315164776,-2.91583166332665,-0.0880245314522678,-0.284024531452268
"22",-2.45490981963928,-0.167922029764838,-2.91583166332665,-0.0880245314522678,-0.284024531452268
"23",-2.19438877755511,-0.056296106824877,-2.91583166332665,-0.0880245314522678,-0.284024531452268
"24",-2.09418837675351,-0.0793009745382571,-2.91583166332665,-0.0880245314522678,-0.284024531452268
"25",-1.93386773547094,-0.235783221008187,-2.91583166332665,-0.0880245314522678,-0.284024531452268
"26",-1.8937875751503,-0.0872293703814492,-2.91583166332665,-0.0880245314522678,-0.284024531452268
"27",-1.61322645290581,-0.0335840946418138,-2.91583166332665,-0.0880245314522678,-0.284024531452268
"28",-0.831663326653307,-0.0461290745185477,-2.91583166332665,-0.0880245314522678,-0.284024531452268
"29",-0.751503006012024,0.0433247735992384,-2.91583166332665,-0.0880245314522678,-0.284024531452268
"30",-0.61122244488978,-0.0126523691518916,-2.91583166332665,-0.0880245314522678,-0.284024531452268
"31",-0.591182364729459,0.187096939365289,-2.91583166332665,-0.0880245314522678,-0.284024531452268
"32",-0.531062124248497,-0.0299924994834098,-2.91583166332665,-0.0880245314522678,-0.284024531452268
"33",-0.350701402805611,-0.0112048199798004,-2.91583166332665,-0.0880245314522678,-0.284024531452268
"34",-0.0901803607214431,0.0685425083496824,-2.91583166332665,-0.0880245314522678,-0.284024531452268
"35",1.07214428857715,-0.263262131111062,-2.91583166332665,-0.0880245314522678,-0.284024531452268
"36",1.55310621242485,-0.389418922799133,-2.91583166332665,-0.0880245314522678,-0.284024531452268
"37",1.65330661322645,-0.577719222452303,-2.91583166332665,-0.0880245314522678,-0.284024531452268
"38",1.85370741482966,-0.503966794276724,-2.91583166332665,-0.0880245314522678,-0.284024531452268
"39",1.87374749498998,-0.730726690446064,-2.91583166332665,-0.0880245314522678,-0.284024531452268
"40",2.11422845691383,-0.522770237494209,-2.91583166332665,-0.0880245314522678,-0.284024531452268
"41",2.53507014028056,-0.806754050883637,-2.91583166332665,-0.0880245314522678,-0.284024531452268
"42",2.73547094188377,-0.636171541621676,-2.91583166332665,-0.0880245314522678,-0.284024531452268
"43",3.13627254509018,-0.833905965778997,-2.91583166332665,-0.0880245314522678,-0.284024531452268
"44",3.1563126252505,-0.907790019655699,-2.91583166332665,-0.0880245314522678,-0.284024531452268
"45",3.49699398797595,-0.78900144867711,-2.91583166332665,-0.0880245314522678,-0.284024531452268
"46",3.69739478957916,-0.907075109495507,-2.91583166332665,-0.0880245314522678,-0.284024531452268
"47",3.7374749498998,-0.899733998414841,-2.91583166332665,-0.0880245314522678,-0.284024531452268
"48",4.3186372745491,-0.716992886163123,-2.91583166332665,-0.0880245314522678,-0.284024531452268
"49",4.81963927855711,-0.403781342988398,-2.91583166332665,-0.0880245314522678,-0.284024531452268
"50",4.91983967935872,-0.415513062370502,-2.91583166332665,-0.0880245314522678,-0.284024531452268
