"","x","yplot","target","ftrue","fwrong"
"1",-5,-0.395590184802105,-4.2184368737475,-0.567767504437709,-0.763767504437709
"2",-4.95991983967936,-0.4045019721826,-4.2184368737475,-0.567767504437709,-0.763767504437709
"3",-4.87975951903808,-0.427579905017642,-4.2184368737475,-0.567767504437709,-0.763767504437709
"4",-4.85971943887776,-0.55865955041022,-4.2184368737475,-0.567767504437709,-0.763767504437709
"5",-4.79959919839679,-0.528201850905406,-4.2184368737475,-0.567767504437709,-0.763767504437709
"6",-4.77955911823647,-0.478860088708762,-4.2184368737475,-0.567767504437709,-0.763767504437709
"7",-4.71943887775551,-0.355218146886172,-4.2184368737475,-0.567767504437709,-0.763767504437709
"8",-4.67935871743487,-0.591726843310163,-4.2184368737475,-0.567767504437709,-0.763767504437709
"9",-4.65931863727455,-0.531685353953729,-4.2184368737475,-0.567767504437709,-0.763767504437709
"10",-4.45891783567134,-0.488861953298564,-4.2184368737475,-0.567767504437709,-0.763767504437709
"11",-4.37875751503006,-0.504120142527808,-4.2184368737475,-0.567767504437709,-0.763767504437709
"12",-4.29859719438878,-0.610710960064363,-4.2184368737475,-0.567767504437709,-0.763767504437709
"13",-4.11823647294589,-0.665528159444244,-4.2184368737475,-0.567767504437709,-0.763767504437709
"14",-4.09819639278557,-0.570523452397732,-4.2184368737475,-0.567767504437709,-0.763767504437709
"15",-4.07815631262525,-0.583013799167887,-4.2184368737475,-0.567767504437709,-0.763767504437709
"16",-3.99799599198397,-0.724869755421192,-4.2184368737475,-0.567767504437709,-0.763767504437709
"17",-3.91783567134269,-0.502457930753369,-4.2184368737475,-0.567767504437709,-0.763767504437709
"18",-3.89779559118236,-0.577141904925902,-4.2184368737475,-0.567767504437709,-0.763767504437709
"19",-3.85771543086172,-0.710681454337227,-4.2184368737475,-0.567767504437709,-0.763767504437709
"20",-3.75751503006012,-0.510732469494109,-4.2184368737475,-0.567767504437709,-0.763767504437709
"21",-3.69739478957916,-0.474616539838992,-4.2184368737475,-0.567767504437709,-0.763767504437709
"22",-3.49699398797595,-0.517764021671006,-4.2184368737475,-0.567767504437709,-0.763767504437709
"23",-3.47695390781563,-0.742513659508208,-4.2184368737475,-0.567767504437709,-0.763767504437709
"24",-3.41683366733467,-0.519262749896242,-4.2184368737475,-0.567767504437709,-0.763767504437709
"25",-3.33667334669339,-0.681922414908045,-4.2184368737475,-0.567767504437709,-0.763767504437709
"26",-3.29659318637275,-0.729623165816218,-4.2184368737475,-0.567767504437709,-0.763767504437709
"27",-3.27655310621242,-0.741003243011994,-4.2184368737475,-0.567767504437709,-0.763767504437709
"28",-3.2565130260521,-0.572218284800738,-4.2184368737475,-0.567767504437709,-0.763767504437709
"29",-2.55511022044088,-0.94756465795083,-4.2184368737475,-0.567767504437709,-0.763767504437709
"30",-2.39478957915832,-0.851807684610987,-4.2184368737475,-0.567767504437709,-0.763767504437709
"31",-2.03406813627255,-0.857120860146137,-4.2184368737475,-0.567767504437709,-0.763767504437709
"32",-1.37274549098196,-0.785451951499924,-4.2184368737475,-0.567767504437709,-0.763767504437709
"33",-0.871743486973948,-0.898044083228464,-4.2184368737475,-0.567767504437709,-0.763767504437709
"34",0.0701402805611222,-0.709372608246888,-4.2184368737475,-0.567767504437709,-0.763767504437709
"35",0.170340681362725,-0.722746476804237,-4.2184368737475,-0.567767504437709,-0.763767504437709
"36",2.5751503006012,-0.0908103871071411,-4.2184368737475,-0.567767504437709,-0.763767504437709
"37",3.57715430861723,0.316955185913822,-4.2184368737475,-0.567767504437709,-0.763767504437709
"38",3.61723446893788,0.314467759240034,-4.2184368737475,-0.567767504437709,-0.763767504437709
"39",4.33867735470942,0.244336214329675,-4.2184368737475,-0.567767504437709,-0.763767504437709
"40",4.39879759519038,0.422952148394627,-4.2184368737475,-0.567767504437709,-0.763767504437709
