"","x","yplot","target","ftrue","fwrong"
"1",-2.39478957915832,0.529974812480377,2.69539078156313,-0.30791348170296,-0.50391348170296
"2",-2.03406813627255,0.475814525270452,2.69539078156313,-0.30791348170296,-0.50391348170296
"3",-1.93386773547094,0.636856589740819,2.69539078156313,-0.30791348170296,-0.50391348170296
"4",-0.811623246492986,0.759497205470886,2.69539078156313,-0.30791348170296,-0.50391348170296
"5",0.390781563126252,0.69149269162952,2.69539078156313,-0.30791348170296,-0.50391348170296
"6",1.73346693386774,-0.0676574052084091,2.69539078156313,-0.30791348170296,-0.50391348170296
"7",1.77354709418838,-0.0352393412370706,2.69539078156313,-0.30791348170296,-0.50391348170296
"8",1.83366733466934,0.0113210447875376,2.69539078156313,-0.30791348170296,-0.50391348170296
"9",1.97394789579158,0.0883786853848197,2.69539078156313,-0.30791348170296,-0.50391348170296
"10",2.01402805611222,-0.0286996807178787,2.69539078156313,-0.30791348170296,-0.50391348170296
"11",2.03406813627254,-0.00295677568441852,2.69539078156313,-0.30791348170296,-0.50391348170296
"12",2.15430861723447,0.133341644828798,2.69539078156313,-0.30791348170296,-0.50391348170296
"13",2.29458917835671,-0.185358653959399,2.69539078156313,-0.30791348170296,-0.50391348170296
"14",2.55511022044088,-0.244312204603659,2.69539078156313,-0.30791348170296,-0.50391348170296
"15",2.5751503006012,-0.188033867857794,2.69539078156313,-0.30791348170296,-0.50391348170296
"16",2.67535070140281,-0.34645949769077,2.69539078156313,-0.30791348170296,-0.50391348170296
"17",2.87575150300601,-0.396713169164162,2.69539078156313,-0.30791348170296,-0.50391348170296
"18",3.03607214428858,-0.403814322514183,2.69539078156313,-0.30791348170296,-0.50391348170296
"19",3.6372745490982,-0.39568915942598,2.69539078156313,-0.30791348170296,-0.50391348170296
"20",4.37875751503006,-0.736296627704633,2.69539078156313,-0.30791348170296,-0.50391348170296
