"","x","yplot","target","ftrue","fwrong"
"1",-4.71943887775551,0.944361133658,4.09819639278557,-0.389586662949898,-0.193586662949898
"2",-0.93186372745491,-0.220882417803016,4.09819639278557,-0.389586662949898,-0.193586662949898
"3",-0.490981963927856,-0.154920782917542,4.09819639278557,-0.389586662949898,-0.193586662949898
"4",3.17635270541082,0.0182189509638302,4.09819639278557,-0.389586662949898,-0.193586662949898
"5",3.29659318637274,-0.0552691237928657,4.09819639278557,-0.389586662949898,-0.193586662949898
"6",3.6372745490982,-0.248297279799163,4.09819639278557,-0.389586662949898,-0.193586662949898
"7",3.65731462925852,-0.422788344913108,4.09819639278557,-0.389586662949898,-0.193586662949898
"8",3.81763527054108,-0.242041916569871,4.09819639278557,-0.389586662949898,-0.193586662949898
"9",3.97795591182365,-0.349326584664067,4.09819639278557,-0.389586662949898,-0.193586662949898
"10",4.8997995991984,-0.344513532974815,4.09819639278557,-0.389586662949898,-0.193586662949898
