"","x","yplot","target","ftrue","fwrong"
"1",-4.55911823647295,-0.643139402706746,-2.85571142284569,0.251669706342373,0.447669706342373
"2",-4.19839679358717,-0.518212879765682,-2.85571142284569,0.251669706342373,0.447669706342373
"3",-3.8376753507014,-0.326849710928234,-2.85571142284569,0.251669706342373,0.447669706342373
"4",-3.77755511022044,-0.378519554940502,-2.85571142284569,0.251669706342373,0.447669706342373
"5",-3.6372745490982,-0.100362478654275,-2.85571142284569,0.251669706342373,0.447669706342373
"6",-3.59719438877756,-0.3240499411144,-2.85571142284569,0.251669706342373,0.447669706342373
"7",-3.41683366733467,-0.0635262018923584,-2.85571142284569,0.251669706342373,0.447669706342373
"8",-3.37675350701403,-0.159982996037246,-2.85571142284569,0.251669706342373,0.447669706342373
"9",-3.33667334669339,-0.234157117827893,-2.85571142284569,0.251669706342373,0.447669706342373
"10",-3.0561122244489,0.132011679701032,-2.85571142284569,0.251669706342373,0.447669706342373
"11",-2.91583166332665,0.234309782632807,-2.85571142284569,0.251669706342373,0.447669706342373
"12",-2.55511022044088,0.552407144461491,-2.85571142284569,0.251669706342373,0.447669706342373
"13",-2.49498997995992,0.312721463231141,-2.85571142284569,0.251669706342373,0.447669706342373
"14",-2.41482965931864,0.524838927155631,-2.85571142284569,0.251669706342373,0.447669706342373
"15",-2.374749498998,0.337390565583875,-2.85571142284569,0.251669706342373,0.447669706342373
"16",-1.8937875751503,0.759999695673046,-2.85571142284569,0.251669706342373,0.447669706342373
"17",-0.170340681362726,0.606238149485263,-2.85571142284569,0.251669706342373,0.447669706342373
"18",0.771543086172344,0.429283532098899,-2.85571142284569,0.251669706342373,0.447669706342373
"19",1.1122244488978,0.406669815018008,-2.85571142284569,0.251669706342373,0.447669706342373
"20",1.19238476953908,0.212194228320728,-2.85571142284569,0.251669706342373,0.447669706342373
