"","x","yplot","target","ftrue","fwrong"
"1",-4.75951903807615,0.737927145817321,-2.31462925851703,0.255677621139155,0.059677621139155
"2",-4.27855711422846,0.761822481327416,-2.31462925851703,0.255677621139155,0.059677621139155
"3",-3.79759519038076,0.543011111306536,-2.31462925851703,0.255677621139155,0.059677621139155
"4",-3.57715430861723,0.732229829281722,-2.31462925851703,0.255677621139155,0.059677621139155
"5",-3.51703406813627,0.687492610298701,-2.31462925851703,0.255677621139155,0.059677621139155
"6",-3.29659318637275,0.601134398000954,-2.31462925851703,0.255677621139155,0.059677621139155
"7",-3.21643286573146,0.643986871405833,-2.31462925851703,0.255677621139155,0.059677621139155
"8",-3.19639278557114,0.424557666702135,-2.31462925851703,0.255677621139155,0.059677621139155
"9",-3.03607214428858,0.513115781101144,-2.31462925851703,0.255677621139155,0.059677621139155
"10",-2.97595190380762,0.561338783298705,-2.31462925851703,0.255677621139155,0.059677621139155
"11",-2.95591182364729,0.469507637896292,-2.31462925851703,0.255677621139155,0.059677621139155
"12",-2.93587174348697,0.516950762755181,-2.31462925851703,0.255677621139155,0.059677621139155
"13",-2.73547094188377,0.286819365116027,-2.31462925851703,0.255677621139155,0.059677621139155
"14",-2.67535070140281,0.580256400219432,-2.31462925851703,0.255677621139155,0.059677621139155
"15",-2.65531062124249,0.542407860034793,-2.31462925851703,0.255677621139155,0.059677621139155
"16",-2.59519038076152,0.481573687074451,-2.31462925851703,0.255677621139155,0.059677621139155
"17",-2.41482965931864,0.268157086084088,-2.31462925851703,0.255677621139155,0.059677621139155
"18",-2.39478957915832,0.456855695952212,-2.31462925851703,0.255677621139155,0.059677621139155
"19",-2.25450901803607,0.0788241013967925,-2.31462925851703,0.255677621139155,0.059677621139155
"20",-2.23446893787575,0.120557916992004,-2.31462925851703,0.255677621139155,0.059677621139155
"21",-2.19438877755511,0.134998977662033,-2.31462925851703,0.255677621139155,0.059677621139155
"22",-2.13426853707415,0.315590760211534,-2.31462925851703,0.255677621139155,0.059677621139155
"23",-2.07414829659319,0.304742039111533,-2.31462925851703,0.255677621139155,0.059677621139155
"24",-2.01402805611222,0.11640733085937,-2.31462925851703,0.255677621139155,0.059677621139155
"25",-1.95390781563126,0.17334232969658,-2.31462925851703,0.255677621139155,0.059677621139155
"26",-1.91382765531062,0.28962431237284,-2.31462925851703,0.255677621139155,0.059677621139155
"27",-1.8937875751503,-0.0829745598372733,-2.31462925851703,0.255677621139155,0.059677621139155
"28",-1.83366733466934,-0.0370758476779792,-2.31462925851703,0.255677621139155,0.059677621139155
"29",-1.77354709418838,0.0219344259967486,-2.31462925851703,0.255677621139155,0.059677621139155
"30",-1.71342685370742,0.0612520408070369,-2.31462925851703,0.255677621139155,0.059677621139155
"31",-1.67334669338677,-0.0941642282933103,-2.31462925851703,0.255677621139155,0.059677621139155
"32",-1.65330661322645,-0.0277694932287698,-2.31462925851703,0.255677621139155,0.059677621139155
"33",-1.59318637274549,0.0426432607218953,-2.31462925851703,0.255677621139155,0.059677621139155
"34",-1.53306613226453,-0.0855833095684644,-2.31462925851703,0.255677621139155,0.059677621139155
"35",-1.51302605210421,-0.221104001418852,-2.31462925851703,0.255677621139155,0.059677621139155
"36",-1.49298597194389,-0.0747496362326811,-2.31462925851703,0.255677621139155,0.059677621139155
"37",-1.47294589178357,-0.391936332406466,-2.31462925851703,0.255677621139155,0.059677621139155
"38",-1.45290581162325,-0.216099506509466,-2.31462925851703,0.255677621139155,0.059677621139155
"39",-1.43286573146293,-0.269519244968834,-2.31462925851703,0.255677621139155,0.059677621139155
"40",-1.37274549098196,-0.310000426311569,-2.31462925851703,0.255677621139155,0.059677621139155
"41",-1.25250501002004,-0.339986105810483,-2.31462925851703,0.255677621139155,0.059677621139155
"42",-0.370741482965932,-0.238996816320473,-2.31462925851703,0.255677621139155,0.059677621139155
"43",1.39278557114228,-0.253451657453911,-2.31462925851703,0.255677621139155,0.059677621139155
"44",1.91382765531062,-0.495687693201321,-2.31462925851703,0.255677621139155,0.059677621139155
"45",1.9939879759519,-0.448781725268952,-2.31462925851703,0.255677621139155,0.059677621139155
"46",2.01402805611222,-0.509337828484529,-2.31462925851703,0.255677621139155,0.059677621139155
"47",2.374749498998,-0.787475019870751,-2.31462925851703,0.255677621139155,0.059677621139155
"48",2.45490981963928,-0.718989605896511,-2.31462925851703,0.255677621139155,0.059677621139155
"49",2.81563126252505,-0.84818104638614,-2.31462925851703,0.255677621139155,0.059677621139155
"50",3.31663326653307,-0.750177530758395,-2.31462925851703,0.255677621139155,0.059677621139155
