"","x","yplot","target","ftrue","fwrong"
"1",-4.53907815631263,0.424983039023773,-2.97595190380762,0.585083499815932,0.781083499815932
"2",-4.49899799599198,0.654345330113997,-2.97595190380762,0.585083499815932,0.781083499815932
"3",-3.91783567134269,0.70410713239163,-2.97595190380762,0.585083499815932,0.781083499815932
"4",-3.77755511022044,0.536080136698287,-2.97595190380762,0.585083499815932,0.781083499815932
"5",-3.1563126252505,0.75098737835653,-2.97595190380762,0.585083499815932,0.781083499815932
"6",-3.13627254509018,0.726683111330972,-2.97595190380762,0.585083499815932,0.781083499815932
"7",-3.07615230460922,0.397271948686276,-2.97595190380762,0.585083499815932,0.781083499815932
"8",-2.83567134268537,0.750872081216272,-2.97595190380762,0.585083499815932,0.781083499815932
"9",-2.73547094188377,0.599529565260854,-2.97595190380762,0.585083499815932,0.781083499815932
"10",-2.29458917835671,0.606058170516266,-2.97595190380762,0.585083499815932,0.781083499815932
"11",-2.23446893787575,0.443979027446683,-2.97595190380762,0.585083499815932,0.781083499815932
"12",-1.65330661322645,0.405961872815867,-2.97595190380762,0.585083499815932,0.781083499815932
"13",-1.55310621242485,0.46681605566888,-2.97595190380762,0.585083499815932,0.781083499815932
"14",-1.312625250501,0.532723866804743,-2.97595190380762,0.585083499815932,0.781083499815932
"15",-1.29258517034068,0.324786378006229,-2.97595190380762,0.585083499815932,0.781083499815932
"16",-1.25250501002004,0.42416781827978,-2.97595190380762,0.585083499815932,0.781083499815932
"17",-0.230460921843687,-0.316019929920768,-2.97595190380762,0.585083499815932,0.781083499815932
"18",1.25250501002004,-0.779023612091759,-2.97595190380762,0.585083499815932,0.781083499815932
"19",1.59318637274549,-0.831250793833249,-2.97595190380762,0.585083499815932,0.781083499815932
"20",1.63326653306613,-1.04646861673551,-2.97595190380762,0.585083499815932,0.781083499815932
"21",2.23446893787575,-1.02377820791808,-2.97595190380762,0.585083499815932,0.781083499815932
"22",2.35470941883768,-0.908162197882062,-2.97595190380762,0.585083499815932,0.781083499815932
"23",2.69539078156313,-0.825958792561581,-2.97595190380762,0.585083499815932,0.781083499815932
"24",2.77555110220441,-0.677429211380846,-2.97595190380762,0.585083499815932,0.781083499815932
"25",4.09819639278557,-0.184056713275055,-2.97595190380762,0.585083499815932,0.781083499815932
"26",4.19839679358717,-0.217224979826369,-2.97595190380762,0.585083499815932,0.781083499815932
"27",4.33867735470942,-0.263220849958716,-2.97595190380762,0.585083499815932,0.781083499815932
"28",4.49899799599198,-0.260593071834492,-2.97595190380762,0.585083499815932,0.781083499815932
"29",4.75951903807615,-0.339005422830663,-2.97595190380762,0.585083499815932,0.781083499815932
"30",4.95991983967936,-0.306216559306162,-2.97595190380762,0.585083499815932,0.781083499815932
