"","x","yplot","target","ftrue","fwrong"
"1",-3.27655310621242,0.407989910225352,-2.374749498998,0.320686493417442,0.124686493417442
"2",-3.19639278557114,0.00476788187191265,-2.374749498998,0.320686493417442,0.124686493417442
"3",-2.81563126252505,0.239776532426232,-2.374749498998,0.320686493417442,0.124686493417442
"4",-2.09418837675351,0.343653085571517,-2.374749498998,0.320686493417442,0.124686493417442
"5",-2.01402805611222,0.533341877034029,-2.374749498998,0.320686493417442,0.124686493417442
"6",-1.95390781563126,0.33036452979371,-2.374749498998,0.320686493417442,0.124686493417442
"7",-1.45290581162325,0.709586379467165,-2.374749498998,0.320686493417442,0.124686493417442
"8",-0.631262525050101,0.592792167329607,-2.374749498998,0.320686493417442,0.124686493417442
"9",2.35470941883768,-0.0466475932028545,-2.374749498998,0.320686493417442,0.124686493417442
"10",4.81963927855711,-0.703217337914941,-2.374749498998,0.320686493417442,0.124686493417442
