"","x","yplot","target","ftrue","fwrong"
"1",-4.67935871743487,-0.359548292885719,0.370741482965932,0.594742132636459,0.790742132636459
"2",-4.43887775551102,-0.355027560864348,0.370741482965932,0.594742132636459,0.790742132636459
"3",-3.23647294589178,-0.550364229064916,0.370741482965932,0.594742132636459,0.790742132636459
"4",-3.0561122244489,-0.657136900557068,0.370741482965932,0.594742132636459,0.790742132636459
"5",-2.77555110220441,-0.745486664277572,0.370741482965932,0.594742132636459,0.790742132636459
"6",-2.53507014028056,-0.710107663997599,0.370741482965932,0.594742132636459,0.790742132636459
"7",-2.11422845691383,-0.691483665917288,0.370741482965932,0.594742132636459,0.790742132636459
"8",-2.09418837675351,-0.923684520116195,0.370741482965932,0.594742132636459,0.790742132636459
"9",-1.85370741482966,-0.873845528507784,0.370741482965932,0.594742132636459,0.790742132636459
"10",-1.61322645290581,-0.842053857320961,0.370741482965932,0.594742132636459,0.790742132636459
"11",-1.47294589178357,-0.743726938126172,0.370741482965932,0.594742132636459,0.790742132636459
"12",-1.03206412825651,-0.514271250771604,0.370741482965932,0.594742132636459,0.790742132636459
"13",-0.511022044088176,-0.237912747803259,0.370741482965932,0.594742132636459,0.790742132636459
"14",-0.450901803607215,-0.105424392253058,0.370741482965932,0.594742132636459,0.790742132636459
"15",-0.390781563126253,-0.0529288402040525,0.370741482965932,0.594742132636459,0.790742132636459
"16",-0.270541082164329,0.0563015507513315,0.370741482965932,0.594742132636459,0.790742132636459
"17",-0.150300601202405,0.11678357010328,0.370741482965932,0.594742132636459,0.790742132636459
"18",0.230460921843687,0.326993876541265,0.370741482965932,0.594742132636459,0.790742132636459
"19",0.250501002004007,0.542809023207328,0.370741482965932,0.594742132636459,0.790742132636459
"20",0.791583166332665,0.735126946419006,0.370741482965932,0.594742132636459,0.790742132636459
"21",1.03206412825651,0.84724005699238,0.370741482965932,0.594742132636459,0.790742132636459
"22",1.57314629258517,0.595902920647704,0.370741482965932,0.594742132636459,0.790742132636459
"23",2.09418837675351,0.467047546238182,0.370741482965932,0.594742132636459,0.790742132636459
"24",2.25450901803607,0.435043438507644,0.370741482965932,0.594742132636459,0.790742132636459
"25",2.59519038076152,0.161880451323597,0.370741482965932,0.594742132636459,0.790742132636459
"26",2.67535070140281,-0.0869510663996904,0.370741482965932,0.594742132636459,0.790742132636459
"27",2.97595190380761,-0.384828133196872,0.370741482965932,0.594742132636459,0.790742132636459
"28",3.13627254509018,-0.454904822291008,0.370741482965932,0.594742132636459,0.790742132636459
"29",3.31663326653307,-0.575015347238421,0.370741482965932,0.594742132636459,0.790742132636459
"30",3.6372745490982,-0.724811391137992,0.370741482965932,0.594742132636459,0.790742132636459
