"","x","yplot","target","ftrue","fwrong"
"1",-4.47895791583166,0.498817473901996,-0.571142284569138,-0.672672618076352,-0.868672618076352
"2",-4.13827655310621,0.300978146794372,-0.571142284569138,-0.672672618076352,-0.868672618076352
"3",-3.43687374749499,0.0480349872794509,-0.571142284569138,-0.672672618076352,-0.868672618076352
"4",-1.01202404809619,-0.411357432798233,-0.571142284569138,-0.672672618076352,-0.868672618076352
"5",-0.971943887775551,-0.639679026541039,-0.571142284569138,-0.672672618076352,-0.868672618076352
"6",-0.95190380761523,-0.765636114776406,-0.571142284569138,-0.672672618076352,-0.868672618076352
"7",-0.891783567134269,-0.594448530010708,-0.571142284569138,-0.672672618076352,-0.868672618076352
"8",-0.751503006012024,-0.637044757367497,-0.571142284569138,-0.672672618076352,-0.868672618076352
"9",-0.651302605210421,-0.759949388486781,-0.571142284569138,-0.672672618076352,-0.868672618076352
"10",-0.631262525050101,-0.688310870477601,-0.571142284569138,-0.672672618076352,-0.868672618076352
"11",-0.571142284569138,-0.765832383598967,-0.571142284569138,-0.672672618076352,-0.868672618076352
"12",-0.230460921843687,-0.811045911752651,-0.571142284569138,-0.672672618076352,-0.868672618076352
"13",-0.170340681362726,-0.791982907076952,-0.571142284569138,-0.672672618076352,-0.868672618076352
"14",-0.0701402805611222,-0.656408439395739,-0.571142284569138,-0.672672618076352,-0.868672618076352
"15",-0.0300601202404813,-0.69300747012518,-0.571142284569138,-0.672672618076352,-0.868672618076352
"16",-0.0100200400801604,-0.581229326235626,-0.571142284569138,-0.672672618076352,-0.868672618076352
"17",0.370741482965932,-0.651611958952899,-0.571142284569138,-0.672672618076352,-0.868672618076352
"18",1.03206412825651,-0.562074503700225,-0.571142284569138,-0.672672618076352,-0.868672618076352
"19",4.39879759519038,0.128193489712555,-0.571142284569138,-0.672672618076352,-0.868672618076352
"20",4.95991983967936,0.356053038874636,-0.571142284569138,-0.672672618076352,-0.868672618076352
