"","x","yplot","target","ftrue","fwrong"
"1",-4.87975951903808,-0.865543243274386,0.831663326653306,0.183010817195827,-0.0129891828041729
"2",-4.85971943887776,-0.625997259414943,0.831663326653306,0.183010817195827,-0.0129891828041729
"3",-4.67935871743487,-0.652078876182531,0.831663326653306,0.183010817195827,-0.0129891828041729
"4",-4.29859719438878,-0.477853143235901,0.831663326653306,0.183010817195827,-0.0129891828041729
"5",-4.15831663326653,-0.472855621485099,0.831663326653306,0.183010817195827,-0.0129891828041729
"6",-4.11823647294589,-0.525871947121757,0.831663326653306,0.183010817195827,-0.0129891828041729
"7",-3.95791583166333,-0.450108140161844,0.831663326653306,0.183010817195827,-0.0129891828041729
"8",-3.21643286573146,-0.0119714909783512,0.831663326653306,0.183010817195827,-0.0129891828041729
"9",-2.17434869739479,0.16660387702621,0.831663326653306,0.183010817195827,-0.0129891828041729
"10",-0.490981963927856,0.226136973550059,0.831663326653306,0.183010817195827,-0.0129891828041729
"11",-0.290581162324649,0.296496762715935,0.831663326653306,0.183010817195827,-0.0129891828041729
"12",-0.150300601202405,0.248578178292086,0.831663326653306,0.183010817195827,-0.0129891828041729
"13",-0.130260521042084,0.254008881454954,0.831663326653306,0.183010817195827,-0.0129891828041729
"14",0.0300601202404804,0.219501352418725,0.831663326653306,0.183010817195827,-0.0129891828041729
"15",0.190380761523046,0.171699396221433,0.831663326653306,0.183010817195827,-0.0129891828041729
"16",0.270541082164328,0.336266507952975,0.831663326653306,0.183010817195827,-0.0129891828041729
"17",0.31062124248497,0.309359495159081,0.831663326653306,0.183010817195827,-0.0129891828041729
"18",0.350701402805611,0.260989085969266,0.831663326653306,0.183010817195827,-0.0129891828041729
"19",0.370741482965932,0.336977959617167,0.831663326653306,0.183010817195827,-0.0129891828041729
"20",0.390781563126252,0.143140392762225,0.831663326653306,0.183010817195827,-0.0129891828041729
"21",0.410821643286573,0.170487466496642,0.831663326653306,0.183010817195827,-0.0129891828041729
"22",0.430861723446894,0.26512717572438,0.831663326653306,0.183010817195827,-0.0129891828041729
"23",0.470941883767535,0.187378620435169,0.831663326653306,0.183010817195827,-0.0129891828041729
"24",0.490981963927855,0.22893997906966,0.831663326653306,0.183010817195827,-0.0129891828041729
"25",0.531062124248497,0.387009563901003,0.831663326653306,0.183010817195827,-0.0129891828041729
"26",0.551102204408817,0.26707708538542,0.831663326653306,0.183010817195827,-0.0129891828041729
"27",0.611222444889779,0.222115882911758,0.831663326653306,0.183010817195827,-0.0129891828041729
"28",0.6312625250501,0.204003801785957,0.831663326653306,0.183010817195827,-0.0129891828041729
"29",0.651302605210421,0.345018299631684,0.831663326653306,0.183010817195827,-0.0129891828041729
"30",0.691382765531062,0.116571482608084,0.831663326653306,0.183010817195827,-0.0129891828041729
"31",0.771543086172344,0.302550146980053,0.831663326653306,0.183010817195827,-0.0129891828041729
"32",0.811623246492986,0.00307721485265461,0.831663326653306,0.183010817195827,-0.0129891828041729
"33",0.851703406813627,0.112274140263312,0.831663326653306,0.183010817195827,-0.0129891828041729
"34",0.891783567134269,0.114087751497484,0.831663326653306,0.183010817195827,-0.0129891828041729
"35",0.95190380761523,0.261683883350626,0.831663326653306,0.183010817195827,-0.0129891828041729
"36",1.05210420841683,0.270578708797283,0.831663326653306,0.183010817195827,-0.0129891828041729
"37",1.15230460921844,0.361872621016997,0.831663326653306,0.183010817195827,-0.0129891828041729
"38",1.37274549098196,0.0310833018542147,0.831663326653306,0.183010817195827,-0.0129891828041729
"39",1.45290581162325,0.0814419039303903,0.831663326653306,0.183010817195827,-0.0129891828041729
"40",1.49298597194389,0.116291748792451,0.831663326653306,0.183010817195827,-0.0129891828041729
"41",1.55310621242485,0.260923535817989,0.831663326653306,0.183010817195827,-0.0129891828041729
"42",1.57314629258517,0.0755216938971823,0.831663326653306,0.183010817195827,-0.0129891828041729
"43",1.59318637274549,-0.0186464221150774,0.831663326653306,0.183010817195827,-0.0129891828041729
"44",1.63326653306613,0.00666899964814444,0.831663326653306,0.183010817195827,-0.0129891828041729
"45",1.69338677354709,-0.0731853243694265,0.831663326653306,0.183010817195827,-0.0129891828041729
"46",1.7935871743487,0.0138874162502428,0.831663326653306,0.183010817195827,-0.0129891828041729
"47",1.8937875751503,0.16777127779252,0.831663326653306,0.183010817195827,-0.0129891828041729
"48",2.67535070140281,-0.0496800303905494,0.831663326653306,0.183010817195827,-0.0129891828041729
"49",3.91783567134268,-0.380944842904887,0.831663326653306,0.183010817195827,-0.0129891828041729
"50",4.11823647294589,-0.229634840527545,0.831663326653306,0.183010817195827,-0.0129891828041729
