"","x","yplot","target","ftrue","fwrong"
"1",-4.95991983967936,0.719678919511257,1.2124248496994,0.0715897762851072,-0.124410223714893
"2",-4.83967935871743,1.02966264294165,1.2124248496994,0.0715897762851072,-0.124410223714893
"3",-4.73947895791583,0.742054086598262,1.2124248496994,0.0715897762851072,-0.124410223714893
"4",-4.43887775551102,0.750440556731252,1.2124248496994,0.0715897762851072,-0.124410223714893
"5",-3.57715430861723,0.688667166964138,1.2124248496994,0.0715897762851072,-0.124410223714893
"6",-3.45691382765531,0.608643594310903,1.2124248496994,0.0715897762851072,-0.124410223714893
"7",-3.2565130260521,0.519666061527753,1.2124248496994,0.0715897762851072,-0.124410223714893
"8",-3.13627254509018,0.456764428631113,1.2124248496994,0.0715897762851072,-0.124410223714893
"9",-2.79559118236473,0.441348873971289,1.2124248496994,0.0715897762851072,-0.124410223714893
"10",-2.25450901803607,0.284547519705632,1.2124248496994,0.0715897762851072,-0.124410223714893
"11",-2.07414829659319,0.23273303143682,1.2124248496994,0.0715897762851072,-0.124410223714893
"12",-2.03406813627255,0.337894308808585,1.2124248496994,0.0715897762851072,-0.124410223714893
"13",-1.39278557114228,0.219324845337344,1.2124248496994,0.0715897762851072,-0.124410223714893
"14",-0.751503006012024,0.359637075652277,1.2124248496994,0.0715897762851072,-0.124410223714893
"15",-0.190380761523047,0.288167684697161,1.2124248496994,0.0715897762851072,-0.124410223714893
"16",-0.170340681362726,0.0488188818656634,1.2124248496994,0.0715897762851072,-0.124410223714893
"17",0.130260521042084,0.117918422482367,1.2124248496994,0.0715897762851072,-0.124410223714893
"18",0.290581162324649,0.0470643944958405,1.2124248496994,0.0715897762851072,-0.124410223714893
"19",0.611222444889779,0.239562414440652,1.2124248496994,0.0715897762851072,-0.124410223714893
"20",0.791583166332665,0.00261187493152348,1.2124248496994,0.0715897762851072,-0.124410223714893
"21",0.871743486973948,0.0897737512775845,1.2124248496994,0.0715897762851072,-0.124410223714893
"22",0.891783567134269,0.181424703353445,1.2124248496994,0.0715897762851072,-0.124410223714893
"23",1.13226452905812,0.159398797381581,1.2124248496994,0.0715897762851072,-0.124410223714893
"24",1.19238476953908,-0.148546356031994,1.2124248496994,0.0715897762851072,-0.124410223714893
"25",1.39278557114228,-0.173341387735782,1.2124248496994,0.0715897762851072,-0.124410223714893
"26",1.83366733466934,-0.0491303407537552,1.2124248496994,0.0715897762851072,-0.124410223714893
"27",2.11422845691383,-0.0813626425807374,1.2124248496994,0.0715897762851072,-0.124410223714893
"28",2.13426853707415,-0.183969720402729,1.2124248496994,0.0715897762851072,-0.124410223714893
"29",2.15430861723447,-0.0761026061368004,1.2124248496994,0.0715897762851072,-0.124410223714893
"30",2.39478957915832,-0.177927785922034,1.2124248496994,0.0715897762851072,-0.124410223714893
"31",2.59519038076152,0.0291438663617203,1.2124248496994,0.0715897762851072,-0.124410223714893
"32",2.85571142284569,-0.170125210252328,1.2124248496994,0.0715897762851072,-0.124410223714893
"33",3.29659318637274,-0.195578278954601,1.2124248496994,0.0715897762851072,-0.124410223714893
"34",3.51703406813627,-0.15117115077049,1.2124248496994,0.0715897762851072,-0.124410223714893
"35",3.61723446893788,-0.332486815852441,1.2124248496994,0.0715897762851072,-0.124410223714893
"36",3.79759519038076,-0.404802334094311,1.2124248496994,0.0715897762851072,-0.124410223714893
"37",3.97795591182365,-0.37295279294524,1.2124248496994,0.0715897762851072,-0.124410223714893
"38",4.03807615230461,-0.298423306967504,1.2124248496994,0.0715897762851072,-0.124410223714893
"39",4.63927855711423,-0.602938013362827,1.2124248496994,0.0715897762851072,-0.124410223714893
"40",4.91983967935872,-0.686620245888266,1.2124248496994,0.0715897762851072,-0.124410223714893
