"","x","yplot","target","ftrue","fwrong"
"1",-3.11623246492986,-0.620133947443406,0.450901803607215,0.146014615068406,-0.049985384931594
"2",-0.110220440881764,0.354323274112968,0.450901803607215,0.146014615068406,-0.049985384931594
"3",0.0100200400801604,0.107436373131202,0.450901803607215,0.146014615068406,-0.049985384931594
"4",0.0901803607214431,0.398614692630806,0.450901803607215,0.146014615068406,-0.049985384931594
"5",0.170340681362725,-0.0327443141318332,0.450901803607215,0.146014615068406,-0.049985384931594
"6",0.350701402805611,0.0347947708621107,0.450901803607215,0.146014615068406,-0.049985384931594
"7",0.430861723446894,0.299489513851302,0.450901803607215,0.146014615068406,-0.049985384931594
"8",0.831663326653306,-0.0346910846794954,0.450901803607215,0.146014615068406,-0.049985384931594
"9",1.77354709418838,-0.691427342942644,0.450901803607215,0.146014615068406,-0.049985384931594
"10",4.45891783567134,-0.266914336731128,0.450901803607215,0.146014615068406,-0.049985384931594
