"","x","yplot","target","ftrue","fwrong"
"1",-4.93987975951904,0.39184722128003,2.59519038076152,-0.645114292606451,-0.841114292606451
"2",-3.99799599198397,0.12108771590767,2.59519038076152,-0.645114292606451,-0.841114292606451
"3",-3.79759519038076,0.00215831624636888,2.59519038076152,-0.645114292606451,-0.841114292606451
"4",-3.7374749498998,-0.120947229598812,2.59519038076152,-0.645114292606451,-0.841114292606451
"5",-3.31663326653307,0.130627480595489,2.59519038076152,-0.645114292606451,-0.841114292606451
"6",-3.13627254509018,0.00386522742508728,2.59519038076152,-0.645114292606451,-0.841114292606451
"7",-3.09619238476954,0.135068810212424,2.59519038076152,-0.645114292606451,-0.841114292606451
"8",-1.9939879759519,0.368800631223946,2.59519038076152,-0.645114292606451,-0.841114292606451
"9",-1.91382765531062,0.281065192997091,2.59519038076152,-0.645114292606451,-0.841114292606451
"10",-1.7935871743487,0.61139281111059,2.59519038076152,-0.645114292606451,-0.841114292606451
"11",-1.49298597194389,0.410130498370622,2.59519038076152,-0.645114292606451,-0.841114292606451
"12",-1.23246492985972,0.44525177069666,2.59519038076152,-0.645114292606451,-0.841114292606451
"13",-0.791583166332665,0.0734261062362991,2.59519038076152,-0.645114292606451,-0.841114292606451
"14",-0.571142284569138,0.253931190354873,2.59519038076152,-0.645114292606451,-0.841114292606451
"15",-0.531062124248497,0.208585192401958,2.59519038076152,-0.645114292606451,-0.841114292606451
"16",-0.270541082164329,-0.0423171619740666,2.59519038076152,-0.645114292606451,-0.841114292606451
"17",-0.130260521042084,0.0829799299324695,2.59519038076152,-0.645114292606451,-0.841114292606451
"18",-0.0300601202404813,-0.0136056014710832,2.59519038076152,-0.645114292606451,-0.841114292606451
"19",-0.0100200400801604,-0.277102538506739,2.59519038076152,-0.645114292606451,-0.841114292606451
"20",0.230460921843687,-0.122812795433394,2.59519038076152,-0.645114292606451,-0.841114292606451
"21",0.370741482965932,-0.379322037990512,2.59519038076152,-0.645114292606451,-0.841114292606451
"22",0.771543086172344,-0.746708327326047,2.59519038076152,-0.645114292606451,-0.841114292606451
"23",1.27254509018036,-0.76620634800231,2.59519038076152,-0.645114292606451,-0.841114292606451
"24",1.71342685370741,-0.756445771628648,2.59519038076152,-0.645114292606451,-0.841114292606451
"25",1.81362725450902,-0.696883660211327,2.59519038076152,-0.645114292606451,-0.841114292606451
"26",2.25450901803607,-0.819040846865511,2.59519038076152,-0.645114292606451,-0.841114292606451
"27",2.51503006012024,-0.637678743584788,2.59519038076152,-0.645114292606451,-0.841114292606451
"28",2.63527054108216,-0.713378064409075,2.59519038076152,-0.645114292606451,-0.841114292606451
"29",2.65531062124249,-0.668779212137858,2.59519038076152,-0.645114292606451,-0.841114292606451
"30",2.71543086172345,-0.510293200739355,2.59519038076152,-0.645114292606451,-0.841114292606451
"31",3.03607214428858,-0.565420825258992,2.59519038076152,-0.645114292606451,-0.841114292606451
"32",3.19639278557114,-0.311519790440357,2.59519038076152,-0.645114292606451,-0.841114292606451
"33",3.2565130260521,-0.237537309438586,2.59519038076152,-0.645114292606451,-0.841114292606451
"34",3.43687374749499,-0.102590836401094,2.59519038076152,-0.645114292606451,-0.841114292606451
"35",3.51703406813627,-0.270834194934265,2.59519038076152,-0.645114292606451,-0.841114292606451
"36",3.7374749498998,-0.202559734197706,2.59519038076152,-0.645114292606451,-0.841114292606451
"37",3.99799599198397,0.00709902070223711,2.59519038076152,-0.645114292606451,-0.841114292606451
"38",4.05811623246493,0.0213349897846118,2.59519038076152,-0.645114292606451,-0.841114292606451
"39",4.75951903807615,0.387137709321164,2.59519038076152,-0.645114292606451,-0.841114292606451
"40",4.77955911823647,0.257255952173147,2.59519038076152,-0.645114292606451,-0.841114292606451
