"","x","yplot","target","ftrue","fwrong"
"1",-4.95991983967936,0.328313668737661,3.37675350701403,-0.548431899503465,-0.352431899503465
"2",-4.81963927855711,0.42065916058753,3.37675350701403,-0.548431899503465,-0.352431899503465
"3",-4.39879759519038,0.236023575793546,3.37675350701403,-0.548431899503465,-0.352431899503465
"4",-4.25851703406814,0.220392260076143,3.37675350701403,-0.548431899503465,-0.352431899503465
"5",-3.99799599198397,0.374557303115843,3.37675350701403,-0.548431899503465,-0.352431899503465
"6",-3.51703406813627,0.292567133547689,3.37675350701403,-0.548431899503465,-0.352431899503465
"7",-2.59519038076152,0.173980737113686,3.37675350701403,-0.548431899503465,-0.352431899503465
"8",-2.23446893787575,0.302054949091026,3.37675350701403,-0.548431899503465,-0.352431899503465
"9",-2.05410821643287,0.0785804619487828,3.37675350701403,-0.548431899503465,-0.352431899503465
"10",-1.83366733466934,0.188805474768241,3.37675350701403,-0.548431899503465,-0.352431899503465
"11",-1.45290581162325,0.143936251714594,3.37675350701403,-0.548431899503465,-0.352431899503465
"12",-0.871743486973948,0.0280453381120179,3.37675350701403,-0.548431899503465,-0.352431899503465
"13",-0.651302605210421,0.0415657219833,3.37675350701403,-0.548431899503465,-0.352431899503465
"14",-0.571142284569138,0.0534120497533985,3.37675350701403,-0.548431899503465,-0.352431899503465
"15",-0.0100200400801604,0.0243006145978916,3.37675350701403,-0.548431899503465,-0.352431899503465
"16",0.130260521042084,0.0329625115607636,3.37675350701403,-0.548431899503465,-0.352431899503465
"17",0.190380761523046,-0.161530498576609,3.37675350701403,-0.548431899503465,-0.352431899503465
"18",0.791583166332665,-0.112287983587509,3.37675350701403,-0.548431899503465,-0.352431899503465
"19",1.01202404809619,-0.283198734169913,3.37675350701403,-0.548431899503465,-0.352431899503465
"20",1.4128256513026,-0.169668895080728,3.37675350701403,-0.548431899503465,-0.352431899503465
"21",1.47294589178357,-0.333937379203614,3.37675350701403,-0.548431899503465,-0.352431899503465
"22",1.65330661322645,-0.15158807431375,3.37675350701403,-0.548431899503465,-0.352431899503465
"23",1.73346693386774,-0.118655839930163,3.37675350701403,-0.548431899503465,-0.352431899503465
"24",1.85370741482966,-0.164719064917177,3.37675350701403,-0.548431899503465,-0.352431899503465
"25",2.19438877755511,-0.259863599449731,3.37675350701403,-0.548431899503465,-0.352431899503465
"26",2.41482965931864,-0.38621425758786,3.37675350701403,-0.548431899503465,-0.352431899503465
"27",2.53507014028056,-0.0829401797161962,3.37675350701403,-0.548431899503465,-0.352431899503465
"28",2.79559118236473,-0.874625108659765,3.37675350701403,-0.548431899503465,-0.352431899503465
"29",2.95591182364729,-0.499501011890413,3.37675350701403,-0.548431899503465,-0.352431899503465
"30",2.97595190380761,-0.307960073999919,3.37675350701403,-0.548431899503465,-0.352431899503465
"31",3.23647294589178,-0.437220023370808,3.37675350701403,-0.548431899503465,-0.352431899503465
"32",3.59719438877755,-0.526720891287608,3.37675350701403,-0.548431899503465,-0.352431899503465
"33",3.71743486973948,-0.736393129983192,3.37675350701403,-0.548431899503465,-0.352431899503465
"34",3.77755511022044,-0.689837787981694,3.37675350701403,-0.548431899503465,-0.352431899503465
"35",3.87775551102204,-0.649570299676119,3.37675350701403,-0.548431899503465,-0.352431899503465
"36",4.03807615230461,-0.528730300463983,3.37675350701403,-0.548431899503465,-0.352431899503465
"37",4.33867735470942,-0.755781555136133,3.37675350701403,-0.548431899503465,-0.352431899503465
"38",4.49899799599198,-0.755239147790075,3.37675350701403,-0.548431899503465,-0.352431899503465
"39",4.67935871743487,-0.771191232505081,3.37675350701403,-0.548431899503465,-0.352431899503465
"40",4.81963927855711,-0.74081634916534,3.37675350701403,-0.548431899503465,-0.352431899503465
