"","x","yplot","target","ftrue","fwrong"
"1",-4.69939879759519,-0.7129788436191,3.65731462925852,0.870412604490422,0.674412604490422
"2",-4.3186372745491,-0.74385842657541,3.65731462925852,0.870412604490422,0.674412604490422
"3",-3.8376753507014,-0.747535622222706,3.65731462925852,0.870412604490422,0.674412604490422
"4",-3.77755511022044,-0.848215973889206,3.65731462925852,0.870412604490422,0.674412604490422
"5",-3.7374749498998,-0.957781360705101,3.65731462925852,0.870412604490422,0.674412604490422
"6",-3.13627254509018,-0.897809862713518,3.65731462925852,0.870412604490422,0.674412604490422
"7",-3.01603206412826,-0.780086362105856,3.65731462925852,0.870412604490422,0.674412604490422
"8",-2.95591182364729,-0.932864779378892,3.65731462925852,0.870412604490422,0.674412604490422
"9",-2.93587174348697,-0.814859356955368,3.65731462925852,0.870412604490422,0.674412604490422
"10",-2.41482965931864,-0.820397930326558,3.65731462925852,0.870412604490422,0.674412604490422
"11",-2.27454909819639,-0.915831766202487,3.65731462925852,0.870412604490422,0.674412604490422
"12",-1.41282565130261,-0.678124839731403,3.65731462925852,0.870412604490422,0.674412604490422
"13",-1.29258517034068,-0.71159654249736,3.65731462925852,0.870412604490422,0.674412604490422
"14",-1.07214428857715,-0.582035181596176,3.65731462925852,0.870412604490422,0.674412604490422
"15",1.33266533066132,0.338703640725014,3.65731462925852,0.870412604490422,0.674412604490422
"16",2.71543086172345,0.628902421450263,3.65731462925852,0.870412604490422,0.674412604490422
"17",2.75551102204409,0.769595488621723,3.65731462925852,0.870412604490422,0.674412604490422
"18",2.77555110220441,0.829215707782559,3.65731462925852,0.870412604490422,0.674412604490422
"19",2.79559118236473,0.571401020232563,3.65731462925852,0.870412604490422,0.674412604490422
"20",2.81563126252505,0.626412361927641,3.65731462925852,0.870412604490422,0.674412604490422
"21",2.83567134268537,0.478340633791435,3.65731462925852,0.870412604490422,0.674412604490422
"22",2.85571142284569,0.616143630972641,3.65731462925852,0.870412604490422,0.674412604490422
"23",2.89579158316633,0.645591806668176,3.65731462925852,0.870412604490422,0.674412604490422
"24",2.93587174348697,0.718705957651052,3.65731462925852,0.870412604490422,0.674412604490422
"25",3.0561122244489,1.02040782363447,3.65731462925852,0.870412604490422,0.674412604490422
"26",3.13627254509018,0.73175928654873,3.65731462925852,0.870412604490422,0.674412604490422
"27",3.29659318637274,0.908627276121378,3.65731462925852,0.870412604490422,0.674412604490422
"28",3.41683366733467,1.05671719432411,3.65731462925852,0.870412604490422,0.674412604490422
"29",3.49699398797595,0.923726425583042,3.65731462925852,0.870412604490422,0.674412604490422
"30",3.59719438877755,0.864318176255943,3.65731462925852,0.870412604490422,0.674412604490422
"31",3.67735470941884,0.978489127315326,3.65731462925852,0.870412604490422,0.674412604490422
"32",3.7374749498998,0.719492773256466,3.65731462925852,0.870412604490422,0.674412604490422
"33",3.77755511022044,0.81718505585219,3.65731462925852,0.870412604490422,0.674412604490422
"34",3.87775551102204,1.0962786394574,3.65731462925852,0.870412604490422,0.674412604490422
"35",3.91783567134268,0.786850272600486,3.65731462925852,0.870412604490422,0.674412604490422
"36",3.93787575150301,0.9216842252402,3.65731462925852,0.870412604490422,0.674412604490422
"37",3.95791583166333,0.991998354084711,3.65731462925852,0.870412604490422,0.674412604490422
"38",3.97795591182365,0.932067745580097,3.65731462925852,0.870412604490422,0.674412604490422
"39",4.05811623246493,1.09977771779933,3.65731462925852,0.870412604490422,0.674412604490422
"40",4.09819639278557,0.892365909744686,3.65731462925852,0.870412604490422,0.674412604490422
"41",4.11823647294589,1.00319448946831,3.65731462925852,0.870412604490422,0.674412604490422
"42",4.13827655310621,0.933160446151056,3.65731462925852,0.870412604490422,0.674412604490422
"43",4.15831663326653,1.04409604593772,3.65731462925852,0.870412604490422,0.674412604490422
"44",4.19839679358717,0.828432749683828,3.65731462925852,0.870412604490422,0.674412604490422
"45",4.29859719438878,0.786015203706276,3.65731462925852,0.870412604490422,0.674412604490422
"46",4.33867735470942,0.946010734501529,3.65731462925852,0.870412604490422,0.674412604490422
"47",4.35871743486974,0.899330030440332,3.65731462925852,0.870412604490422,0.674412604490422
"48",4.39879759519038,1.12386688361454,3.65731462925852,0.870412604490422,0.674412604490422
"49",4.43887775551102,1.07225327048778,3.65731462925852,0.870412604490422,0.674412604490422
"50",4.5190380761523,1.02612575439156,3.65731462925852,0.870412604490422,0.674412604490422
