"","x","yplot","target","ftrue","fwrong"
"1",-4.59919839679359,0.757916182832994,1.47294589178357,-0.413836078289401,-0.609836078289401
"2",-2.69539078156313,0.234107328591837,1.47294589178357,-0.413836078289401,-0.609836078289401
"3",-1.41282565130261,-0.0242529832166225,1.47294589178357,-0.413836078289401,-0.609836078289401
"4",1.67334669338677,-0.626999928066198,1.47294589178357,-0.413836078289401,-0.609836078289401
"5",1.8937875751503,-0.616591341214968,1.47294589178357,-0.413836078289401,-0.609836078289401
"6",1.91382765531062,-0.385045964336629,1.47294589178357,-0.413836078289401,-0.609836078289401
"7",3.55711422845691,-0.219428776456419,1.47294589178357,-0.413836078289401,-0.609836078289401
"8",3.95791583166333,-0.257053651280815,1.47294589178357,-0.413836078289401,-0.609836078289401
"9",4.5190380761523,-0.0494341556532854,1.47294589178357,-0.413836078289401,-0.609836078289401
"10",4.81963927855711,0.0560255322153696,1.47294589178357,-0.413836078289401,-0.609836078289401
