"","x","yplot","target","ftrue","fwrong"
"1",-3.49699398797595,0.718421870703209,-1.07214428857715,-0.151046746991355,-0.347046746991355
"2",-2.374749498998,0.913388077168152,-1.07214428857715,-0.151046746991355,-0.347046746991355
"3",-1.9939879759519,0.66136973409613,-1.07214428857715,-0.151046746991355,-0.347046746991355
"4",-1.91382765531062,0.448609203183059,-1.07214428857715,-0.151046746991355,-0.347046746991355
"5",-1.8937875751503,0.476939431500961,-1.07214428857715,-0.151046746991355,-0.347046746991355
"6",-1.87374749498998,0.563734905180353,-1.07214428857715,-0.151046746991355,-0.347046746991355
"7",-1.83366733466934,0.555737431946035,-1.07214428857715,-0.151046746991355,-0.347046746991355
"8",-1.41282565130261,0.231427409518408,-1.07214428857715,-0.151046746991355,-0.347046746991355
"9",-1.27254509018036,-0.0379871837101385,-1.07214428857715,-0.151046746991355,-0.347046746991355
"10",-1.25250501002004,0.15341668934952,-1.07214428857715,-0.151046746991355,-0.347046746991355
"11",-1.2124248496994,-0.048529818514498,-1.07214428857715,-0.151046746991355,-0.347046746991355
"12",-1.17234468937876,0.0319505143249903,-1.07214428857715,-0.151046746991355,-0.347046746991355
"13",-1.07214428857715,-0.167964990370973,-1.07214428857715,-0.151046746991355,-0.347046746991355
"14",-0.991983967935872,-0.346823006334404,-1.07214428857715,-0.151046746991355,-0.347046746991355
"15",-0.95190380761523,-0.280458360287892,-1.07214428857715,-0.151046746991355,-0.347046746991355
"16",-0.93186372745491,-0.253677269012479,-1.07214428857715,-0.151046746991355,-0.347046746991355
"17",-0.871743486973948,-0.248871649661894,-1.07214428857715,-0.151046746991355,-0.347046746991355
"18",-0.751503006012024,-0.316170896748929,-1.07214428857715,-0.151046746991355,-0.347046746991355
"19",-0.731462925851703,-0.313607936851401,-1.07214428857715,-0.151046746991355,-0.347046746991355
"20",-0.691382765531062,-0.381785045104815,-1.07214428857715,-0.151046746991355,-0.347046746991355
"21",-0.551102204408818,-0.702337500333696,-1.07214428857715,-0.151046746991355,-0.347046746991355
"22",-0.470941883767535,-0.512648529052419,-1.07214428857715,-0.151046746991355,-0.347046746991355
"23",-0.430861723446894,-0.69694860806774,-1.07214428857715,-0.151046746991355,-0.347046746991355
"24",-0.390781563126253,-0.743150335610105,-1.07214428857715,-0.151046746991355,-0.347046746991355
"25",-0.250501002004008,-0.643945406105718,-1.07214428857715,-0.151046746991355,-0.347046746991355
"26",-0.230460921843687,-0.649177544534148,-1.07214428857715,-0.151046746991355,-0.347046746991355
"27",-0.210420841683367,-0.601537954024125,-1.07214428857715,-0.151046746991355,-0.347046746991355
"28",-0.170340681362726,-0.751976514525976,-1.07214428857715,-0.151046746991355,-0.347046746991355
"29",-0.150300601202405,-0.690897550823316,-1.07214428857715,-0.151046746991355,-0.347046746991355
"30",-0.130260521042084,-0.882269310169781,-1.07214428857715,-0.151046746991355,-0.347046746991355
"31",0.991983967935871,-1.0116178479602,-1.07214428857715,-0.151046746991355,-0.347046746991355
"32",1.33266533066132,-1.01609486259952,-1.07214428857715,-0.151046746991355,-0.347046746991355
"33",1.49298597194389,-0.828908257538515,-1.07214428857715,-0.151046746991355,-0.347046746991355
"34",1.75350701402806,-0.663442110005013,-1.07214428857715,-0.151046746991355,-0.347046746991355
"35",2.41482965931864,-0.805122939525836,-1.07214428857715,-0.151046746991355,-0.347046746991355
"36",2.51503006012024,-0.620835594468416,-1.07214428857715,-0.151046746991355,-0.347046746991355
"37",3.19639278557114,-0.669136699235265,-1.07214428857715,-0.151046746991355,-0.347046746991355
"38",3.29659318637274,-0.503256974372592,-1.07214428857715,-0.151046746991355,-0.347046746991355
"39",3.55711422845691,-0.657682332482031,-1.07214428857715,-0.151046746991355,-0.347046746991355
"40",4.17835671342685,-0.570146817458682,-1.07214428857715,-0.151046746991355,-0.347046746991355
