"","x","yplot","target","ftrue","fwrong"
"1",-4.67935871743487,0.349698798794367,-3.75751503006012,-0.187383394353602,0.00861660564639763
"2",-4.61923847695391,0.341595932625562,-3.75751503006012,-0.187383394353602,0.00861660564639763
"3",-4.59919839679359,0.099488709101666,-3.75751503006012,-0.187383394353602,0.00861660564639763
"4",-4.51903807615231,0.0970591455164382,-3.75751503006012,-0.187383394353602,0.00861660564639763
"5",-4.49899799599198,0.348495269184604,-3.75751503006012,-0.187383394353602,0.00861660564639763
"6",-4.37875751503006,0.192528454884582,-3.75751503006012,-0.187383394353602,0.00861660564639763
"7",-4.35871743486974,0.249941793263097,-3.75751503006012,-0.187383394353602,0.00861660564639763
"8",-4.29859719438878,0.172637408954838,-3.75751503006012,-0.187383394353602,0.00861660564639763
"9",-4.25851703406814,0.0403289036438542,-3.75751503006012,-0.187383394353602,0.00861660564639763
"10",-4.13827655310621,-0.0540356420088938,-3.75751503006012,-0.187383394353602,0.00861660564639763
"11",-3.77755511022044,-0.180676537126938,-3.75751503006012,-0.187383394353602,0.00861660564639763
"12",-3.6372745490982,-0.399053576081549,-3.75751503006012,-0.187383394353602,0.00861660564639763
"13",-3.43687374749499,-0.333167245553322,-3.75751503006012,-0.187383394353602,0.00861660564639763
"14",-3.33667334669339,-0.395522890449778,-3.75751503006012,-0.187383394353602,0.00861660564639763
"15",-3.27655310621242,-0.381322766507596,-3.75751503006012,-0.187383394353602,0.00861660564639763
"16",-3.1563126252505,-0.373159170631057,-3.75751503006012,-0.187383394353602,0.00861660564639763
"17",-3.01603206412826,-0.602918414468913,-3.75751503006012,-0.187383394353602,0.00861660564639763
"18",-2.95591182364729,-0.563919156537087,-3.75751503006012,-0.187383394353602,0.00861660564639763
"19",-2.89579158316633,-0.584886580001516,-3.75751503006012,-0.187383394353602,0.00861660564639763
"20",-2.83567134268537,-0.508026181328815,-3.75751503006012,-0.187383394353602,0.00861660564639763
"21",-2.79559118236473,-0.594796704714929,-3.75751503006012,-0.187383394353602,0.00861660564639763
"22",-0.370741482965932,0.417059421095832,-3.75751503006012,-0.187383394353602,0.00861660564639763
"23",-0.250501002004008,0.654168905683484,-3.75751503006012,-0.187383394353602,0.00861660564639763
"24",-0.210420841683367,0.722026741638644,-3.75751503006012,-0.187383394353602,0.00861660564639763
"25",0.0501002004008013,0.591803486294779,-3.75751503006012,-0.187383394353602,0.00861660564639763
"26",1.4128256513026,0.640022635739567,-3.75751503006012,-0.187383394353602,0.00861660564639763
"27",2.21442885771543,0.256323102713081,-3.75751503006012,-0.187383394353602,0.00861660564639763
"28",2.31462925851703,0.261260081018406,-3.75751503006012,-0.187383394353602,0.00861660564639763
"29",2.63527054108216,0.216109513693966,-3.75751503006012,-0.187383394353602,0.00861660564639763
"30",3.03607214428858,-0.165269885270921,-3.75751503006012,-0.187383394353602,0.00861660564639763
