"","x","yplot","target","ftrue","fwrong"
"1",-4.23847695390782,0.593663827598385,2.79559118236473,-0.553145651353808,-0.357145651353808
"2",-4.15831663326653,0.701175143916718,2.79559118236473,-0.553145651353808,-0.357145651353808
"3",-3.97795591182365,0.643089286143669,2.79559118236473,-0.553145651353808,-0.357145651353808
"4",-3.6372745490982,0.45715510911981,2.79559118236473,-0.553145651353808,-0.357145651353808
"5",-3.21643286573146,0.335840982261477,2.79559118236473,-0.553145651353808,-0.357145651353808
"6",-2.83567134268537,0.28251090051473,2.79559118236473,-0.553145651353808,-0.357145651353808
"7",-1.312625250501,-0.054931005335108,2.79559118236473,-0.553145651353808,-0.357145651353808
"8",-0.93186372745491,-0.364543191510385,2.79559118236473,-0.553145651353808,-0.357145651353808
"9",-0.811623246492986,-0.198373048245317,2.79559118236473,-0.553145651353808,-0.357145651353808
"10",0.871743486973948,-0.562832899494104,2.79559118236473,-0.553145651353808,-0.357145651353808
"11",1.17234468937876,-0.562605470816602,2.79559118236473,-0.553145651353808,-0.357145651353808
"12",1.35270541082164,-0.425899733646699,2.79559118236473,-0.553145651353808,-0.357145651353808
"13",1.83366733466934,-0.430971958168046,2.79559118236473,-0.553145651353808,-0.357145651353808
"14",1.93386773547094,-0.59765767622212,2.79559118236473,-0.553145651353808,-0.357145651353808
"15",3.17635270541082,-0.333905128821522,2.79559118236473,-0.553145651353808,-0.357145651353808
"16",3.27655310621243,-0.532892615367673,2.79559118236473,-0.553145651353808,-0.357145651353808
"17",3.41683366733467,-0.400166958027388,2.79559118236473,-0.553145651353808,-0.357145651353808
"18",3.45691382765531,-0.446014149762095,2.79559118236473,-0.553145651353808,-0.357145651353808
"19",4.35871743486974,-0.389738807943365,2.79559118236473,-0.553145651353808,-0.357145651353808
"20",4.67935871743487,-0.4970334920871,2.79559118236473,-0.553145651353808,-0.357145651353808
