"","x","yplot","target","ftrue","fwrong"
"1",-3.61723446893788,-0.126394749740692,0.170340681362725,0.865642094701502,0.669642094701502
"2",-2.09418837675351,0.329292872477729,0.170340681362725,0.865642094701502,0.669642094701502
"3",-0.751503006012024,0.977629434139286,0.170340681362725,0.865642094701502,0.669642094701502
"4",-0.711422845691383,0.483852748184494,0.170340681362725,0.865642094701502,0.669642094701502
"5",-0.651302605210421,0.602521095043793,0.170340681362725,0.865642094701502,0.669642094701502
"6",-0.631262525050101,0.75774651340563,0.170340681362725,0.865642094701502,0.669642094701502
"7",-0.410821643286574,0.797431761867417,0.170340681362725,0.865642094701502,0.669642094701502
"8",-0.270541082164329,0.955124119794473,0.170340681362725,0.865642094701502,0.669642094701502
"9",-0.190380761523047,0.780966427310427,0.170340681362725,0.865642094701502,0.669642094701502
"10",-0.150300601202405,0.793929810769095,0.170340681362725,0.865642094701502,0.669642094701502
"11",-0.110220440881764,0.849541762958911,0.170340681362725,0.865642094701502,0.669642094701502
"12",0.0300601202404804,0.613271472425754,0.170340681362725,0.865642094701502,0.669642094701502
"13",0.0901803607214431,0.848920548727931,0.170340681362725,0.865642094701502,0.669642094701502
"14",0.230460921843687,0.797268684867645,0.170340681362725,0.865642094701502,0.669642094701502
"15",0.250501002004007,0.874220287856508,0.170340681362725,0.865642094701502,0.669642094701502
"16",0.450901803607215,0.819184518673801,0.170340681362725,0.865642094701502,0.669642094701502
"17",0.531062124248497,0.703924583038475,0.170340681362725,0.865642094701502,0.669642094701502
"18",0.571142284569138,0.958646313681753,0.170340681362725,0.865642094701502,0.669642094701502
"19",0.731462925851703,0.760199343516855,0.170340681362725,0.865642094701502,0.669642094701502
"20",0.891783567134269,1.05350615067546,0.170340681362725,0.865642094701502,0.669642094701502
"21",0.991983967935871,0.922427587533539,0.170340681362725,0.865642094701502,0.669642094701502
"22",1.01202404809619,1.00057567758717,0.170340681362725,0.865642094701502,0.669642094701502
"23",1.05210420841683,0.896439003529077,0.170340681362725,0.865642094701502,0.669642094701502
"24",1.77354709418838,0.73020011667168,0.170340681362725,0.865642094701502,0.669642094701502
"25",1.91382765531062,0.968812173659666,0.170340681362725,0.865642094701502,0.669642094701502
"26",1.97394789579158,0.871332101588627,0.170340681362725,0.865642094701502,0.669642094701502
"27",3.81763527054108,0.261749105420704,0.170340681362725,0.865642094701502,0.669642094701502
"28",4.03807615230461,0.250455477785783,0.170340681362725,0.865642094701502,0.669642094701502
"29",4.11823647294589,0.18059819126267,0.170340681362725,0.865642094701502,0.669642094701502
"30",4.29859719438878,0.202777441579882,0.170340681362725,0.865642094701502,0.669642094701502
