"","x","yplot","target","ftrue","fwrong"
"1",-3.79759519038076,0.0171850996174998,4.59919839679359,0.891231773264306,0.695231773264306
"2",-3.77755511022044,-0.162285051189571,4.59919839679359,0.891231773264306,0.695231773264306
"3",-3.55711422845691,0.0739376526918781,4.59919839679359,0.891231773264306,0.695231773264306
"4",-2.29458917835671,0.374458531438239,4.59919839679359,0.891231773264306,0.695231773264306
"5",-1.69338677354709,0.280414857971511,4.59919839679359,0.891231773264306,0.695231773264306
"6",-1.51302605210421,0.702357347319119,4.59919839679359,0.891231773264306,0.695231773264306
"7",-0.971943887775551,0.641794563074139,4.59919839679359,0.891231773264306,0.695231773264306
"8",-0.350701402805611,0.550684426134315,4.59919839679359,0.891231773264306,0.695231773264306
"9",2.11422845691383,0.657254699312523,4.59919839679359,0.891231773264306,0.695231773264306
"10",2.23446893787575,0.728416474175516,4.59919839679359,0.891231773264306,0.695231773264306
"11",2.31462925851703,0.869736101434464,4.59919839679359,0.891231773264306,0.695231773264306
"12",3.35671342685371,0.663514093221764,4.59919839679359,0.891231773264306,0.695231773264306
"13",3.61723446893788,0.967891378585235,4.59919839679359,0.891231773264306,0.695231773264306
"14",3.67735470941884,0.800375350852695,4.59919839679359,0.891231773264306,0.695231773264306
"15",3.71743486973948,0.704658142879562,4.59919839679359,0.891231773264306,0.695231773264306
"16",3.75751503006012,0.889728783846927,4.59919839679359,0.891231773264306,0.695231773264306
"17",3.79759519038076,0.790067340682088,4.59919839679359,0.891231773264306,0.695231773264306
"18",3.81763527054108,0.725676460273291,4.59919839679359,0.891231773264306,0.695231773264306
"19",3.85771543086172,1.15355908724618,4.59919839679359,0.891231773264306,0.695231773264306
"20",3.87775551102204,0.714921717204657,4.59919839679359,0.891231773264306,0.695231773264306
"21",3.99799599198397,1.12289339833247,4.59919839679359,0.891231773264306,0.695231773264306
"22",4.03807615230461,0.875427675949291,4.59919839679359,0.891231773264306,0.695231773264306
"23",4.05811623246493,0.770193868968802,4.59919839679359,0.891231773264306,0.695231773264306
"24",4.11823647294589,0.764217970497129,4.59919839679359,0.891231773264306,0.695231773264306
"25",4.13827655310621,0.804688257219858,4.59919839679359,0.891231773264306,0.695231773264306
"26",4.17835671342685,0.84794657689684,4.59919839679359,0.891231773264306,0.695231773264306
"27",4.23847695390782,0.888287560611837,4.59919839679359,0.891231773264306,0.695231773264306
"28",4.25851703406814,0.987699784387884,4.59919839679359,0.891231773264306,0.695231773264306
"29",4.29859719438878,0.841658808179756,4.59919839679359,0.891231773264306,0.695231773264306
"30",4.39879759519038,0.875671963055459,4.59919839679359,0.891231773264306,0.695231773264306
"31",4.43887775551102,0.703897689510609,4.59919839679359,0.891231773264306,0.695231773264306
"32",4.47895791583166,0.766197816062278,4.59919839679359,0.891231773264306,0.695231773264306
"33",4.55911823647295,0.818949484077322,4.59919839679359,0.891231773264306,0.695231773264306
"34",4.57915831663327,1.07013034607754,4.59919839679359,0.891231773264306,0.695231773264306
"35",4.79959919839679,0.944220732414978,4.59919839679359,0.891231773264306,0.695231773264306
"36",4.81963927855711,0.825630647766041,4.59919839679359,0.891231773264306,0.695231773264306
"37",4.85971943887776,0.728484609910405,4.59919839679359,0.891231773264306,0.695231773264306
"38",4.87975951903808,0.963553422356634,4.59919839679359,0.891231773264306,0.695231773264306
"39",4.91983967935872,0.870479266820709,4.59919839679359,0.891231773264306,0.695231773264306
"40",4.93987975951904,1.06105533212573,4.59919839679359,0.891231773264306,0.695231773264306
