"","x","yplot","target","ftrue","fwrong"
"1",-4.57915831663327,-0.464679022451447,2.87575150300601,0.804643172397885,0.608643172397884
"2",-4.37875751503006,-0.375626920682881,2.87575150300601,0.804643172397885,0.608643172397884
"3",-4.07815631262525,-0.398242898339328,2.87575150300601,0.804643172397885,0.608643172397884
"4",-3.79759519038076,-0.0828045214790229,2.87575150300601,0.804643172397885,0.608643172397884
"5",-3.61723446893788,-0.0506094417638488,2.87575150300601,0.804643172397885,0.608643172397884
"6",-3.45691382765531,0.0968608739561459,2.87575150300601,0.804643172397885,0.608643172397884
"7",-2.83567134268537,0.239494107070088,2.87575150300601,0.804643172397885,0.608643172397884
"8",-2.23446893787575,0.209764096253463,2.87575150300601,0.804643172397885,0.608643172397884
"9",-2.05410821643287,0.39093865400265,2.87575150300601,0.804643172397885,0.608643172397884
"10",-2.01402805611222,0.249312234382449,2.87575150300601,0.804643172397885,0.608643172397884
"11",-1.69338677354709,0.551117283732288,2.87575150300601,0.804643172397885,0.608643172397884
"12",-1.59318637274549,0.345208497000004,2.87575150300601,0.804643172397885,0.608643172397884
"13",-1.57314629258517,0.422976215920817,2.87575150300601,0.804643172397885,0.608643172397884
"14",-1.15230460921844,0.686512825509447,2.87575150300601,0.804643172397885,0.608643172397884
"15",-0.891783567134269,0.755204835384729,2.87575150300601,0.804643172397885,0.608643172397884
"16",-0.751503006012024,0.375960462967707,2.87575150300601,0.804643172397885,0.608643172397884
"17",-0.671342685370742,0.470702532444944,2.87575150300601,0.804643172397885,0.608643172397884
"18",-0.370741482965932,0.498741089573246,2.87575150300601,0.804643172397885,0.608643172397884
"19",-0.0701402805611222,0.711127137761972,2.87575150300601,0.804643172397885,0.608643172397884
"20",-0.0501002004008022,0.727792484004946,2.87575150300601,0.804643172397885,0.608643172397884
"21",0.0701402805611222,0.579601499363496,2.87575150300601,0.804643172397885,0.608643172397884
"22",0.170340681362725,0.683096522841937,2.87575150300601,0.804643172397885,0.608643172397884
"23",0.430861723446894,0.664215120414206,2.87575150300601,0.804643172397885,0.608643172397884
"24",0.871743486973948,0.799171010258755,2.87575150300601,0.804643172397885,0.608643172397884
"25",1.05210420841683,0.833316417313679,2.87575150300601,0.804643172397885,0.608643172397884
"26",1.07214428857715,0.697667363913615,2.87575150300601,0.804643172397885,0.608643172397884
"27",1.43286573146293,0.818926007164702,2.87575150300601,0.804643172397885,0.608643172397884
"28",1.61322645290581,0.775109019702899,2.87575150300601,0.804643172397885,0.608643172397884
"29",1.77354709418838,0.652032015200309,2.87575150300601,0.804643172397885,0.608643172397884
"30",1.81362725450902,0.709361981668784,2.87575150300601,0.804643172397885,0.608643172397884
"31",1.91382765531062,0.944668582166712,2.87575150300601,0.804643172397885,0.608643172397884
"32",1.95390781563126,0.995713387180915,2.87575150300601,0.804643172397885,0.608643172397884
"33",1.9939879759519,0.887964591793538,2.87575150300601,0.804643172397885,0.608643172397884
"34",2.17434869739479,0.629356629068374,2.87575150300601,0.804643172397885,0.608643172397884
"35",2.35470941883768,0.799317544922627,2.87575150300601,0.804643172397885,0.608643172397884
"36",2.39478957915832,0.798297690219266,2.87575150300601,0.804643172397885,0.608643172397884
"37",2.45490981963928,0.66921763563353,2.87575150300601,0.804643172397885,0.608643172397884
"38",2.49498997995992,0.805437271513617,2.87575150300601,0.804643172397885,0.608643172397884
"39",2.71543086172345,0.867639228868348,2.87575150300601,0.804643172397885,0.608643172397884
"40",2.95591182364729,0.574526818623726,2.87575150300601,0.804643172397885,0.608643172397884
"41",2.97595190380761,0.56475400453946,2.87575150300601,0.804643172397885,0.608643172397884
"42",3.17635270541082,0.905424295326228,2.87575150300601,0.804643172397885,0.608643172397884
"43",3.21643286573146,0.810725313008302,2.87575150300601,0.804643172397885,0.608643172397884
"44",3.29659318637274,0.840457034011937,2.87575150300601,0.804643172397885,0.608643172397884
"45",3.43687374749499,0.980456164825724,2.87575150300601,0.804643172397885,0.608643172397884
"46",3.91783567134268,0.85797923537875,2.87575150300601,0.804643172397885,0.608643172397884
"47",3.93787575150301,0.780892405962302,2.87575150300601,0.804643172397885,0.608643172397884
"48",4.01803607214429,0.858576534976627,2.87575150300601,0.804643172397885,0.608643172397884
"49",4.49899799599198,0.899890551993717,2.87575150300601,0.804643172397885,0.608643172397884
"50",4.69939879759519,0.67652095496861,2.87575150300601,0.804643172397885,0.608643172397884
