"","x","yplot","target","ftrue","fwrong"
"1",-4.67935871743487,0.783707154637347,1.37274549098196,-0.102705297084016,0.0932947029159841
"2",-4.4188376753507,0.882314044769024,1.37274549098196,-0.102705297084016,0.0932947029159841
"3",-4.03807615230461,1.00828333758903,1.37274549098196,-0.102705297084016,0.0932947029159841
"4",-3.91783567134269,1.05089618710012,1.37274549098196,-0.102705297084016,0.0932947029159841
"5",-3.79759519038076,1.04944498096861,1.37274549098196,-0.102705297084016,0.0932947029159841
"6",-3.45691382765531,0.927532707201989,1.37274549098196,-0.102705297084016,0.0932947029159841
"7",-3.17635270541082,1.05646091982561,1.37274549098196,-0.102705297084016,0.0932947029159841
"8",-3.01603206412826,1.01277798682422,1.37274549098196,-0.102705297084016,0.0932947029159841
"9",-2.79559118236473,0.926436834974022,1.37274549098196,-0.102705297084016,0.0932947029159841
"10",-2.75551102204409,0.843400354904664,1.37274549098196,-0.102705297084016,0.0932947029159841
"11",-2.71543086172345,0.870950429875334,1.37274549098196,-0.102705297084016,0.0932947029159841
"12",-2.59519038076152,0.821115027693322,1.37274549098196,-0.102705297084016,0.0932947029159841
"13",-2.55511022044088,0.90804170789839,1.37274549098196,-0.102705297084016,0.0932947029159841
"14",-2.41482965931864,0.919722803035408,1.37274549098196,-0.102705297084016,0.0932947029159841
"15",-2.25450901803607,0.786348846682468,1.37274549098196,-0.102705297084016,0.0932947029159841
"16",-2.13426853707415,1.10636261427046,1.37274549098196,-0.102705297084016,0.0932947029159841
"17",-1.97394789579158,0.830265421596399,1.37274549098196,-0.102705297084016,0.0932947029159841
"18",-1.75350701402806,0.721820172554614,1.37274549098196,-0.102705297084016,0.0932947029159841
"19",-1.61322645290581,0.590865513654563,1.37274549098196,-0.102705297084016,0.0932947029159841
"20",-1.59318637274549,0.726399129095447,1.37274549098196,-0.102705297084016,0.0932947029159841
"21",-1.45290581162325,0.768862034894377,1.37274549098196,-0.102705297084016,0.0932947029159841
"22",-0.631262525050101,0.414921471565918,1.37274549098196,-0.102705297084016,0.0932947029159841
"23",-0.591182364729459,0.475547381900279,1.37274549098196,-0.102705297084016,0.0932947029159841
"24",-0.511022044088176,0.39288448977029,1.37274549098196,-0.102705297084016,0.0932947029159841
"25",-0.490981963927856,0.389978463392803,1.37274549098196,-0.102705297084016,0.0932947029159841
"26",-0.430861723446894,0.602790164599156,1.37274549098196,-0.102705297084016,0.0932947029159841
"27",-0.31062124248497,0.403296290788551,1.37274549098196,-0.102705297084016,0.0932947029159841
"28",-0.130260521042084,0.537273513396847,1.37274549098196,-0.102705297084016,0.0932947029159841
"29",-0.0300601202404813,0.16802489665178,1.37274549098196,-0.102705297084016,0.0932947029159841
"30",-0.0100200400801604,0.413696666493672,1.37274549098196,-0.102705297084016,0.0932947029159841
"31",0.751503006012024,-0.0232739984505517,1.37274549098196,-0.102705297084016,0.0932947029159841
"32",0.811623246492986,0.204347635895346,1.37274549098196,-0.102705297084016,0.0932947029159841
"33",0.891783567134269,0.0186167715029027,1.37274549098196,-0.102705297084016,0.0932947029159841
"34",0.93186372745491,0.0404461627386217,1.37274549098196,-0.102705297084016,0.0932947029159841
"35",0.971943887775551,0.00966485002595321,1.37274549098196,-0.102705297084016,0.0932947029159841
"36",1.03206412825651,-0.00579220241216459,1.37274549098196,-0.102705297084016,0.0932947029159841
"37",1.07214428857715,-0.015853295296256,1.37274549098196,-0.102705297084016,0.0932947029159841
"38",1.312625250501,-0.0599579506666383,1.37274549098196,-0.102705297084016,0.0932947029159841
"39",1.35270541082164,-0.19119329095128,1.37274549098196,-0.102705297084016,0.0932947029159841
"40",1.7935871743487,-0.147255541646327,1.37274549098196,-0.102705297084016,0.0932947029159841
"41",1.87374749498998,-0.14068213880254,1.37274549098196,-0.102705297084016,0.0932947029159841
"42",1.9939879759519,-0.413837578875286,1.37274549098196,-0.102705297084016,0.0932947029159841
"43",2.05410821643287,-0.299578428795517,1.37274549098196,-0.102705297084016,0.0932947029159841
"44",2.25450901803607,-0.371596385555341,1.37274549098196,-0.102705297084016,0.0932947029159841
"45",2.27454909819639,-0.424319583611504,1.37274549098196,-0.102705297084016,0.0932947029159841
"46",3.61723446893788,-0.724690291722335,1.37274549098196,-0.102705297084016,0.0932947029159841
"47",3.8376753507014,-0.779718997028551,1.37274549098196,-0.102705297084016,0.0932947029159841
"48",4.13827655310621,-0.718771422845494,1.37274549098196,-0.102705297084016,0.0932947029159841
"49",4.33867735470942,-0.893445693421203,1.37274549098196,-0.102705297084016,0.0932947029159841
"50",4.93987975951904,-0.816678596709525,1.37274549098196,-0.102705297084016,0.0932947029159841
