"","x","yplot","target","ftrue","fwrong"
"1",-4.47895791583166,0.609685197485682,-1.73346693386774,0.0721054117048552,0.268105411704855
"2",-3.7374749498998,0.632633095047901,-1.73346693386774,0.0721054117048552,0.268105411704855
"3",-3.6372745490982,0.496658035019321,-1.73346693386774,0.0721054117048552,0.268105411704855
"4",-3.1563126252505,0.611720198690549,-1.73346693386774,0.0721054117048552,0.268105411704855
"5",-2.89579158316633,0.291300626406441,-1.73346693386774,0.0721054117048552,0.268105411704855
"6",-2.81563126252505,0.365328348882095,-1.73346693386774,0.0721054117048552,0.268105411704855
"7",-2.67535070140281,0.496619427789589,-1.73346693386774,0.0721054117048552,0.268105411704855
"8",-2.5751503006012,0.331264362854411,-1.73346693386774,0.0721054117048552,0.268105411704855
"9",-2.53507014028056,0.3430325663953,-1.73346693386774,0.0721054117048552,0.268105411704855
"10",-2.27454909819639,0.107300839271103,-1.73346693386774,0.0721054117048552,0.268105411704855
"11",-2.23446893787575,0.283267349643522,-1.73346693386774,0.0721054117048552,0.268105411704855
"12",-2.21442885771543,0.108205355798936,-1.73346693386774,0.0721054117048552,0.268105411704855
"13",-1.49298597194389,0.0249745113823279,-1.73346693386774,0.0721054117048552,0.268105411704855
"14",-1.312625250501,-0.0666255356259603,-1.73346693386774,0.0721054117048552,0.268105411704855
"15",-1.01202404809619,0.139061270219708,-1.73346693386774,0.0721054117048552,0.268105411704855
"16",-0.290581162324649,-0.364626754753882,-1.73346693386774,0.0721054117048552,0.268105411704855
"17",0.31062124248497,-0.477321809195535,-1.73346693386774,0.0721054117048552,0.268105411704855
"18",0.871743486973948,-0.728544382697415,-1.73346693386774,0.0721054117048552,0.268105411704855
"19",0.891783567134269,-0.635457987907972,-1.73346693386774,0.0721054117048552,0.268105411704855
"20",0.95190380761523,-0.67242125071508,-1.73346693386774,0.0721054117048552,0.268105411704855
"21",1.43286573146293,-0.678181899671349,-1.73346693386774,0.0721054117048552,0.268105411704855
"22",1.59318637274549,-0.543376134264757,-1.73346693386774,0.0721054117048552,0.268105411704855
"23",2.17434869739479,-0.599117424868835,-1.73346693386774,0.0721054117048552,0.268105411704855
"24",2.55511022044088,-0.602735905434588,-1.73346693386774,0.0721054117048552,0.268105411704855
"25",3.6372745490982,-0.418882261394781,-1.73346693386774,0.0721054117048552,0.268105411704855
"26",3.69739478957916,-0.375937447135856,-1.73346693386774,0.0721054117048552,0.268105411704855
"27",3.71743486973948,-0.706984840810849,-1.73346693386774,0.0721054117048552,0.268105411704855
"28",4.11823647294589,-0.164250625035914,-1.73346693386774,0.0721054117048552,0.268105411704855
"29",4.47895791583166,-0.316097602356748,-1.73346693386774,0.0721054117048552,0.268105411704855
"30",4.59919839679359,-0.358167738613261,-1.73346693386774,0.0721054117048552,0.268105411704855
