"","x","yplot","target","ftrue","fwrong"
"1",-4.61923847695391,0.781606584490779,-2.45490981963928,0.81244644561827,0.616446445618269
"2",-4.33867735470942,1.07713712028976,-2.45490981963928,0.81244644561827,0.616446445618269
"3",-3.97795591182365,0.924380590648836,-2.45490981963928,0.81244644561827,0.616446445618269
"4",-3.41683366733467,0.909355409534236,-2.45490981963928,0.81244644561827,0.616446445618269
"5",-3.21643286573146,0.9132022745695,-2.45490981963928,0.81244644561827,0.616446445618269
"6",-3.1563126252505,0.911924476386985,-2.45490981963928,0.81244644561827,0.616446445618269
"7",-3.13627254509018,0.983751514341058,-2.45490981963928,0.81244644561827,0.616446445618269
"8",-3.09619238476954,0.754194771027426,-2.45490981963928,0.81244644561827,0.616446445618269
"9",-3.07615230460922,0.74665053664867,-2.45490981963928,0.81244644561827,0.616446445618269
"10",-2.97595190380762,0.842566733225415,-2.45490981963928,0.81244644561827,0.616446445618269
"11",-2.89579158316633,0.953230073433075,-2.45490981963928,0.81244644561827,0.616446445618269
"12",-2.87575150300601,0.878561170353281,-2.45490981963928,0.81244644561827,0.616446445618269
"13",-2.79559118236473,0.812920400923545,-2.45490981963928,0.81244644561827,0.616446445618269
"14",-2.71543086172345,0.72333192778163,-2.45490981963928,0.81244644561827,0.616446445618269
"15",-2.69539078156313,0.872360665631782,-2.45490981963928,0.81244644561827,0.616446445618269
"16",-2.55511022044088,0.750869190206324,-2.45490981963928,0.81244644561827,0.616446445618269
"17",-2.53507014028056,0.993351088953432,-2.45490981963928,0.81244644561827,0.616446445618269
"18",-2.51503006012024,1.05834132161072,-2.45490981963928,0.81244644561827,0.616446445618269
"19",-2.49498997995992,0.759430493417543,-2.45490981963928,0.81244644561827,0.616446445618269
"20",-2.43486973947896,0.682154831133245,-2.45490981963928,0.81244644561827,0.616446445618269
"21",-2.27454909819639,0.816714929243961,-2.45490981963928,0.81244644561827,0.616446445618269
"22",-2.21442885771543,0.786614916047789,-2.45490981963928,0.81244644561827,0.616446445618269
"23",-2.15430861723447,0.812553507197108,-2.45490981963928,0.81244644561827,0.616446445618269
"24",-2.11422845691383,0.653484692247484,-2.45490981963928,0.81244644561827,0.616446445618269
"25",-2.09418837675351,0.794307393202485,-2.45490981963928,0.81244644561827,0.616446445618269
"26",-2.07414829659319,0.658778580076808,-2.45490981963928,0.81244644561827,0.616446445618269
"27",-2.05410821643287,0.679801778096331,-2.45490981963928,0.81244644561827,0.616446445618269
"28",-1.9939879759519,0.809139864497928,-2.45490981963928,0.81244644561827,0.616446445618269
"29",-1.93386773547094,0.825117823949115,-2.45490981963928,0.81244644561827,0.616446445618269
"30",-1.91382765531062,0.858129563057918,-2.45490981963928,0.81244644561827,0.616446445618269
"31",-1.87374749498998,0.634539275392865,-2.45490981963928,0.81244644561827,0.616446445618269
"32",-1.7935871743487,0.717979544838524,-2.45490981963928,0.81244644561827,0.616446445618269
"33",-1.77354709418838,0.993317418184554,-2.45490981963928,0.81244644561827,0.616446445618269
"34",-1.71342685370742,0.877370863110667,-2.45490981963928,0.81244644561827,0.616446445618269
"35",-1.69338677354709,0.673140816542585,-2.45490981963928,0.81244644561827,0.616446445618269
"36",-1.65330661322645,0.697492198496574,-2.45490981963928,0.81244644561827,0.616446445618269
"37",-1.57314629258517,0.75754454161527,-2.45490981963928,0.81244644561827,0.616446445618269
"38",-1.51302605210421,0.721684543994186,-2.45490981963928,0.81244644561827,0.616446445618269
"39",-1.312625250501,0.732112622338179,-2.45490981963928,0.81244644561827,0.616446445618269
"40",-0.490981963927856,0.509680701926286,-2.45490981963928,0.81244644561827,0.616446445618269
"41",-0.170340681362726,0.53252503414866,-2.45490981963928,0.81244644561827,0.616446445618269
"42",0.0501002004008013,0.503914824185206,-2.45490981963928,0.81244644561827,0.616446445618269
"43",0.290581162324649,0.412765107614933,-2.45490981963928,0.81244644561827,0.616446445618269
"44",0.971943887775551,0.370378594723034,-2.45490981963928,0.81244644561827,0.616446445618269
"45",1.09218436873747,0.279939248133855,-2.45490981963928,0.81244644561827,0.616446445618269
"46",1.71342685370741,0.13409296691179,-2.45490981963928,0.81244644561827,0.616446445618269
"47",2.27454909819639,0.0494091083536652,-2.45490981963928,0.81244644561827,0.616446445618269
"48",2.73547094188377,-0.0403723957227483,-2.45490981963928,0.81244644561827,0.616446445618269
"49",2.85571142284569,0.0877521830245594,-2.45490981963928,0.81244644561827,0.616446445618269
"50",3.8376753507014,-0.36136529595994,-2.45490981963928,0.81244644561827,0.616446445618269
