"","x","yplot","target","ftrue","fwrong"
"1",-4.47895791583166,0.843975495250063,-0.991983967935872,0.50267989280101,0.30667989280101
"2",-4.2184368737475,0.912198161010568,-0.991983967935872,0.50267989280101,0.30667989280101
"3",-4.03807615230461,1.13735946844214,-0.991983967935872,0.50267989280101,0.30667989280101
"4",-4.01803607214429,0.673617538781208,-0.991983967935872,0.50267989280101,0.30667989280101
"5",-3.95791583166333,0.861411156445111,-0.991983967935872,0.50267989280101,0.30667989280101
"6",-3.8376753507014,0.880086812859592,-0.991983967935872,0.50267989280101,0.30667989280101
"7",-3.77755511022044,0.913213659200423,-0.991983967935872,0.50267989280101,0.30667989280101
"8",-3.61723446893788,0.835261996647775,-0.991983967935872,0.50267989280101,0.30667989280101
"9",-3.53707414829659,0.824741351465186,-0.991983967935872,0.50267989280101,0.30667989280101
"10",-3.49699398797595,0.995019772024797,-0.991983967935872,0.50267989280101,0.30667989280101
"11",-3.27655310621242,0.90957462137914,-0.991983967935872,0.50267989280101,0.30667989280101
"12",-2.55511022044088,0.956043097865906,-0.991983967935872,0.50267989280101,0.30667989280101
"13",-2.49498997995992,0.854773376179629,-0.991983967935872,0.50267989280101,0.30667989280101
"14",-2.27454909819639,0.92989712884831,-0.991983967935872,0.50267989280101,0.30667989280101
"15",-2.13426853707415,0.798932358869594,-0.991983967935872,0.50267989280101,0.30667989280101
"16",-2.01402805611222,0.874452784564173,-0.991983967935872,0.50267989280101,0.30667989280101
"17",-1.93386773547094,0.599006791788828,-0.991983967935872,0.50267989280101,0.30667989280101
"18",-1.91382765531062,0.677112549964179,-0.991983967935872,0.50267989280101,0.30667989280101
"19",-1.85370741482966,0.760616743522563,-0.991983967935872,0.50267989280101,0.30667989280101
"20",-1.7935871743487,0.703658291030666,-0.991983967935872,0.50267989280101,0.30667989280101
"21",-1.51302605210421,0.693020280621743,-0.991983967935872,0.50267989280101,0.30667989280101
"22",-1.35270541082164,0.595901295209454,-0.991983967935872,0.50267989280101,0.30667989280101
"23",-1.2124248496994,0.416155006669007,-0.991983967935872,0.50267989280101,0.30667989280101
"24",-1.17234468937876,0.568252133954998,-0.991983967935872,0.50267989280101,0.30667989280101
"25",-1.15230460921844,0.709783799432051,-0.991983967935872,0.50267989280101,0.30667989280101
"26",-1.1122244488978,0.569908090276144,-0.991983967935872,0.50267989280101,0.30667989280101
"27",-0.991983967935872,0.543820965701927,-0.991983967935872,0.50267989280101,0.30667989280101
"28",-0.95190380761523,0.512613788971512,-0.991983967935872,0.50267989280101,0.30667989280101
"29",-0.891783567134269,0.493704901445667,-0.991983967935872,0.50267989280101,0.30667989280101
"30",-0.430861723446894,0.460628221027316,-0.991983967935872,0.50267989280101,0.30667989280101
"31",-0.230460921843687,0.144622097873114,-0.991983967935872,0.50267989280101,0.30667989280101
"32",0.270541082164328,0.384760162419497,-0.991983967935872,0.50267989280101,0.30667989280101
"33",0.33066132264529,0.187010052213514,-0.991983967935872,0.50267989280101,0.30667989280101
"34",0.971943887775551,-0.0185897170992549,-0.991983967935872,0.50267989280101,0.30667989280101
"35",1.23246492985972,0.0539291172399711,-0.991983967935872,0.50267989280101,0.30667989280101
"36",1.55310621242485,-0.156998449052202,-0.991983967935872,0.50267989280101,0.30667989280101
"37",1.69338677354709,-0.191697960264278,-0.991983967935872,0.50267989280101,0.30667989280101
"38",1.85370741482966,-0.188196741882823,-0.991983967935872,0.50267989280101,0.30667989280101
"39",1.95390781563126,-0.164031060362422,-0.991983967935872,0.50267989280101,0.30667989280101
"40",2.03406813627254,-0.266835722107347,-0.991983967935872,0.50267989280101,0.30667989280101
"41",2.05410821643287,-0.184682812088012,-0.991983967935872,0.50267989280101,0.30667989280101
"42",2.07414829659319,-0.250886417006716,-0.991983967935872,0.50267989280101,0.30667989280101
"43",2.43486973947896,-0.169046164269292,-0.991983967935872,0.50267989280101,0.30667989280101
"44",2.65531062124249,-0.0351229948089521,-0.991983967935872,0.50267989280101,0.30667989280101
"45",2.89579158316633,-0.176772551034231,-0.991983967935872,0.50267989280101,0.30667989280101
"46",3.07615230460922,-0.386429099354486,-0.991983967935872,0.50267989280101,0.30667989280101
"47",3.19639278557114,-0.343047064991857,-0.991983967935872,0.50267989280101,0.30667989280101
"48",3.39679358717435,-0.35736851326702,-0.991983967935872,0.50267989280101,0.30667989280101
"49",3.95791583166333,-0.374817192132192,-0.991983967935872,0.50267989280101,0.30667989280101
"50",4.73947895791583,-0.16489209918528,-0.991983967935872,0.50267989280101,0.30667989280101
