"","x","yplot","target","ftrue","fwrong"
"1",-3.71743486973948,-0.77195611358247,-3.57715430861723,-0.860031037892967,-1.05603103789297
"2",-3.6372745490982,-0.889903929818531,-3.57715430861723,-0.860031037892967,-1.05603103789297
"3",-3.43687374749499,-0.937997286908118,-3.57715430861723,-0.860031037892967,-1.05603103789297
"4",-3.1563126252505,-0.699854789246265,-3.57715430861723,-0.860031037892967,-1.05603103789297
"5",-3.07615230460922,-0.802026894889564,-3.57715430861723,-0.860031037892967,-1.05603103789297
"6",-2.85571142284569,-0.735826682498466,-3.57715430861723,-0.860031037892967,-1.05603103789297
"7",-2.83567134268537,-0.663121421941488,-3.57715430861723,-0.860031037892967,-1.05603103789297
"8",-0.230460921843687,-0.0769839833117456,-3.57715430861723,-0.860031037892967,-1.05603103789297
"9",0.531062124248497,-0.0131987376008307,-3.57715430861723,-0.860031037892967,-1.05603103789297
"10",1.75350701402806,0.262350459013884,-3.57715430861723,-0.860031037892967,-1.05603103789297
