"","x","yplot","target","ftrue","fwrong"
"1",-4.85971943887776,0.600578956239903,1.59318637274549,0.00291821372654931,0.198918213726549
"2",-3.93787575150301,0.0579185833025335,1.59318637274549,0.00291821372654931,0.198918213726549
"3",-3.35671342685371,-0.576195336677755,1.59318637274549,0.00291821372654931,0.198918213726549
"4",-3.13627254509018,-0.673507794346131,1.59318637274549,0.00291821372654931,0.198918213726549
"5",-0.390781563126253,0.0312369696576645,1.59318637274549,0.00291821372654931,0.198918213726549
"6",-0.130260521042084,0.0560074641201125,1.59318637274549,0.00291821372654931,0.198918213726549
"7",1.07214428857715,0.0489724317067686,1.59318637274549,0.00291821372654931,0.198918213726549
"8",1.4128256513026,-0.00356043684039957,1.59318637274549,0.00291821372654931,0.198918213726549
"9",2.33466933867735,-0.425434986791853,1.59318637274549,0.00291821372654931,0.198918213726549
"10",4.93987975951904,-0.26920364799047,1.59318637274549,0.00291821372654931,0.198918213726549
