"","x","yplot","target","ftrue","fwrong"
"1",-4.4188376753507,0.860042576261601,4.95991983967936,-0.841200515850854,-0.645200515850854
"2",-3.8376753507014,0.931307829819186,4.95991983967936,-0.841200515850854,-0.645200515850854
"3",-1.81362725450902,0.799450905521372,4.95991983967936,-0.841200515850854,-0.645200515850854
"4",-1.7935871743487,0.597400810742067,4.95991983967936,-0.841200515850854,-0.645200515850854
"5",-0.731462925851703,0.6522362171751,4.95991983967936,-0.841200515850854,-0.645200515850854
"6",3.51703406813627,-0.51699928502621,4.95991983967936,-0.841200515850854,-0.645200515850854
"7",4.01803607214429,-0.621982174171071,4.95991983967936,-0.841200515850854,-0.645200515850854
"8",4.09819639278557,-0.756293625936411,4.95991983967936,-0.841200515850854,-0.645200515850854
"9",4.25851703406814,-0.807922228755441,4.95991983967936,-0.841200515850854,-0.645200515850854
"10",4.27855711422846,-0.863719626589176,4.95991983967936,-0.841200515850854,-0.645200515850854
"11",4.29859719438878,-0.797326543179494,4.95991983967936,-0.841200515850854,-0.645200515850854
"12",4.4188376753507,-0.7612963194323,4.95991983967936,-0.841200515850854,-0.645200515850854
"13",4.45891783567134,-0.951143844831859,4.95991983967936,-0.841200515850854,-0.645200515850854
"14",4.61923847695391,-0.818314583596078,4.95991983967936,-0.841200515850854,-0.645200515850854
"15",4.63927855711423,-0.675081985384136,4.95991983967936,-0.841200515850854,-0.645200515850854
"16",4.71943887775551,-0.678135559648494,4.95991983967936,-0.841200515850854,-0.645200515850854
"17",4.73947895791583,-0.800169321175606,4.95991983967936,-0.841200515850854,-0.645200515850854
"18",4.77955911823647,-0.73788710875334,4.95991983967936,-0.841200515850854,-0.645200515850854
"19",4.83967935871743,-0.926345561437916,4.95991983967936,-0.841200515850854,-0.645200515850854
"20",4.8997995991984,-1.00413229812802,4.95991983967936,-0.841200515850854,-0.645200515850854
