"","x","yplot","target","ftrue","fwrong"
"1",-4.91983967935872,-0.658588140413131,0.33066132264529,0.754514255176803,0.950514255176803
"2",-4.75951903807615,-0.69799712253177,0.33066132264529,0.754514255176803,0.950514255176803
"3",-4.2184368737475,-0.428947196125126,0.33066132264529,0.754514255176803,0.950514255176803
"4",-1.13226452905812,0.215296870624411,0.33066132264529,0.754514255176803,0.950514255176803
"5",-1.1122244488978,0.181910077861139,0.33066132264529,0.754514255176803,0.950514255176803
"6",-0.350701402805611,0.398907509411396,0.33066132264529,0.754514255176803,0.950514255176803
"7",-0.130260521042084,0.576353374677286,0.33066132264529,0.754514255176803,0.950514255176803
"8",0.771543086172344,1.04219395344308,0.33066132264529,0.754514255176803,0.950514255176803
"9",4.43887775551102,-0.235819470585344,0.33066132264529,0.754514255176803,0.950514255176803
"10",4.63927855711423,-0.337621471787226,0.33066132264529,0.754514255176803,0.950514255176803
