"","x","yplot","target","ftrue","fwrong"
"1",-4.59919839679359,-0.419517459619995,-3.91783567134269,0.0866744733497301,0.28267447334973
"2",-3.97795591182365,0.0386357669124861,-3.91783567134269,0.0866744733497301,0.28267447334973
"3",-3.47695390781563,0.117092428089991,-3.91783567134269,0.0866744733497301,0.28267447334973
"4",-2.77555110220441,0.744114383724022,-3.91783567134269,0.0866744733497301,0.28267447334973
"5",-1.7935871743487,0.27027546633217,-3.91783567134269,0.0866744733497301,0.28267447334973
"6",0.390781563126252,-0.0611309081653958,-3.91783567134269,0.0866744733497301,0.28267447334973
"7",1.45290581162325,0.464830288944939,-3.91783567134269,0.0866744733497301,0.28267447334973
"8",2.23446893787575,0.776418926709975,-3.91783567134269,0.0866744733497301,0.28267447334973
"9",2.79559118236473,0.951271687553654,-3.91783567134269,0.0866744733497301,0.28267447334973
"10",4.43887775551102,0.631847295628874,-3.91783567134269,0.0866744733497301,0.28267447334973
