"","x","yplot","target","ftrue","fwrong"
"1",-4.71943887775551,-0.448796659155084,3.71743486973948,0.438684556368302,0.634684556368302
"2",-4.63927855711423,-0.670943178464612,3.71743486973948,0.438684556368302,0.634684556368302
"3",-3.81763527054108,-0.351526230129215,3.71743486973948,0.438684556368302,0.634684556368302
"4",-3.79759519038076,-0.423407094144035,3.71743486973948,0.438684556368302,0.634684556368302
"5",-3.67735470941884,-0.537021956472332,3.71743486973948,0.438684556368302,0.634684556368302
"6",-3.6372745490982,-0.204116916492773,3.71743486973948,0.438684556368302,0.634684556368302
"7",-3.49699398797595,-0.347810663556375,3.71743486973948,0.438684556368302,0.634684556368302
"8",-2.93587174348697,0.205863182611955,3.71743486973948,0.438684556368302,0.634684556368302
"9",-2.75551102204409,0.399230534781191,3.71743486973948,0.438684556368302,0.634684556368302
"10",-2.35470941883768,0.661622945398521,3.71743486973948,0.438684556368302,0.634684556368302
"11",-2.21442885771543,0.733778993099774,3.71743486973948,0.438684556368302,0.634684556368302
"12",-1.87374749498998,0.870224774469727,3.71743486973948,0.438684556368302,0.634684556368302
"13",-1.75350701402806,0.883840196327094,3.71743486973948,0.438684556368302,0.634684556368302
"14",-1.63326653306613,0.857461882769652,3.71743486973948,0.438684556368302,0.634684556368302
"15",-0.991983967935872,0.717098952393153,3.71743486973948,0.438684556368302,0.634684556368302
"16",-0.891783567134269,0.679722096856933,3.71743486973948,0.438684556368302,0.634684556368302
"17",-0.831663326653307,0.658837758442412,3.71743486973948,0.438684556368302,0.634684556368302
"18",-0.711422845691383,0.547810618065319,3.71743486973948,0.438684556368302,0.634684556368302
"19",-0.551102204408818,0.400226473697665,3.71743486973948,0.438684556368302,0.634684556368302
"20",-0.511022044088176,0.368745556736001,3.71743486973948,0.438684556368302,0.634684556368302
"21",0.0100200400801604,-0.0235032457076741,3.71743486973948,0.438684556368302,0.634684556368302
"22",0.450901803607215,-0.303703112731017,3.71743486973948,0.438684556368302,0.634684556368302
"23",0.651302605210421,-0.448862156304985,3.71743486973948,0.438684556368302,0.634684556368302
"24",0.691382765531062,-0.329585828029218,3.71743486973948,0.438684556368302,0.634684556368302
"25",0.711422845691382,-0.511287606561735,3.71743486973948,0.438684556368302,0.634684556368302
"26",1.15230460921844,-0.538515189302977,3.71743486973948,0.438684556368302,0.634684556368302
"27",1.37274549098196,-0.475909000782733,3.71743486973948,0.438684556368302,0.634684556368302
"28",1.49298597194389,-0.433600902253311,3.71743486973948,0.438684556368302,0.634684556368302
"29",1.53306613226453,-0.609044500619974,3.71743486973948,0.438684556368302,0.634684556368302
"30",2.07414829659319,-0.168748333742868,3.71743486973948,0.438684556368302,0.634684556368302
"31",2.13426853707415,-0.309750262952807,3.71743486973948,0.438684556368302,0.634684556368302
"32",2.27454909819639,-0.143462203892453,3.71743486973948,0.438684556368302,0.634684556368302
"33",2.41482965931864,-0.322802948158943,3.71743486973948,0.438684556368302,0.634684556368302
"34",2.67535070140281,0.0908691658582434,3.71743486973948,0.438684556368302,0.634684556368302
"35",2.77555110220441,-0.00655297334816772,3.71743486973948,0.438684556368302,0.634684556368302
"36",2.95591182364729,0.39635666291349,3.71743486973948,0.438684556368302,0.634684556368302
"37",3.03607214428858,0.10315463796808,3.71743486973948,0.438684556368302,0.634684556368302
"38",3.11623246492986,0.207434444842813,3.71743486973948,0.438684556368302,0.634684556368302
"39",3.13627254509018,0.225338303561347,3.71743486973948,0.438684556368302,0.634684556368302
"40",3.19639278557114,0.141822852321006,3.71743486973948,0.438684556368302,0.634684556368302
"41",3.41683366733467,0.353144009503769,3.71743486973948,0.438684556368302,0.634684556368302
"42",3.77755511022044,0.328093818631569,3.71743486973948,0.438684556368302,0.634684556368302
"43",3.93787575150301,0.343104496151474,3.71743486973948,0.438684556368302,0.634684556368302
"44",4.23847695390782,0.513075816982205,3.71743486973948,0.438684556368302,0.634684556368302
"45",4.33867735470942,0.256734579961596,3.71743486973948,0.438684556368302,0.634684556368302
"46",4.35871743486974,0.339525974616628,3.71743486973948,0.438684556368302,0.634684556368302
"47",4.4188376753507,0.230287132962523,3.71743486973948,0.438684556368302,0.634684556368302
"48",4.65931863727455,0.17039849123718,3.71743486973948,0.438684556368302,0.634684556368302
"49",4.69939879759519,0.15308358046545,3.71743486973948,0.438684556368302,0.634684556368302
"50",4.75951903807615,0.137522736976014,3.71743486973948,0.438684556368302,0.634684556368302
