"","x","yplot","target","ftrue","fwrong"
"1",-4.97995991983968,0.218736328369902,-3.97795591182365,0.549567034030624,0.353567034030624
"2",-4.81963927855711,0.218237557992021,-3.97795591182365,0.549567034030624,0.353567034030624
"3",-4.71943887775551,0.342609336588276,-3.97795591182365,0.549567034030624,0.353567034030624
"4",-4.65931863727455,0.44746960669514,-3.97795591182365,0.549567034030624,0.353567034030624
"5",-4.61923847695391,0.422811918065732,-3.97795591182365,0.549567034030624,0.353567034030624
"6",-4.59919839679359,0.327993431884596,-3.97795591182365,0.549567034030624,0.353567034030624
"7",-4.57915831663327,0.522717820626919,-3.97795591182365,0.549567034030624,0.353567034030624
"8",-4.51903807615231,0.520362752675708,-3.97795591182365,0.549567034030624,0.353567034030624
"9",-4.35871743486974,0.466394248684166,-3.97795591182365,0.549567034030624,0.353567034030624
"10",-4.07815631262525,0.620988047592274,-3.97795591182365,0.549567034030624,0.353567034030624
"11",-3.95791583166333,0.840963649951081,-3.97795591182365,0.549567034030624,0.353567034030624
"12",-3.87775551102204,0.547489517317825,-3.97795591182365,0.549567034030624,0.353567034030624
"13",-3.57715430861723,0.367716206267173,-3.97795591182365,0.549567034030624,0.353567034030624
"14",-3.55711422845691,0.423833095833479,-3.97795591182365,0.549567034030624,0.353567034030624
"15",-3.2565130260521,0.588652519467588,-3.97795591182365,0.549567034030624,0.353567034030624
"16",-3.1563126252505,0.454721050627755,-3.97795591182365,0.549567034030624,0.353567034030624
"17",-2.41482965931864,0.171798036467335,-3.97795591182365,0.549567034030624,0.353567034030624
"18",-2.01402805611222,-0.263898852552656,-3.97795591182365,0.549567034030624,0.353567034030624
"19",-1.37274549098196,-0.683996851481641,-3.97795591182365,0.549567034030624,0.353567034030624
"20",-1.2124248496994,-0.701919012289034,-3.97795591182365,0.549567034030624,0.353567034030624
"21",-1.09218436873748,-0.716158543545031,-3.97795591182365,0.549567034030624,0.353567034030624
"22",-0.891783567134269,-0.833110761137088,-3.97795591182365,0.549567034030624,0.353567034030624
"23",-0.551102204408818,-1.00085009106898,-3.97795591182365,0.549567034030624,0.353567034030624
"24",-0.531062124248497,-1.09823938947294,-3.97795591182365,0.549567034030624,0.353567034030624
"25",-0.330661322645291,-0.853042303027041,-3.97795591182365,0.549567034030624,0.353567034030624
"26",0.0100200400801604,-0.953418641939373,-3.97795591182365,0.549567034030624,0.353567034030624
"27",0.210420841683367,-0.778290253094137,-3.97795591182365,0.549567034030624,0.353567034030624
"28",0.490981963927855,-0.798190646699336,-3.97795591182365,0.549567034030624,0.353567034030624
"29",0.871743486973948,-0.626680044457047,-3.97795591182365,0.549567034030624,0.353567034030624
"30",1.23246492985972,-0.449568187667245,-3.97795591182365,0.549567034030624,0.353567034030624
"31",1.33266533066132,-0.333791500089854,-3.97795591182365,0.549567034030624,0.353567034030624
"32",1.55310621242485,-0.347579879799063,-3.97795591182365,0.549567034030624,0.353567034030624
"33",1.75350701402806,-0.232160201576236,-3.97795591182365,0.549567034030624,0.353567034030624
"34",1.93386773547094,-0.144716697050868,-3.97795591182365,0.549567034030624,0.353567034030624
"35",2.41482965931864,-0.238030662947789,-3.97795591182365,0.549567034030624,0.353567034030624
"36",2.43486973947896,-0.324915315712228,-3.97795591182365,0.549567034030624,0.353567034030624
"37",2.55511022044088,-0.553473365472987,-3.97795591182365,0.549567034030624,0.353567034030624
"38",2.67535070140281,-0.269930198482164,-3.97795591182365,0.549567034030624,0.353567034030624
"39",2.79559118236473,-0.438977374489425,-3.97795591182365,0.549567034030624,0.353567034030624
"40",2.87575150300601,-0.353691121482292,-3.97795591182365,0.549567034030624,0.353567034030624
"41",3.51703406813627,-0.64046044095531,-3.97795591182365,0.549567034030624,0.353567034030624
"42",3.6372745490982,-0.766417439523524,-3.97795591182365,0.549567034030624,0.353567034030624
"43",3.65731462925852,-0.715005918753323,-3.97795591182365,0.549567034030624,0.353567034030624
"44",3.81763527054108,-0.688245342426858,-3.97795591182365,0.549567034030624,0.353567034030624
"45",3.89779559118236,-0.802252643325927,-3.97795591182365,0.549567034030624,0.353567034030624
"46",4.17835671342685,-0.77812581448361,-3.97795591182365,0.549567034030624,0.353567034030624
"47",4.25851703406814,-0.953376371578009,-3.97795591182365,0.549567034030624,0.353567034030624
"48",4.43887775551102,-0.908217115702273,-3.97795591182365,0.549567034030624,0.353567034030624
"49",4.73947895791583,-0.857414147221944,-3.97795591182365,0.549567034030624,0.353567034030624
"50",4.85971943887776,-0.792646119106433,-3.97795591182365,0.549567034030624,0.353567034030624
