"","x","yplot","target","ftrue","fwrong"
"1",-4.81963927855711,-0.306600184875733,0.95190380761523,0.475883044233004,0.279883044233004
"2",-4.39879759519038,-0.247978022612991,0.95190380761523,0.475883044233004,0.279883044233004
"3",-4.23847695390782,-0.0845503231696708,0.95190380761523,0.475883044233004,0.279883044233004
"4",-3.6372745490982,-0.172332317306247,0.95190380761523,0.475883044233004,0.279883044233004
"5",-3.53707414829659,0.00803082308354666,0.95190380761523,0.475883044233004,0.279883044233004
"6",-3.43687374749499,-0.103924679995502,0.95190380761523,0.475883044233004,0.279883044233004
"7",-3.37675350701403,0.221531321953669,0.95190380761523,0.475883044233004,0.279883044233004
"8",-3.13627254509018,-0.0170423200593531,0.95190380761523,0.475883044233004,0.279883044233004
"9",-2.81563126252505,0.302013208239302,0.95190380761523,0.475883044233004,0.279883044233004
"10",-2.75551102204409,0.0672257653311753,0.95190380761523,0.475883044233004,0.279883044233004
"11",-2.65531062124249,0.257271625625226,0.95190380761523,0.475883044233004,0.279883044233004
"12",-2.374749498998,0.428555096260018,0.95190380761523,0.475883044233004,0.279883044233004
"13",-2.29458917835671,0.225552225549984,0.95190380761523,0.475883044233004,0.279883044233004
"14",-2.21442885771543,0.392378865746668,0.95190380761523,0.475883044233004,0.279883044233004
"15",-2.07414829659319,0.464257611081658,0.95190380761523,0.475883044233004,0.279883044233004
"16",-1.85370741482966,0.64319490348466,0.95190380761523,0.475883044233004,0.279883044233004
"17",-1.65330661322645,0.791735912068119,0.95190380761523,0.475883044233004,0.279883044233004
"18",-1.63326653306613,0.677438772549589,0.95190380761523,0.475883044233004,0.279883044233004
"19",-1.59318637274549,0.585225189846099,0.95190380761523,0.475883044233004,0.279883044233004
"20",-1.49298597194389,0.657038328717459,0.95190380761523,0.475883044233004,0.279883044233004
"21",-1.45290581162325,0.727771811291159,0.95190380761523,0.475883044233004,0.279883044233004
"22",-1.43286573146293,0.709312300439623,0.95190380761523,0.475883044233004,0.279883044233004
"23",-1.23246492985972,0.74417953322621,0.95190380761523,0.475883044233004,0.279883044233004
"24",-0.971943887775551,0.944555508351953,0.95190380761523,0.475883044233004,0.279883044233004
"25",-0.811623246492986,1.06350973869066,0.95190380761523,0.475883044233004,0.279883044233004
"26",-0.130260521042084,0.88580521607075,0.95190380761523,0.475883044233004,0.279883044233004
"27",-0.0701402805611222,0.853074406571469,0.95190380761523,0.475883044233004,0.279883044233004
"28",-0.0100200400801604,0.997400479341243,0.95190380761523,0.475883044233004,0.279883044233004
"29",0.0501002004008013,0.695900888267048,0.95190380761523,0.475883044233004,0.279883044233004
"30",0.130260521042084,0.997047186819738,0.95190380761523,0.475883044233004,0.279883044233004
"31",0.350701402805611,0.843949283220507,0.95190380761523,0.475883044233004,0.279883044233004
"32",0.691382765531062,0.52007791622896,0.95190380761523,0.475883044233004,0.279883044233004
"33",0.711422845691382,0.65470941444573,0.95190380761523,0.475883044233004,0.279883044233004
"34",0.751503006012024,0.533675171844896,0.95190380761523,0.475883044233004,0.279883044233004
"35",0.811623246492986,0.548599745442819,0.95190380761523,0.475883044233004,0.279883044233004
"36",0.911823647294589,0.500423144424873,0.95190380761523,0.475883044233004,0.279883044233004
"37",0.991983967935871,0.500596386554792,0.95190380761523,0.475883044233004,0.279883044233004
"38",1.4128256513026,0.200581204647122,0.95190380761523,0.475883044233004,0.279883044233004
"39",1.53306613226453,0.211935720196038,0.95190380761523,0.475883044233004,0.279883044233004
"40",1.75350701402806,-0.391310803380457,0.95190380761523,0.475883044233004,0.279883044233004
"41",1.85370741482966,-0.300482421797968,0.95190380761523,0.475883044233004,0.279883044233004
"42",1.87374749498998,-0.264486273011519,0.95190380761523,0.475883044233004,0.279883044233004
"43",2.4749498997996,-0.532771723944649,0.95190380761523,0.475883044233004,0.279883044233004
"44",3.43687374749499,-0.153062191037248,0.95190380761523,0.475883044233004,0.279883044233004
"45",3.53707414829659,-0.400003525790235,0.95190380761523,0.475883044233004,0.279883044233004
"46",3.87775551102204,-0.215807360331219,0.95190380761523,0.475883044233004,0.279883044233004
"47",4.13827655310621,0.155290697508613,0.95190380761523,0.475883044233004,0.279883044233004
"48",4.39879759519038,0.294296237826059,0.95190380761523,0.475883044233004,0.279883044233004
"49",4.75951903807615,0.633682827833316,0.95190380761523,0.475883044233004,0.279883044233004
"50",4.8997995991984,0.860976952854783,0.95190380761523,0.475883044233004,0.279883044233004
