"","x","yplot","target","ftrue","fwrong"
"1",-4.37875751503006,0.162745435091471,1.81362725450902,0.151122680398248,0.347122680398248
"2",-4.13827655310621,0.239797031517504,1.81362725450902,0.151122680398248,0.347122680398248
"3",-3.6372745490982,-0.319949888469289,1.81362725450902,0.151122680398248,0.347122680398248
"4",-3.01603206412826,-0.734158873288464,1.81362725450902,0.151122680398248,0.347122680398248
"5",-2.77555110220441,-0.557418297314339,1.81362725450902,0.151122680398248,0.347122680398248
"6",-2.13426853707415,-0.558917477019706,1.81362725450902,0.151122680398248,0.347122680398248
"7",-1.87374749498998,-0.523735007489425,1.81362725450902,0.151122680398248,0.347122680398248
"8",-1.13226452905812,-0.388222631608605,1.81362725450902,0.151122680398248,0.347122680398248
"9",-0.691382765531062,-0.321251907574978,1.81362725450902,0.151122680398248,0.347122680398248
"10",0.470941883767535,-0.133081215175883,1.81362725450902,0.151122680398248,0.347122680398248
"11",0.691382765531062,-0.0449571578132067,1.81362725450902,0.151122680398248,0.347122680398248
"12",0.731462925851703,0.00513997996813791,1.81362725450902,0.151122680398248,0.347122680398248
"13",0.911823647294589,-0.133009461645492,1.81362725450902,0.151122680398248,0.347122680398248
"14",0.93186372745491,-0.116196070139564,1.81362725450902,0.151122680398248,0.347122680398248
"15",1.01202404809619,-0.115961535496644,1.81362725450902,0.151122680398248,0.347122680398248
"16",1.1122244488978,0.0248388936616381,1.81362725450902,0.151122680398248,0.347122680398248
"17",1.65330661322645,-0.0288218300852314,1.81362725450902,0.151122680398248,0.347122680398248
"18",1.91382765531062,0.0874766366046057,1.81362725450902,0.151122680398248,0.347122680398248
"19",3.09619238476954,0.237856838258979,1.81362725450902,0.151122680398248,0.347122680398248
"20",3.65731462925852,0.187832163968358,1.81362725450902,0.151122680398248,0.347122680398248
