"","x","yplot","target","ftrue","fwrong"
"1",-4.63927855711423,0.240158585153574,-3.59719438877756,0.256721920527791,0.0607219205277906
"2",-4.4188376753507,0.204494735303891,-3.59719438877756,0.256721920527791,0.0607219205277906
"3",-4.33867735470942,0.173774374288863,-3.59719438877756,0.256721920527791,0.0607219205277906
"4",-4.19839679358717,0.175371481899589,-3.59719438877756,0.256721920527791,0.0607219205277906
"5",-4.13827655310621,0.393135659914742,-3.59719438877756,0.256721920527791,0.0607219205277906
"6",-4.11823647294589,0.244874984391707,-3.59719438877756,0.256721920527791,0.0607219205277906
"7",-3.93787575150301,0.206761662524659,-3.59719438877756,0.256721920527791,0.0607219205277906
"8",-3.91783567134269,0.238486842460433,-3.59719438877756,0.256721920527791,0.0607219205277906
"9",-3.77755511022044,0.279134253970128,-3.59719438877756,0.256721920527791,0.0607219205277906
"10",-3.75751503006012,0.421650442754882,-3.59719438877756,0.256721920527791,0.0607219205277906
"11",-3.7374749498998,0.120829074047087,-3.59719438877756,0.256721920527791,0.0607219205277906
"12",-3.65731462925852,0.257571864681785,-3.59719438877756,0.256721920527791,0.0607219205277906
"13",-3.33667334669339,0.271390665370667,-3.59719438877756,0.256721920527791,0.0607219205277906
"14",-3.27655310621242,0.174894502367687,-3.59719438877756,0.256721920527791,0.0607219205277906
"15",-2.67535070140281,0.343307284679767,-3.59719438877756,0.256721920527791,0.0607219205277906
"16",-2.63527054108216,0.419318695517676,-3.59719438877756,0.256721920527791,0.0607219205277906
"17",-2.5751503006012,0.405602631946964,-3.59719438877756,0.256721920527791,0.0607219205277906
"18",-2.39478957915832,0.482938614561629,-3.59719438877756,0.256721920527791,0.0607219205277906
"19",-2.29458917835671,0.644971963046474,-3.59719438877756,0.256721920527791,0.0607219205277906
"20",-1.85370741482966,0.58458636595449,-3.59719438877756,0.256721920527791,0.0607219205277906
"21",-1.55310621242485,0.588374170482346,-3.59719438877756,0.256721920527791,0.0607219205277906
"22",-1.17234468937876,0.665270255267033,-3.59719438877756,0.256721920527791,0.0607219205277906
"23",-0.871743486973948,0.660025120501314,-3.59719438877756,0.256721920527791,0.0607219205277906
"24",-0.61122244488978,0.792057059580835,-3.59719438877756,0.256721920527791,0.0607219205277906
"25",-0.330661322645291,0.658813567163067,-3.59719438877756,0.256721920527791,0.0607219205277906
"26",-0.0901803607214431,0.599687576959137,-3.59719438877756,0.256721920527791,0.0607219205277906
"27",0.0100200400801604,0.794627700331696,-3.59719438877756,0.256721920527791,0.0607219205277906
"28",0.130260521042084,0.842836141679603,-3.59719438877756,0.256721920527791,0.0607219205277906
"29",0.210420841683367,1.02947788356031,-3.59719438877756,0.256721920527791,0.0607219205277906
"30",0.470941883767535,0.896027413146609,-3.59719438877756,0.256721920527791,0.0607219205277906
"31",0.551102204408817,0.782793317001184,-3.59719438877756,0.256721920527791,0.0607219205277906
"32",0.6312625250501,0.940482190010821,-3.59719438877756,0.256721920527791,0.0607219205277906
"33",1.09218436873747,0.957895472192222,-3.59719438877756,0.256721920527791,0.0607219205277906
"34",1.81362725450902,0.756892718935119,-3.59719438877756,0.256721920527791,0.0607219205277906
"35",1.8937875751503,0.567489228315625,-3.59719438877756,0.256721920527791,0.0607219205277906
"36",2.13426853707415,0.734177852155911,-3.59719438877756,0.256721920527791,0.0607219205277906
"37",2.17434869739479,0.668866040913731,-3.59719438877756,0.256721920527791,0.0607219205277906
"38",2.69539078156313,0.692973584254418,-3.59719438877756,0.256721920527791,0.0607219205277906
"39",2.87575150300601,0.547374721943879,-3.59719438877756,0.256721920527791,0.0607219205277906
"40",3.13627254509018,0.301254352114565,-3.59719438877756,0.256721920527791,0.0607219205277906
"41",3.31663326653307,0.0565318526327045,-3.59719438877756,0.256721920527791,0.0607219205277906
"42",3.33667334669339,0.327379351964267,-3.59719438877756,0.256721920527791,0.0607219205277906
"43",3.37675350701403,0.102483656270957,-3.59719438877756,0.256721920527791,0.0607219205277906
"44",3.49699398797595,0.160001557739294,-3.59719438877756,0.256721920527791,0.0607219205277906
"45",3.55711422845691,0.0469928708728837,-3.59719438877756,0.256721920527791,0.0607219205277906
"46",3.67735470941884,-0.137699550163089,-3.59719438877756,0.256721920527791,0.0607219205277906
"47",4.09819639278557,-0.112520319213405,-3.59719438877756,0.256721920527791,0.0607219205277906
"48",4.19839679358717,-0.165929917411995,-3.59719438877756,0.256721920527791,0.0607219205277906
"49",4.67935871743487,-0.434055635645629,-3.59719438877756,0.256721920527791,0.0607219205277906
"50",4.95991983967936,-0.558176325561709,-3.59719438877756,0.256721920527791,0.0607219205277906
