"","x","yplot","target","ftrue","fwrong"
"1",-4.39879759519038,-0.430047131361295,-0.190380761523047,0.415920899600473,0.611920899600473
"2",-4.05811623246493,-0.0827917705959384,-0.190380761523047,0.415920899600473,0.611920899600473
"3",-2.93587174348697,0.600189000872818,-0.190380761523047,0.415920899600473,0.611920899600473
"4",-1.91382765531062,0.743291688603837,-0.190380761523047,0.415920899600473,0.611920899600473
"5",-1.19238476953908,1.09312796533593,-0.190380761523047,0.415920899600473,0.611920899600473
"6",-0.731462925851703,0.775263940686122,-0.190380761523047,0.415920899600473,0.611920899600473
"7",-0.651302605210421,0.48927568246158,-0.190380761523047,0.415920899600473,0.611920899600473
"8",-0.210420841683367,0.584140991514879,-0.190380761523047,0.415920899600473,0.611920899600473
"9",-0.190380761523047,0.287718591564866,-0.190380761523047,0.415920899600473,0.611920899600473
"10",-0.130260521042084,0.470664783099902,-0.190380761523047,0.415920899600473,0.611920899600473
"11",0.711422845691382,-0.0883479106408043,-0.190380761523047,0.415920899600473,0.611920899600473
"12",2.11422845691383,-0.154701164901315,-0.190380761523047,0.415920899600473,0.611920899600473
"13",2.17434869739479,-0.188129515162564,-0.190380761523047,0.415920899600473,0.611920899600473
"14",2.55511022044088,-0.0164750527162165,-0.190380761523047,0.415920899600473,0.611920899600473
"15",2.59519038076152,-0.0608261554648568,-0.190380761523047,0.415920899600473,0.611920899600473
"16",3.75751503006012,-0.181728186153522,-0.190380761523047,0.415920899600473,0.611920899600473
"17",3.77755511022044,0.2568360190369,-0.190380761523047,0.415920899600473,0.611920899600473
"18",4.11823647294589,-0.00444588399893867,-0.190380761523047,0.415920899600473,0.611920899600473
"19",4.43887775551102,-0.211284341263536,-0.190380761523047,0.415920899600473,0.611920899600473
"20",4.77955911823647,-0.44603478025443,-0.190380761523047,0.415920899600473,0.611920899600473
