"","x","yplot","target","ftrue","fwrong"
"1",-2.99599198396794,0.297056016378129,4.77955911823647,-0.439083708798772,-0.243083708798772
"2",-2.13426853707415,0.665800983794737,4.77955911823647,-0.439083708798772,-0.243083708798772
"3",-1.7935871743487,0.676354471333425,4.77955911823647,-0.439083708798772,-0.243083708798772
"4",-0.110220440881764,0.609938558154834,4.77955911823647,-0.439083708798772,-0.243083708798772
"5",1.85370741482966,0.318384588426418,4.77955911823647,-0.439083708798772,-0.243083708798772
"6",2.35470941883768,0.0966923421204099,4.77955911823647,-0.439083708798772,-0.243083708798772
"7",3.8376753507014,-0.771793806876199,4.77955911823647,-0.439083708798772,-0.243083708798772
"8",3.91783567134268,-0.780751041970554,4.77955911823647,-0.439083708798772,-0.243083708798772
"9",4.13827655310621,-0.705199876929855,4.77955911823647,-0.439083708798772,-0.243083708798772
"10",4.35871743486974,-0.684972121995747,4.77955911823647,-0.439083708798772,-0.243083708798772
"11",4.53907815631263,-0.422243450963708,4.77955911823647,-0.439083708798772,-0.243083708798772
"12",4.55911823647295,-0.662588433310341,4.77955911823647,-0.439083708798772,-0.243083708798772
"13",4.61923847695391,-0.451987595225697,4.77955911823647,-0.439083708798772,-0.243083708798772
"14",4.69939879759519,-0.43134699368803,4.77955911823647,-0.439083708798772,-0.243083708798772
"15",4.73947895791583,-0.373146042225311,4.77955911823647,-0.439083708798772,-0.243083708798772
"16",4.77955911823647,-0.434934464856451,4.77955911823647,-0.439083708798772,-0.243083708798772
"17",4.87975951903808,-0.309224672491366,4.77955911823647,-0.439083708798772,-0.243083708798772
"18",4.93987975951904,-0.328129203866379,4.77955911823647,-0.439083708798772,-0.243083708798772
"19",4.95991983967936,-0.435075046280818,4.77955911823647,-0.439083708798772,-0.243083708798772
"20",4.97995991983968,-0.527454302920398,4.77955911823647,-0.439083708798772,-0.243083708798772
