"","x","yplot","target","ftrue","fwrong"
"1",-4.49899799599198,0.867656516127976,-0.210420841683367,-0.0577957482804191,-0.253795748280419
"2",-4.4188376753507,0.987466589780517,-0.210420841683367,-0.0577957482804191,-0.253795748280419
"3",-3.93787575150301,0.628309481546084,-0.210420841683367,-0.0577957482804191,-0.253795748280419
"4",-1.15230460921844,0.153776839251149,-0.210420841683367,-0.0577957482804191,-0.253795748280419
"5",-1.09218436873748,0.251896923832413,-0.210420841683367,-0.0577957482804191,-0.253795748280419
"6",-0.791583166332665,0.090359583336158,-0.210420841683367,-0.0577957482804191,-0.253795748280419
"7",-0.711422845691383,0.071962482762419,-0.210420841683367,-0.0577957482804191,-0.253795748280419
"8",-0.691382765531062,0.116142583470033,-0.210420841683367,-0.0577957482804191,-0.253795748280419
"9",-0.330661322645291,0.0266410678353301,-0.210420841683367,-0.0577957482804191,-0.253795748280419
"10",-0.170340681362726,-0.11848902859231,-0.210420841683367,-0.0577957482804191,-0.253795748280419
"11",-0.0300601202404813,-0.131406486256098,-0.210420841683367,-0.0577957482804191,-0.253795748280419
"12",0.0701402805611222,-0.180694362378607,-0.210420841683367,-0.0577957482804191,-0.253795748280419
"13",0.0901803607214431,-0.154126118037449,-0.210420841683367,-0.0577957482804191,-0.253795748280419
"14",0.290581162324649,0.03257923845089,-0.210420841683367,-0.0577957482804191,-0.253795748280419
"15",0.410821643286573,-0.0488078885590302,-0.210420841683367,-0.0577957482804191,-0.253795748280419
"16",0.531062124248497,-0.0794653317072316,-0.210420841683367,-0.0577957482804191,-0.253795748280419
"17",0.771543086172344,-0.0832053607572819,-0.210420841683367,-0.0577957482804191,-0.253795748280419
"18",0.991983967935871,-0.226168543890203,-0.210420841683367,-0.0577957482804191,-0.253795748280419
"19",2.63527054108216,-0.37263594743158,-0.210420841683367,-0.0577957482804191,-0.253795748280419
"20",2.69539078156313,-0.150305765067831,-0.210420841683367,-0.0577957482804191,-0.253795748280419
