"","x","yplot","target","ftrue","fwrong"
"1",-4.97995991983968,1.07720991449562,-4.55911823647295,0.811321152355031,0.615321152355031
"2",-4.81963927855711,0.993325527123602,-4.55911823647295,0.811321152355031,0.615321152355031
"3",-4.79959919839679,0.760439903337088,-4.55911823647295,0.811321152355031,0.615321152355031
"4",-4.37875751503006,0.812001756802306,-4.55911823647295,0.811321152355031,0.615321152355031
"5",-4.19839679358717,0.658683917962489,-4.55911823647295,0.811321152355031,0.615321152355031
"6",-3.93787575150301,0.800029785115896,-4.55911823647295,0.811321152355031,0.615321152355031
"7",-3.21643286573146,0.448989920506686,-4.55911823647295,0.811321152355031,0.615321152355031
"8",-2.87575150300601,0.26822121361464,-4.55911823647295,0.811321152355031,0.615321152355031
"9",-1.05210420841683,-0.0249639436664068,-4.55911823647295,0.811321152355031,0.615321152355031
"10",-0.831663326653307,-0.195452700399061,-4.55911823647295,0.811321152355031,0.615321152355031
"11",-0.61122244488978,-0.320720285234302,-4.55911823647295,0.811321152355031,0.615321152355031
"12",0.531062124248497,-0.483051806614308,-4.55911823647295,0.811321152355031,0.615321152355031
"13",0.671342685370742,-0.289433782005185,-4.55911823647295,0.811321152355031,0.615321152355031
"14",1.1122244488978,-0.538243589100654,-4.55911823647295,0.811321152355031,0.615321152355031
"15",1.95390781563126,-0.474465741071566,-4.55911823647295,0.811321152355031,0.615321152355031
"16",2.39478957915832,-0.404879668695647,-4.55911823647295,0.811321152355031,0.615321152355031
"17",2.43486973947896,-0.475649782045689,-4.55911823647295,0.811321152355031,0.615321152355031
"18",3.59719438877755,-0.478100402760501,-4.55911823647295,0.811321152355031,0.615321152355031
"19",4.15831663326653,-0.287548512595517,-4.55911823647295,0.811321152355031,0.615321152355031
"20",4.59919839679359,-0.158469008593071,-4.55911823647295,0.811321152355031,0.615321152355031
