"","x","yplot","target","ftrue","fwrong"
"1",-0.95190380761523,-0.209434723950518,2.07414829659319,0.762937975350797,0.566937975350797
"2",-0.591182364729459,0.118373864600026,2.07414829659319,0.762937975350797,0.566937975350797
"3",1.19238476953908,0.607910961270863,2.07414829659319,0.762937975350797,0.566937975350797
"4",1.29258517034068,0.528867409307261,2.07414829659319,0.762937975350797,0.566937975350797
"5",1.4128256513026,0.72584668986534,2.07414829659319,0.762937975350797,0.566937975350797
"6",1.59318637274549,0.88585603270313,2.07414829659319,0.762937975350797,0.566937975350797
"7",1.7935871743487,0.70202051134735,2.07414829659319,0.762937975350797,0.566937975350797
"8",1.81362725450902,0.648012576182231,2.07414829659319,0.762937975350797,0.566937975350797
"9",1.85370741482966,0.599751709990864,2.07414829659319,0.762937975350797,0.566937975350797
"10",2.27454909819639,0.963038168503729,2.07414829659319,0.762937975350797,0.566937975350797
"11",2.35470941883768,0.942276559353895,2.07414829659319,0.762937975350797,0.566937975350797
"12",2.41482965931864,0.934829023216047,2.07414829659319,0.762937975350797,0.566937975350797
"13",2.43486973947896,0.854323871130862,2.07414829659319,0.762937975350797,0.566937975350797
"14",2.51503006012024,0.653400528044026,2.07414829659319,0.762937975350797,0.566937975350797
"15",2.5751503006012,0.904189221946225,2.07414829659319,0.762937975350797,0.566937975350797
"16",3.0561122244489,0.846714521147595,2.07414829659319,0.762937975350797,0.566937975350797
"17",3.49699398797595,0.790667143490997,2.07414829659319,0.762937975350797,0.566937975350797
"18",3.71743486973948,0.900386174354087,2.07414829659319,0.762937975350797,0.566937975350797
"19",4.43887775551102,1.04770502526952,2.07414829659319,0.762937975350797,0.566937975350797
"20",4.71943887775551,0.803461415604143,2.07414829659319,0.762937975350797,0.566937975350797
