"","x","yplot","target","ftrue","fwrong"
"1",-4.33867735470942,-0.381933355496592,0.31062124248497,-0.925572789237939,-0.729572789237939
"2",-4.03807615230461,-0.437479916183797,0.31062124248497,-0.925572789237939,-0.729572789237939
"3",-3.69739478957916,-0.365082012701939,0.31062124248497,-0.925572789237939,-0.729572789237939
"4",-3.6372745490982,-0.488328123819924,0.31062124248497,-0.925572789237939,-0.729572789237939
"5",-0.631262525050101,-0.859440553618195,0.31062124248497,-0.925572789237939,-0.729572789237939
"6",-0.511022044088176,-1.02185424844676,0.31062124248497,-0.925572789237939,-0.729572789237939
"7",0.390781563126252,-0.974772401229754,0.31062124248497,-0.925572789237939,-0.729572789237939
"8",2.53507014028056,0.241217232732679,0.31062124248497,-0.925572789237939,-0.729572789237939
"9",3.89779559118236,0.630773939703939,0.31062124248497,-0.925572789237939,-0.729572789237939
"10",4.93987975951904,0.703453487731057,0.31062124248497,-0.925572789237939,-0.729572789237939
