"","x","yplot","target","ftrue","fwrong"
"1",-3.41683366733467,-0.391375422687024,0.791583166332665,0.524733817387373,0.720733817387373
"2",-3.35671342685371,-0.367965505806286,0.791583166332665,0.524733817387373,0.720733817387373
"3",-2.41482965931864,-0.09833621180023,0.791583166332665,0.524733817387373,0.720733817387373
"4",-0.110220440881764,0.524627037618046,0.791583166332665,0.524733817387373,0.720733817387373
"5",0.0300601202404804,0.307325890159874,0.791583166332665,0.524733817387373,0.720733817387373
"6",0.110220440881763,0.483837574668055,0.791583166332665,0.524733817387373,0.720733817387373
"7",0.31062124248497,0.655295864872012,0.791583166332665,0.524733817387373,0.720733817387373
"8",0.350701402805611,0.589134338267694,0.791583166332665,0.524733817387373,0.720733817387373
"9",0.390781563126252,0.532124477111811,0.791583166332665,0.524733817387373,0.720733817387373
"10",0.571142284569138,0.589644156291771,0.791583166332665,0.524733817387373,0.720733817387373
"11",0.651302605210421,0.648375434258969,0.791583166332665,0.524733817387373,0.720733817387373
"12",0.731462925851703,0.562731839301315,0.791583166332665,0.524733817387373,0.720733817387373
"13",0.811623246492986,0.561580060129154,0.791583166332665,0.524733817387373,0.720733817387373
"14",0.871743486973948,0.427079231363657,0.791583166332665,0.524733817387373,0.720733817387373
"15",1.47294589178357,0.772978438880155,0.791583166332665,0.524733817387373,0.720733817387373
"16",1.53306613226453,0.516220969649997,0.791583166332665,0.524733817387373,0.720733817387373
"17",1.55310621242485,0.666488387471824,0.791583166332665,0.524733817387373,0.720733817387373
"18",2.13426853707415,0.565728262226097,0.791583166332665,0.524733817387373,0.720733817387373
"19",2.83567134268537,0.811751719214904,0.791583166332665,0.524733817387373,0.720733817387373
"20",3.77755511022044,0.422775363696098,0.791583166332665,0.524733817387373,0.720733817387373
