"","x","yplot","target","ftrue","fwrong"
"1",-3.77755511022044,-0.226661791145138,-1.33266533066132,0.0185544277283402,-0.17744557227166
"2",-2.25450901803607,-0.0723777969645895,-1.33266533066132,0.0185544277283402,-0.17744557227166
"3",-1.13226452905812,0.0654224168543539,-1.33266533066132,0.0185544277283402,-0.17744557227166
"4",-0.91182364729459,0.255448901109459,-1.33266533066132,0.0185544277283402,-0.17744557227166
"5",1.95390781563126,0.426922990989746,-1.33266533066132,0.0185544277283402,-0.17744557227166
"6",2.43486973947896,0.473049969132239,-1.33266533066132,0.0185544277283402,-0.17744557227166
"7",2.75551102204409,0.89037885050897,-1.33266533066132,0.0185544277283402,-0.17744557227166
"8",3.43687374749499,0.755069462192739,-1.33266533066132,0.0185544277283402,-0.17744557227166
"9",4.93987975951904,-0.0241267236526833,-1.33266533066132,0.0185544277283402,-0.17744557227166
"10",4.95991983967936,-0.166301095070887,-1.33266533066132,0.0185544277283402,-0.17744557227166
