"","x","yplot","target","ftrue","fwrong"
"1",-4.93987975951904,0.602342172410261,-4.63927855711423,0.648466904800101,0.452466904800101
"2",-4.83967935871743,0.72921346191317,-4.63927855711423,0.648466904800101,0.452466904800101
"3",-4.75951903807615,0.593413165750911,-4.63927855711423,0.648466904800101,0.452466904800101
"4",-4.73947895791583,0.821272102051669,-4.63927855711423,0.648466904800101,0.452466904800101
"5",-4.71943887775551,0.645396746439939,-4.63927855711423,0.648466904800101,0.452466904800101
"6",-4.69939879759519,0.567765727291742,-4.63927855711423,0.648466904800101,0.452466904800101
"7",-4.63927855711423,0.756783284231765,-4.63927855711423,0.648466904800101,0.452466904800101
"8",-4.49899799599198,0.500386063415522,-4.63927855711423,0.648466904800101,0.452466904800101
"9",-4.15831663326653,0.600298051161881,-4.63927855711423,0.648466904800101,0.452466904800101
"10",-3.91783567134269,0.551807895285331,-4.63927855711423,0.648466904800101,0.452466904800101
"11",-3.89779559118236,0.62689025376004,-4.63927855711423,0.648466904800101,0.452466904800101
"12",-3.75751503006012,0.579962030866209,-4.63927855711423,0.648466904800101,0.452466904800101
"13",-3.41683366733467,0.403945147580802,-4.63927855711423,0.648466904800101,0.452466904800101
"14",-3.29659318637275,0.403204547909436,-4.63927855711423,0.648466904800101,0.452466904800101
"15",-3.11623246492986,0.531876290096743,-4.63927855711423,0.648466904800101,0.452466904800101
"16",-2.43486973947896,0.258955896604274,-4.63927855711423,0.648466904800101,0.452466904800101
"17",-2.31462925851703,0.263001697102982,-4.63927855711423,0.648466904800101,0.452466904800101
"18",-2.29458917835671,0.384441498579646,-4.63927855711423,0.648466904800101,0.452466904800101
"19",-2.25450901803607,0.214654080457845,-4.63927855711423,0.648466904800101,0.452466904800101
"20",-1.93386773547094,0.102077505017221,-4.63927855711423,0.648466904800101,0.452466904800101
"21",-1.8937875751503,0.395236961669019,-4.63927855711423,0.648466904800101,0.452466904800101
"22",-1.45290581162325,0.0159760645997098,-4.63927855711423,0.648466904800101,0.452466904800101
"23",-0.731462925851703,-0.208959852003558,-4.63927855711423,0.648466904800101,0.452466904800101
"24",-0.571142284569138,0.0137606668688576,-4.63927855711423,0.648466904800101,0.452466904800101
"25",-0.370741482965932,-0.191962075137996,-4.63927855711423,0.648466904800101,0.452466904800101
"26",0.0100200400801604,-0.206321590261109,-4.63927855711423,0.648466904800101,0.452466904800101
"27",0.0300601202404804,-0.220228105170468,-4.63927855711423,0.648466904800101,0.452466904800101
"28",0.210420841683367,-0.3295789739677,-4.63927855711423,0.648466904800101,0.452466904800101
"29",0.290581162324649,-0.445244918360873,-4.63927855711423,0.648466904800101,0.452466904800101
"30",0.31062124248497,0.00272740004350788,-4.63927855711423,0.648466904800101,0.452466904800101
"31",0.551102204408817,-0.292663052895314,-4.63927855711423,0.648466904800101,0.452466904800101
"32",0.851703406813627,-0.331944451020321,-4.63927855711423,0.648466904800101,0.452466904800101
"33",0.871743486973948,-0.311692365485289,-4.63927855711423,0.648466904800101,0.452466904800101
"34",0.93186372745491,-0.353329127415474,-4.63927855711423,0.648466904800101,0.452466904800101
"35",2.11422845691383,-0.536505959748193,-4.63927855711423,0.648466904800101,0.452466904800101
"36",2.99599198396794,-0.605324087692569,-4.63927855711423,0.648466904800101,0.452466904800101
"37",3.29659318637274,-0.720524264543404,-4.63927855711423,0.648466904800101,0.452466904800101
"38",3.53707414829659,-0.639300495800887,-4.63927855711423,0.648466904800101,0.452466904800101
"39",4.09819639278557,-0.596782729590638,-4.63927855711423,0.648466904800101,0.452466904800101
"40",4.57915831663327,-0.590479459801716,-4.63927855711423,0.648466904800101,0.452466904800101
