"","x","yplot","target","ftrue","fwrong"
"1",-2.05410821643287,0.27571065944766,1.17234468937876,-0.471917507480473,-0.275917507480473
"2",-1.01202404809619,0.295982020586728,1.17234468937876,-0.471917507480473,-0.275917507480473
"3",-0.851703406813628,0.427876734037781,1.17234468937876,-0.471917507480473,-0.275917507480473
"4",0.170340681362725,-0.204954997004323,1.17234468937876,-0.471917507480473,-0.275917507480473
"5",1.312625250501,-0.507833574994854,1.17234468937876,-0.471917507480473,-0.275917507480473
"6",1.91382765531062,-0.473427491396962,1.17234468937876,-0.471917507480473,-0.275917507480473
"7",2.11422845691383,-0.510041725638629,1.17234468937876,-0.471917507480473,-0.275917507480473
"8",3.37675350701403,-0.146898259232706,1.17234468937876,-0.471917507480473,-0.275917507480473
"9",3.69739478957916,-0.324071129161793,1.17234468937876,-0.471917507480473,-0.275917507480473
"10",3.77755511022044,-0.227818632689018,1.17234468937876,-0.471917507480473,-0.275917507480473
