"","x","yplot","target","ftrue","fwrong"
"1",-1.49298597194389,-0.777075068724933,4.29859719438878,0.6487386020507,0.8447386020507
"2",-1.47294589178357,-0.732155992270801,4.29859719438878,0.6487386020507,0.8447386020507
"3",-0.130260521042084,-0.455528743710783,4.29859719438878,0.6487386020507,0.8447386020507
"4",2.03406813627254,0.216143021280893,4.29859719438878,0.6487386020507,0.8447386020507
"5",2.59519038076152,0.515138516431515,4.29859719438878,0.6487386020507,0.8447386020507
"6",2.63527054108216,0.315464759028209,4.29859719438878,0.6487386020507,0.8447386020507
"7",2.91583166332665,0.382382088163872,4.29859719438878,0.6487386020507,0.8447386020507
"8",4.01803607214429,0.668700145875254,4.29859719438878,0.6487386020507,0.8447386020507
"9",4.4188376753507,0.554343280479639,4.29859719438878,0.6487386020507,0.8447386020507
"10",4.87975951903808,0.584944121925897,4.29859719438878,0.6487386020507,0.8447386020507
