"","x","yplot","target","ftrue","fwrong"
"1",-4.09819639278557,-0.253295918217635,-3.47695390781563,-0.640930146339936,-0.444930146339936
"2",-3.8376753507014,-0.571456249041547,-3.47695390781563,-0.640930146339936,-0.444930146339936
"3",-3.69739478957916,-0.676354190534457,-3.47695390781563,-0.640930146339936,-0.444930146339936
"4",-3.33667334669339,-0.617175072779482,-3.47695390781563,-0.640930146339936,-0.444930146339936
"5",-3.1563126252505,-0.680806446236491,-3.47695390781563,-0.640930146339936,-0.444930146339936
"6",-2.89579158316633,-0.967616346824909,-3.47695390781563,-0.640930146339936,-0.444930146339936
"7",-2.77555110220441,-0.835525121618981,-3.47695390781563,-0.640930146339936,-0.444930146339936
"8",-0.751503006012024,-0.308431207961865,-3.47695390781563,-0.640930146339936,-0.444930146339936
"9",1.75350701402806,-0.194330268075151,-3.47695390781563,-0.640930146339936,-0.444930146339936
"10",2.59519038076152,-0.276792785360829,-3.47695390781563,-0.640930146339936,-0.444930146339936
