"","x","yplot","target","ftrue","fwrong"
"1",-4.33867735470942,-0.0492497353226973,0.891783567134269,-0.510301067983774,-0.706301067983774
"2",-3.91783567134269,-0.224585441524944,0.891783567134269,-0.510301067983774,-0.706301067983774
"3",-3.03607214428858,-0.12308656363925,0.891783567134269,-0.510301067983774,-0.706301067983774
"4",-2.67535070140281,-0.392208276637547,0.891783567134269,-0.510301067983774,-0.706301067983774
"5",-2.23446893787575,-0.54899682161075,0.891783567134269,-0.510301067983774,-0.706301067983774
"6",-0.0501002004008022,-0.508660353929465,0.891783567134269,-0.510301067983774,-0.706301067983774
"7",0.0501002004008013,-0.56636444354219,0.891783567134269,-0.510301067983774,-0.706301067983774
"8",0.350701402805611,-0.58430581225997,0.891783567134269,-0.510301067983774,-0.706301067983774
"9",0.390781563126252,-0.569496692932289,0.891783567134269,-0.510301067983774,-0.706301067983774
"10",0.410821643286573,-0.398277032307632,0.891783567134269,-0.510301067983774,-0.706301067983774
"11",0.430861723446894,-0.566865055541726,0.891783567134269,-0.510301067983774,-0.706301067983774
"12",0.911823647294589,-0.406112369996257,0.891783567134269,-0.510301067983774,-0.706301067983774
"13",1.03206412825651,-0.488926074246931,0.891783567134269,-0.510301067983774,-0.706301067983774
"14",1.07214428857715,-0.436649862666051,0.891783567134269,-0.510301067983774,-0.706301067983774
"15",1.4128256513026,-0.534582827405933,0.891783567134269,-0.510301067983774,-0.706301067983774
"16",1.43286573146293,-0.48042500004831,0.891783567134269,-0.510301067983774,-0.706301067983774
"17",1.57314629258517,-0.490756006064165,0.891783567134269,-0.510301067983774,-0.706301067983774
"18",1.69338677354709,-0.447849570366235,0.891783567134269,-0.510301067983774,-0.706301067983774
"19",1.7935871743487,-0.340928309716543,0.891783567134269,-0.510301067983774,-0.706301067983774
"20",3.93787575150301,0.274549422653138,0.891783567134269,-0.510301067983774,-0.706301067983774
