"","x","yplot","target","ftrue","fwrong"
"1",-4.93987975951904,-0.769113507774094,-0.0300601202404813,-0.355832025525605,-0.159832025525605
"2",-3.01603206412826,-0.720872594110891,-0.0300601202404813,-0.355832025525605,-0.159832025525605
"3",-2.89579158316633,-0.99290116207851,-0.0300601202404813,-0.355832025525605,-0.159832025525605
"4",-2.67535070140281,-0.715941026742246,-0.0300601202404813,-0.355832025525605,-0.159832025525605
"5",-2.43486973947896,-0.703034545219385,-0.0300601202404813,-0.355832025525605,-0.159832025525605
"6",-2.17434869739479,-0.846919064904239,-0.0300601202404813,-0.355832025525605,-0.159832025525605
"7",-1.81362725450902,-0.520162975172021,-0.0300601202404813,-0.355832025525605,-0.159832025525605
"8",-0.691382765531062,-0.52422881099562,-0.0300601202404813,-0.355832025525605,-0.159832025525605
"9",-0.150300601202405,-0.221687895459888,-0.0300601202404813,-0.355832025525605,-0.159832025525605
"10",-0.110220440881764,-0.458971744618832,-0.0300601202404813,-0.355832025525605,-0.159832025525605
"11",0.290581162324649,-0.317873096590943,-0.0300601202404813,-0.355832025525605,-0.159832025525605
"12",0.6312625250501,-0.0735147760226336,-0.0300601202404813,-0.355832025525605,-0.159832025525605
"13",0.911823647294589,-0.0927884529455062,-0.0300601202404813,-0.355832025525605,-0.159832025525605
"14",1.45290581162325,-0.00682843325880491,-0.0300601202404813,-0.355832025525605,-0.159832025525605
"15",1.61322645290581,-0.123783076368607,-0.0300601202404813,-0.355832025525605,-0.159832025525605
"16",2.59519038076152,0.205060289544809,-0.0300601202404813,-0.355832025525605,-0.159832025525605
"17",2.75551102204409,0.191202085563412,-0.0300601202404813,-0.355832025525605,-0.159832025525605
"18",4.05811623246493,0.466756327027523,-0.0300601202404813,-0.355832025525605,-0.159832025525605
"19",4.13827655310621,0.687699824084858,-0.0300601202404813,-0.355832025525605,-0.159832025525605
"20",4.55911823647295,0.81586949343858,-0.0300601202404813,-0.355832025525605,-0.159832025525605
