"","x","yplot","target","ftrue","fwrong"
"1",-4.81963927855711,-0.565334640706085,-0.571142284569138,-0.0888323097478774,0.107167690252123
"2",-4.49899799599198,-0.385024653363344,-0.571142284569138,-0.0888323097478774,0.107167690252123
"3",-4.37875751503006,-0.331913008862495,-0.571142284569138,-0.0888323097478774,0.107167690252123
"4",-4.35871743486974,-0.529584217983357,-0.571142284569138,-0.0888323097478774,0.107167690252123
"5",-4.25851703406814,-0.756314705313054,-0.571142284569138,-0.0888323097478774,0.107167690252123
"6",-3.87775551102204,-0.708408662378936,-0.571142284569138,-0.0888323097478774,0.107167690252123
"7",-3.59719438877756,-0.638340067717786,-0.571142284569138,-0.0888323097478774,0.107167690252123
"8",-3.39679358717435,-0.784095257770854,-0.571142284569138,-0.0888323097478774,0.107167690252123
"9",-3.33667334669339,-0.764208402065325,-0.571142284569138,-0.0888323097478774,0.107167690252123
"10",-3.23647294589178,-0.961396465251668,-0.571142284569138,-0.0888323097478774,0.107167690252123
"11",-2.83567134268537,-0.98093130211705,-0.571142284569138,-0.0888323097478774,0.107167690252123
"12",-2.53507014028056,-1.02803314718794,-0.571142284569138,-0.0888323097478774,0.107167690252123
"13",-1.87374749498998,-0.539091808746645,-0.571142284569138,-0.0888323097478774,0.107167690252123
"14",-1.35270541082164,-0.63472206920486,-0.571142284569138,-0.0888323097478774,0.107167690252123
"15",-1.13226452905812,-0.330211085164255,-0.571142284569138,-0.0888323097478774,0.107167690252123
"16",-1.05210420841683,-0.447864450217733,-0.571142284569138,-0.0888323097478774,0.107167690252123
"17",-0.651302605210421,0.0048032646913598,-0.571142284569138,-0.0888323097478774,0.107167690252123
"18",-0.631262525050101,-0.232084678984212,-0.571142284569138,-0.0888323097478774,0.107167690252123
"19",-0.490981963927856,-0.222677644965364,-0.571142284569138,-0.0888323097478774,0.107167690252123
"20",-0.290581162324649,0.104093826501351,-0.571142284569138,-0.0888323097478774,0.107167690252123
"21",-0.270541082164329,-0.107134391569844,-0.571142284569138,-0.0888323097478774,0.107167690252123
"22",-0.150300601202405,0.21901926595556,-0.571142284569138,-0.0888323097478774,0.107167690252123
"23",-0.130260521042084,0.116870854788101,-0.571142284569138,-0.0888323097478774,0.107167690252123
"24",-0.0501002004008022,0.191625144945945,-0.571142284569138,-0.0888323097478774,0.107167690252123
"25",0.210420841683367,0.5825931936091,-0.571142284569138,-0.0888323097478774,0.107167690252123
"26",0.270541082164328,0.412194191168971,-0.571142284569138,-0.0888323097478774,0.107167690252123
"27",0.290581162324649,0.4311267171502,-0.571142284569138,-0.0888323097478774,0.107167690252123
"28",0.31062124248497,0.218015524702513,-0.571142284569138,-0.0888323097478774,0.107167690252123
"29",0.611222444889779,0.446972997726534,-0.571142284569138,-0.0888323097478774,0.107167690252123
"30",1.01202404809619,0.391469577863244,-0.571142284569138,-0.0888323097478774,0.107167690252123
"31",1.03206412825651,0.403528691993771,-0.571142284569138,-0.0888323097478774,0.107167690252123
"32",1.07214428857715,0.413531094589599,-0.571142284569138,-0.0888323097478774,0.107167690252123
"33",1.17234468937876,0.416268009017896,-0.571142284569138,-0.0888323097478774,0.107167690252123
"34",1.29258517034068,0.151676019080943,-0.571142284569138,-0.0888323097478774,0.107167690252123
"35",1.43286573146293,0.294550745946874,-0.571142284569138,-0.0888323097478774,0.107167690252123
"36",1.87374749498998,0.135588814650001,-0.571142284569138,-0.0888323097478774,0.107167690252123
"37",2.19438877755511,0.166014313284602,-0.571142284569138,-0.0888323097478774,0.107167690252123
"38",2.33466933867735,-0.0765819908230249,-0.571142284569138,-0.0888323097478774,0.107167690252123
"39",2.41482965931864,-0.0468377514018795,-0.571142284569138,-0.0888323097478774,0.107167690252123
"40",2.53507014028056,-0.0832095536218197,-0.571142284569138,-0.0888323097478774,0.107167690252123
"41",2.5751503006012,-0.0854104199802712,-0.571142284569138,-0.0888323097478774,0.107167690252123
"42",2.63527054108216,-0.0568219633648932,-0.571142284569138,-0.0888323097478774,0.107167690252123
"43",3.07615230460922,-0.418194403697699,-0.571142284569138,-0.0888323097478774,0.107167690252123
"44",3.45691382765531,-0.302566477715962,-0.571142284569138,-0.0888323097478774,0.107167690252123
"45",3.71743486973948,-0.370446781020996,-0.571142284569138,-0.0888323097478774,0.107167690252123
"46",3.91783567134268,-0.482616165073316,-0.571142284569138,-0.0888323097478774,0.107167690252123
"47",3.95791583166333,-0.330606032845406,-0.571142284569138,-0.0888323097478774,0.107167690252123
"48",4.11823647294589,-0.495355593896242,-0.571142284569138,-0.0888323097478774,0.107167690252123
"49",4.67935871743487,-0.286316678099494,-0.571142284569138,-0.0888323097478774,0.107167690252123
"50",4.91983967935872,-0.433572512023623,-0.571142284569138,-0.0888323097478774,0.107167690252123
