"","x","yplot","target","ftrue","fwrong"
"1",-4.73947895791583,0.648563685114028,-0.130260521042084,-0.228805751234629,-0.424805751234629
"2",-4.71943887775551,0.997505186910522,-0.130260521042084,-0.228805751234629,-0.424805751234629
"3",-4.53907815631263,0.842279118424273,-0.130260521042084,-0.228805751234629,-0.424805751234629
"4",-4.45891783567134,0.741155729981977,-0.130260521042084,-0.228805751234629,-0.424805751234629
"5",-4.07815631262525,0.943168059010474,-0.130260521042084,-0.228805751234629,-0.424805751234629
"6",-4.03807615230461,0.742763976311424,-0.130260521042084,-0.228805751234629,-0.424805751234629
"7",-3.97795591182365,0.718918616663529,-0.130260521042084,-0.228805751234629,-0.424805751234629
"8",-3.75751503006012,0.86473217541218,-0.130260521042084,-0.228805751234629,-0.424805751234629
"9",-3.71743486973948,0.70385142090753,-0.130260521042084,-0.228805751234629,-0.424805751234629
"10",-3.1563126252505,0.820208785533435,-0.130260521042084,-0.228805751234629,-0.424805751234629
"11",-3.03607214428858,0.71452979423856,-0.130260521042084,-0.228805751234629,-0.424805751234629
"12",-2.99599198396794,0.625738930195268,-0.130260521042084,-0.228805751234629,-0.424805751234629
"13",-2.75551102204409,0.572449739502214,-0.130260521042084,-0.228805751234629,-0.424805751234629
"14",-2.51503006012024,0.508847612602787,-0.130260521042084,-0.228805751234629,-0.424805751234629
"15",-1.87374749498998,0.170978030508533,-0.130260521042084,-0.228805751234629,-0.424805751234629
"16",-1.45290581162325,0.129641562266212,-0.130260521042084,-0.228805751234629,-0.424805751234629
"17",-1.03206412825651,-0.0745247198914265,-0.130260521042084,-0.228805751234629,-0.424805751234629
"18",-0.991983967935872,0.057959713739031,-0.130260521042084,-0.228805751234629,-0.424805751234629
"19",-0.93186372745491,0.00780567241014326,-0.130260521042084,-0.228805751234629,-0.424805751234629
"20",-0.791583166332665,-0.0211573760143593,-0.130260521042084,-0.228805751234629,-0.424805751234629
"21",-0.711422845691383,0.0175112977249711,-0.130260521042084,-0.228805751234629,-0.424805751234629
"22",-0.631262525050101,-0.204209067016402,-0.130260521042084,-0.228805751234629,-0.424805751234629
"23",-0.490981963927856,-0.140840039704966,-0.130260521042084,-0.228805751234629,-0.424805751234629
"24",-0.330661322645291,-0.241993033386835,-0.130260521042084,-0.228805751234629,-0.424805751234629
"25",-0.110220440881764,-0.198710372286598,-0.130260521042084,-0.228805751234629,-0.424805751234629
"26",0.190380761523046,-0.234885246550276,-0.130260521042084,-0.228805751234629,-0.424805751234629
"27",0.470941883767535,-0.491620265715551,-0.130260521042084,-0.228805751234629,-0.424805751234629
"28",0.611222444889779,-0.571452426730792,-0.130260521042084,-0.228805751234629,-0.424805751234629
"29",0.6312625250501,-0.491749543550283,-0.130260521042084,-0.228805751234629,-0.424805751234629
"30",0.711422845691382,-0.537325129766386,-0.130260521042084,-0.228805751234629,-0.424805751234629
"31",0.731462925851703,-0.584487186884452,-0.130260521042084,-0.228805751234629,-0.424805751234629
"32",0.93186372745491,-0.572590145831974,-0.130260521042084,-0.228805751234629,-0.424805751234629
"33",1.05210420841683,-0.446408201106613,-0.130260521042084,-0.228805751234629,-0.424805751234629
"34",1.53306613226453,-0.582399464759324,-0.130260521042084,-0.228805751234629,-0.424805751234629
"35",1.63326653306613,-0.573775725524927,-0.130260521042084,-0.228805751234629,-0.424805751234629
"36",1.67334669338677,-0.588610820009618,-0.130260521042084,-0.228805751234629,-0.424805751234629
"37",1.85370741482966,-0.577963853521374,-0.130260521042084,-0.228805751234629,-0.424805751234629
"38",2.5751503006012,-0.633435874722362,-0.130260521042084,-0.228805751234629,-0.424805751234629
"39",2.73547094188377,-0.770725419122513,-0.130260521042084,-0.228805751234629,-0.424805751234629
"40",2.87575150300601,-0.747821492037781,-0.130260521042084,-0.228805751234629,-0.424805751234629
"41",2.89579158316633,-0.489242137405029,-0.130260521042084,-0.228805751234629,-0.424805751234629
"42",2.91583166332665,-0.67593415300318,-0.130260521042084,-0.228805751234629,-0.424805751234629
"43",2.97595190380761,-0.499576673592777,-0.130260521042084,-0.228805751234629,-0.424805751234629
"44",3.19639278557114,-0.396793288871042,-0.130260521042084,-0.228805751234629,-0.424805751234629
"45",3.31663326653307,-0.384547306941576,-0.130260521042084,-0.228805751234629,-0.424805751234629
"46",3.8376753507014,-0.253257332691512,-0.130260521042084,-0.228805751234629,-0.424805751234629
"47",4.21843687374749,-0.12908292525554,-0.130260521042084,-0.228805751234629,-0.424805751234629
"48",4.23847695390782,-0.184335092708232,-0.130260521042084,-0.228805751234629,-0.424805751234629
"49",4.33867735470942,-0.125976244891773,-0.130260521042084,-0.228805751234629,-0.424805751234629
"50",4.71943887775551,-0.052506237970981,-0.130260521042084,-0.228805751234629,-0.424805751234629
