"","x","yplot","target","ftrue","fwrong"
"1",-4.8997995991984,0.261892542286504,-2.11422845691383,-0.198320979203236,-0.00232097920323557
"2",-4.29859719438878,0.758186963388513,-2.11422845691383,-0.198320979203236,-0.00232097920323557
"3",-4.27855711422846,0.646913586068275,-2.11422845691383,-0.198320979203236,-0.00232097920323557
"4",-4.15831663326653,0.762760691612967,-2.11422845691383,-0.198320979203236,-0.00232097920323557
"5",-3.13627254509018,0.83057202485368,-2.11422845691383,-0.198320979203236,-0.00232097920323557
"6",-2.97595190380762,0.677394573868562,-2.11422845691383,-0.198320979203236,-0.00232097920323557
"7",-2.89579158316633,0.515310227826049,-2.11422845691383,-0.198320979203236,-0.00232097920323557
"8",-2.87575150300601,0.297875845590582,-2.11422845691383,-0.198320979203236,-0.00232097920323557
"9",-2.85571142284569,0.314428883618039,-2.11422845691383,-0.198320979203236,-0.00232097920323557
"10",-2.71543086172345,0.267128993224721,-2.11422845691383,-0.198320979203236,-0.00232097920323557
"11",-2.59519038076152,0.225056229822966,-2.11422845691383,-0.198320979203236,-0.00232097920323557
"12",-2.11422845691383,-0.0203759746351384,-2.11422845691383,-0.198320979203236,-0.00232097920323557
"13",-1.95390781563126,-0.106783674943424,-2.11422845691383,-0.198320979203236,-0.00232097920323557
"14",-1.85370741482966,-0.316215190474632,-2.11422845691383,-0.198320979203236,-0.00232097920323557
"15",-1.75350701402806,-0.301732278818879,-2.11422845691383,-0.198320979203236,-0.00232097920323557
"16",-1.69338677354709,-0.31891842555787,-2.11422845691383,-0.198320979203236,-0.00232097920323557
"17",-1.2124248496994,-0.140592880264969,-2.11422845691383,-0.198320979203236,-0.00232097920323557
"18",-0.91182364729459,-0.0502869394295077,-2.11422845691383,-0.198320979203236,-0.00232097920323557
"19",-0.470941883767535,0.182629453727928,-2.11422845691383,-0.198320979203236,-0.00232097920323557
"20",-0.170340681362726,0.288778354549488,-2.11422845691383,-0.198320979203236,-0.00232097920323557
"21",0.150300601202405,0.728598110064569,-2.11422845691383,-0.198320979203236,-0.00232097920323557
"22",1.07214428857715,0.867916282558199,-2.11422845691383,-0.198320979203236,-0.00232097920323557
"23",1.83366733466934,0.793455494356089,-2.11422845691383,-0.198320979203236,-0.00232097920323557
"24",2.19438877755511,0.540724404521103,-2.11422845691383,-0.198320979203236,-0.00232097920323557
"25",2.25450901803607,0.503590907498433,-2.11422845691383,-0.198320979203236,-0.00232097920323557
"26",2.35470941883768,0.375035830281358,-2.11422845691383,-0.198320979203236,-0.00232097920323557
"27",2.41482965931864,0.296535163863264,-2.11422845691383,-0.198320979203236,-0.00232097920323557
"28",2.4749498997996,0.354123041051626,-2.11422845691383,-0.198320979203236,-0.00232097920323557
"29",2.61523046092184,0.377431876103959,-2.11422845691383,-0.198320979203236,-0.00232097920323557
"30",3.11623246492986,0.177851100608763,-2.11422845691383,-0.198320979203236,-0.00232097920323557
"31",3.17635270541082,0.14218622798451,-2.11422845691383,-0.198320979203236,-0.00232097920323557
"32",3.53707414829659,0.218626610207697,-2.11422845691383,-0.198320979203236,-0.00232097920323557
"33",4.05811623246493,0.250312296008499,-2.11422845691383,-0.198320979203236,-0.00232097920323557
"34",4.07815631262525,0.30449835081062,-2.11422845691383,-0.198320979203236,-0.00232097920323557
"35",4.55911823647295,0.520319406248385,-2.11422845691383,-0.198320979203236,-0.00232097920323557
"36",4.57915831663327,0.416178336318129,-2.11422845691383,-0.198320979203236,-0.00232097920323557
"37",4.65931863727455,0.594573909011606,-2.11422845691383,-0.198320979203236,-0.00232097920323557
"38",4.75951903807615,0.560507173298815,-2.11422845691383,-0.198320979203236,-0.00232097920323557
"39",4.85971943887776,0.597585827234212,-2.11422845691383,-0.198320979203236,-0.00232097920323557
"40",4.97995991983968,0.698644470713442,-2.11422845691383,-0.198320979203236,-0.00232097920323557
