"","x","yplot","target","ftrue","fwrong"
"1",-4.79959919839679,-0.344133492183795,-3.81763527054108,-0.671385923732178,-0.867385923732178
"2",-4.73947895791583,-0.175208550363019,-3.81763527054108,-0.671385923732178,-0.867385923732178
"3",-4.71943887775551,-0.276713163504189,-3.81763527054108,-0.671385923732178,-0.867385923732178
"4",-4.53907815631263,-0.453976445808048,-3.81763527054108,-0.671385923732178,-0.867385923732178
"5",-4.3186372745491,-0.487661996508349,-3.81763527054108,-0.671385923732178,-0.867385923732178
"6",-4.25851703406814,-0.362565923054803,-3.81763527054108,-0.671385923732178,-0.867385923732178
"7",-4.07815631262525,-0.702789748434612,-3.81763527054108,-0.671385923732178,-0.867385923732178
"8",-3.93787575150301,-0.585515885711418,-3.81763527054108,-0.671385923732178,-0.867385923732178
"9",-3.81763527054108,-0.833826940005048,-3.81763527054108,-0.671385923732178,-0.867385923732178
"10",-3.75751503006012,-0.666391532200164,-3.81763527054108,-0.671385923732178,-0.867385923732178
"11",-3.65731462925852,-0.624520237181728,-3.81763527054108,-0.671385923732178,-0.867385923732178
"12",-3.59719438877756,-0.698202350569238,-3.81763527054108,-0.671385923732178,-0.867385923732178
"13",-3.57715430861723,-0.576232372270925,-3.81763527054108,-0.671385923732178,-0.867385923732178
"14",-3.41683366733467,-0.733438350034257,-3.81763527054108,-0.671385923732178,-0.867385923732178
"15",-3.35671342685371,-0.616453727911904,-3.81763527054108,-0.671385923732178,-0.867385923732178
"16",-3.31663326653307,-0.709005327699969,-3.81763527054108,-0.671385923732178,-0.867385923732178
"17",-3.27655310621242,-0.998926720588559,-3.81763527054108,-0.671385923732178,-0.867385923732178
"18",-3.23647294589178,-1.0499064746461,-3.81763527054108,-0.671385923732178,-0.867385923732178
"19",-3.11623246492986,-0.811153815031831,-3.81763527054108,-0.671385923732178,-0.867385923732178
"20",-3.07615230460922,-0.747133622206448,-3.81763527054108,-0.671385923732178,-0.867385923732178
"21",-3.03607214428858,-0.65784574179622,-3.81763527054108,-0.671385923732178,-0.867385923732178
"22",-1.7935871743487,-0.678181613655744,-3.81763527054108,-0.671385923732178,-0.867385923732178
"23",-1.1122244488978,-0.349102903202558,-3.81763527054108,-0.671385923732178,-0.867385923732178
"24",-0.631262525050101,-0.170970527308301,-3.81763527054108,-0.671385923732178,-0.867385923732178
"25",-0.0901803607214431,0.0592887456421157,-3.81763527054108,-0.671385923732178,-0.867385923732178
"26",0.651302605210421,0.383175669441204,-3.81763527054108,-0.671385923732178,-0.867385923732178
"27",0.93186372745491,0.720633632737958,-3.81763527054108,-0.671385923732178,-0.867385923732178
"28",2.13426853707415,0.468164831404524,-3.81763527054108,-0.671385923732178,-0.867385923732178
"29",4.33867735470942,-0.228764375772684,-3.81763527054108,-0.671385923732178,-0.867385923732178
"30",4.63927855711423,-0.374609008840278,-3.81763527054108,-0.671385923732178,-0.867385923732178
