"","x","yplot","target","ftrue","fwrong"
"1",-4.59919839679359,-0.441875218935009,0.490981963927855,0.563870002984993,0.759870002984993
"2",-3.95791583166333,-0.504767147961394,0.490981963927855,0.563870002984993,0.759870002984993
"3",-3.47695390781563,-0.281493731070183,0.490981963927855,0.563870002984993,0.759870002984993
"4",-3.43687374749499,-0.540718514880792,0.490981963927855,0.563870002984993,0.759870002984993
"5",-2.97595190380762,-0.306548396028122,0.490981963927855,0.563870002984993,0.759870002984993
"6",-2.69539078156313,-0.178724427537852,0.490981963927855,0.563870002984993,0.759870002984993
"7",-2.13426853707415,-0.231514545364219,0.490981963927855,0.563870002984993,0.759870002984993
"8",-1.75350701402806,0.105369214378356,0.490981963927855,0.563870002984993,0.759870002984993
"9",-1.59318637274549,-0.0935415282706075,0.490981963927855,0.563870002984993,0.759870002984993
"10",-1.47294589178357,0.113490486853163,0.490981963927855,0.563870002984993,0.759870002984993
"11",-1.07214428857715,0.326025794183746,0.490981963927855,0.563870002984993,0.759870002984993
"12",-0.971943887775551,0.345831042819499,0.490981963927855,0.563870002984993,0.759870002984993
"13",-0.871743486973948,0.0649955074788277,0.490981963927855,0.563870002984993,0.759870002984993
"14",-0.671342685370742,0.249589581763223,0.490981963927855,0.563870002984993,0.759870002984993
"15",-0.531062124248497,0.406070121737048,0.490981963927855,0.563870002984993,0.759870002984993
"16",-0.450901803607215,0.352612267832321,0.490981963927855,0.563870002984993,0.759870002984993
"17",-0.430861723446894,0.177352750169696,0.490981963927855,0.563870002984993,0.759870002984993
"18",-0.330661322645291,0.399761894012682,0.490981963927855,0.563870002984993,0.759870002984993
"19",-0.190380761523047,0.518294058323572,0.490981963927855,0.563870002984993,0.759870002984993
"20",-0.0300601202404813,0.477711117519018,0.490981963927855,0.563870002984993,0.759870002984993
"21",0.0701402805611222,0.382441968386133,0.490981963927855,0.563870002984993,0.759870002984993
"22",0.0901803607214431,0.478736616812891,0.490981963927855,0.563870002984993,0.759870002984993
"23",0.150300601202405,0.384571607866694,0.490981963927855,0.563870002984993,0.759870002984993
"24",0.230460921843687,0.446216936240504,0.490981963927855,0.563870002984993,0.759870002984993
"25",0.410821643286573,0.397072515022582,0.490981963927855,0.563870002984993,0.759870002984993
"26",0.511022044088176,0.69755722087564,0.490981963927855,0.563870002984993,0.759870002984993
"27",0.531062124248497,0.683167950962016,0.490981963927855,0.563870002984993,0.759870002984993
"28",0.771543086172344,0.728954960129096,0.490981963927855,0.563870002984993,0.759870002984993
"29",1.07214428857715,0.574654616590159,0.490981963927855,0.563870002984993,0.759870002984993
"30",1.1122244488978,0.912037212661683,0.490981963927855,0.563870002984993,0.759870002984993
"31",1.77354709418838,0.913854253311402,0.490981963927855,0.563870002984993,0.759870002984993
"32",2.09418837675351,0.820964053901161,0.490981963927855,0.563870002984993,0.759870002984993
"33",2.21442885771543,0.965343652357246,0.490981963927855,0.563870002984993,0.759870002984993
"34",2.27454909819639,0.739735737045241,0.490981963927855,0.563870002984993,0.759870002984993
"35",2.43486973947896,0.75247569474007,0.490981963927855,0.563870002984993,0.759870002984993
"36",2.65531062124249,0.841571236035397,0.490981963927855,0.563870002984993,0.759870002984993
"37",2.89579158316633,0.717977319392576,0.490981963927855,0.563870002984993,0.759870002984993
"38",3.01603206412826,0.878270301017229,0.490981963927855,0.563870002984993,0.759870002984993
"39",3.11623246492986,0.918815736632736,0.490981963927855,0.563870002984993,0.759870002984993
"40",3.27655310621243,0.814124467775235,0.490981963927855,0.563870002984993,0.759870002984993
"41",3.57715430861723,1.02783676441835,0.490981963927855,0.563870002984993,0.759870002984993
"42",3.7374749498998,0.866432563457726,0.490981963927855,0.563870002984993,0.759870002984993
"43",3.85771543086172,0.824109129089795,0.490981963927855,0.563870002984993,0.759870002984993
"44",3.99799599198397,0.747985809069184,0.490981963927855,0.563870002984993,0.759870002984993
"45",4.13827655310621,0.913834294529708,0.490981963927855,0.563870002984993,0.759870002984993
"46",4.25851703406814,0.831229497534734,0.490981963927855,0.563870002984993,0.759870002984993
"47",4.43887775551102,0.669464628144456,0.490981963927855,0.563870002984993,0.759870002984993
"48",4.61923847695391,0.73017142861899,0.490981963927855,0.563870002984993,0.759870002984993
"49",4.73947895791583,0.796813627875916,0.490981963927855,0.563870002984993,0.759870002984993
"50",4.79959919839679,0.723139347037445,0.490981963927855,0.563870002984993,0.759870002984993
