"","x","yplot","target","ftrue","fwrong"
"1",-4.65931863727455,-0.311977868012998,0.711422845691382,-0.432198716487598,-0.236198716487598
"2",-3.03607214428858,-0.384488590298986,0.711422845691382,-0.432198716487598,-0.236198716487598
"3",-2.77555110220441,-0.457988232887973,0.711422845691382,-0.432198716487598,-0.236198716487598
"4",-0.0300601202404813,-0.700980330226909,0.711422845691382,-0.432198716487598,-0.236198716487598
"5",0.150300601202405,-0.62000733378812,0.711422845691382,-0.432198716487598,-0.236198716487598
"6",0.33066132264529,-0.629964925924391,0.711422845691382,-0.432198716487598,-0.236198716487598
"7",1.07214428857715,-0.426710341986769,0.711422845691382,-0.432198716487598,-0.236198716487598
"8",1.19238476953908,-0.133509051728895,0.711422845691382,-0.432198716487598,-0.236198716487598
"9",1.47294589178357,-0.116105034387314,0.711422845691382,-0.432198716487598,-0.236198716487598
"10",1.69338677354709,-0.0709363886761295,0.711422845691382,-0.432198716487598,-0.236198716487598
