"","x","yplot","target","ftrue","fwrong"
"1",-4.93987975951904,-0.655678270601681,4.87975951903808,0.307406181139304,0.503406181139304
"2",-4.79959919839679,-0.625882010642994,4.87975951903808,0.307406181139304,0.503406181139304
"3",-4.4188376753507,-0.353274051644095,4.87975951903808,0.307406181139304,0.503406181139304
"4",-4.15831663326653,-0.199009368096295,4.87975951903808,0.307406181139304,0.503406181139304
"5",-3.69739478957916,-0.0563027886340411,4.87975951903808,0.307406181139304,0.503406181139304
"6",-3.53707414829659,-0.00626990407258274,4.87975951903808,0.307406181139304,0.503406181139304
"7",-3.41683366733467,-0.148475836019952,4.87975951903808,0.307406181139304,0.503406181139304
"8",-2.63527054108216,0.315323965174596,4.87975951903808,0.307406181139304,0.503406181139304
"9",-2.17434869739479,0.685143663236662,4.87975951903808,0.307406181139304,0.503406181139304
"10",-1.93386773547094,0.588520467678994,4.87975951903808,0.307406181139304,0.503406181139304
"11",-1.23246492985972,0.542616475631843,4.87975951903808,0.307406181139304,0.503406181139304
"12",-1.2124248496994,0.690525182541404,4.87975951903808,0.307406181139304,0.503406181139304
"13",-1.1122244488978,0.716118870797349,4.87975951903808,0.307406181139304,0.503406181139304
"14",0.0100200400801604,0.712585309211236,4.87975951903808,0.307406181139304,0.503406181139304
"15",0.6312625250501,0.500651649952923,4.87975951903808,0.307406181139304,0.503406181139304
"16",0.651302605210421,0.247238179513714,4.87975951903808,0.307406181139304,0.503406181139304
"17",1.05210420841683,0.466631282332225,4.87975951903808,0.307406181139304,0.503406181139304
"18",1.39278557114228,0.461617534398885,4.87975951903808,0.307406181139304,0.503406181139304
"19",2.19438877755511,0.278131591415437,4.87975951903808,0.307406181139304,0.503406181139304
"20",2.51503006012024,0.293606341057568,4.87975951903808,0.307406181139304,0.503406181139304
"21",3.8376753507014,0.345516346491014,4.87975951903808,0.307406181139304,0.503406181139304
"22",3.89779559118236,0.176848684058741,4.87975951903808,0.307406181139304,0.503406181139304
"23",3.91783567134268,0.188538834350914,4.87975951903808,0.307406181139304,0.503406181139304
"24",3.95791583166333,0.202001023594996,4.87975951903808,0.307406181139304,0.503406181139304
"25",4.27855711422846,0.207852761777454,4.87975951903808,0.307406181139304,0.503406181139304
"26",4.37875751503006,0.276821973012949,4.87975951903808,0.307406181139304,0.503406181139304
"27",4.57915831663327,0.393353411355339,4.87975951903808,0.307406181139304,0.503406181139304
"28",4.61923847695391,0.302498153901316,4.87975951903808,0.307406181139304,0.503406181139304
"29",4.83967935871743,0.356176851256674,4.87975951903808,0.307406181139304,0.503406181139304
"30",4.87975951903808,0.227159461776884,4.87975951903808,0.307406181139304,0.503406181139304
