"","x","yplot","target","ftrue","fwrong"
"1",-4.77955911823647,-0.550376070288934,2.11422845691383,0.624767256809707,0.820767256809707
"2",-3.49699398797595,-0.265461889267495,2.11422845691383,0.624767256809707,0.820767256809707
"3",-3.19639278557114,-0.383797565435053,2.11422845691383,0.624767256809707,0.820767256809707
"4",-2.81563126252505,-0.38456282237154,2.11422845691383,0.624767256809707,0.820767256809707
"5",-2.69539078156313,-0.418499569681832,2.11422845691383,0.624767256809707,0.820767256809707
"6",-2.5751503006012,-0.315354034673613,2.11422845691383,0.624767256809707,0.820767256809707
"7",-2.35470941883768,-0.266424348675877,2.11422845691383,0.624767256809707,0.820767256809707
"8",-1.91382765531062,-0.300152162508003,2.11422845691383,0.624767256809707,0.820767256809707
"9",-1.45290581162325,-0.175707205914626,2.11422845691383,0.624767256809707,0.820767256809707
"10",-1.2124248496994,0.081354034758554,2.11422845691383,0.624767256809707,0.820767256809707
"11",-0.531062124248497,0.175817786937307,2.11422845691383,0.624767256809707,0.820767256809707
"12",0.390781563126252,0.372571888836498,2.11422845691383,0.624767256809707,0.820767256809707
"13",1.13226452905812,0.379701323544603,2.11422845691383,0.624767256809707,0.820767256809707
"14",1.17234468937876,0.203566888921037,2.11422845691383,0.624767256809707,0.820767256809707
"15",1.27254509018036,0.431881411173124,2.11422845691383,0.624767256809707,0.820767256809707
"16",1.33266533066132,0.224644042849859,2.11422845691383,0.624767256809707,0.820767256809707
"17",1.35270541082164,0.554706083591454,2.11422845691383,0.624767256809707,0.820767256809707
"18",1.39278557114228,0.47148834329922,2.11422845691383,0.624767256809707,0.820767256809707
"19",1.4128256513026,0.39780947774181,2.11422845691383,0.624767256809707,0.820767256809707
"20",1.51302605210421,0.538131757119854,2.11422845691383,0.624767256809707,0.820767256809707
"21",1.53306613226453,0.525586001884017,2.11422845691383,0.624767256809707,0.820767256809707
"22",1.55310621242485,0.446241662313676,2.11422845691383,0.624767256809707,0.820767256809707
"23",1.65330661322645,0.358259223018635,2.11422845691383,0.624767256809707,0.820767256809707
"24",1.73346693386774,0.604818401384792,2.11422845691383,0.624767256809707,0.820767256809707
"25",1.85370741482966,0.619329385451476,2.11422845691383,0.624767256809707,0.820767256809707
"26",1.8937875751503,0.658360174134209,2.11422845691383,0.624767256809707,0.820767256809707
"27",1.91382765531062,0.544027458645188,2.11422845691383,0.624767256809707,0.820767256809707
"28",1.93386773547094,0.57612502959561,2.11422845691383,0.624767256809707,0.820767256809707
"29",1.97394789579158,0.424212251828994,2.11422845691383,0.624767256809707,0.820767256809707
"30",1.9939879759519,0.549856403035937,2.11422845691383,0.624767256809707,0.820767256809707
"31",2.01402805611222,0.675128466027195,2.11422845691383,0.624767256809707,0.820767256809707
"32",2.03406813627254,0.61413985687861,2.11422845691383,0.624767256809707,0.820767256809707
"33",2.15430861723447,0.540963640219993,2.11422845691383,0.624767256809707,0.820767256809707
"34",2.29458917835671,0.746848868927555,2.11422845691383,0.624767256809707,0.820767256809707
"35",2.374749498998,0.775394325988491,2.11422845691383,0.624767256809707,0.820767256809707
"36",2.4749498997996,0.654913862183613,2.11422845691383,0.624767256809707,0.820767256809707
"37",2.55511022044088,0.638444865746336,2.11422845691383,0.624767256809707,0.820767256809707
"38",2.5751503006012,0.708025326899844,2.11422845691383,0.624767256809707,0.820767256809707
"39",2.59519038076152,0.69624851195526,2.11422845691383,0.624767256809707,0.820767256809707
"40",2.65531062124249,0.814381994447655,2.11422845691383,0.624767256809707,0.820767256809707
"41",2.67535070140281,0.784128800337637,2.11422845691383,0.624767256809707,0.820767256809707
"42",2.71543086172345,0.866630550276952,2.11422845691383,0.624767256809707,0.820767256809707
"43",2.73547094188377,0.822969692803482,2.11422845691383,0.624767256809707,0.820767256809707
"44",2.83567134268537,0.813160314785778,2.11422845691383,0.624767256809707,0.820767256809707
"45",2.97595190380761,0.912459419995348,2.11422845691383,0.624767256809707,0.820767256809707
"46",2.99599198396794,0.798518228157854,2.11422845691383,0.624767256809707,0.820767256809707
"47",3.03607214428858,1.00614108024707,2.11422845691383,0.624767256809707,0.820767256809707
"48",3.45691382765531,1.04852902350228,2.11422845691383,0.624767256809707,0.820767256809707
"49",4.3186372745491,0.887601245949087,2.11422845691383,0.624767256809707,0.820767256809707
"50",4.85971943887776,0.949972498166982,2.11422845691383,0.624767256809707,0.820767256809707
