"","x","yplot","target","ftrue","fwrong"
"1",-4.63927855711423,0.679328458986657,2.17434869739479,0.0991905455801857,-0.0968094544198143
"2",-4.57915831663327,0.538475234585326,2.17434869739479,0.0991905455801857,-0.0968094544198143
"3",-3.45691382765531,0.51458810276803,2.17434869739479,0.0991905455801857,-0.0968094544198143
"4",-2.11422845691383,0.110674640226534,2.17434869739479,0.0991905455801857,-0.0968094544198143
"5",-0.0701402805611222,0.0610731957923194,2.17434869739479,0.0991905455801857,-0.0968094544198143
"6",0.150300601202405,0.0296093952561028,2.17434869739479,0.0991905455801857,-0.0968094544198143
"7",1.19238476953908,-0.0373320181759799,2.17434869739479,0.0991905455801857,-0.0968094544198143
"8",1.25250501002004,-0.0216680554780997,2.17434869739479,0.0991905455801857,-0.0968094544198143
"9",1.312625250501,-0.242916432244261,2.17434869739479,0.0991905455801857,-0.0968094544198143
"10",1.33266533066132,-0.0881821273492894,2.17434869739479,0.0991905455801857,-0.0968094544198143
"11",1.37274549098196,-0.0533243804592594,2.17434869739479,0.0991905455801857,-0.0968094544198143
"12",1.4128256513026,0.0582370784839106,2.17434869739479,0.0991905455801857,-0.0968094544198143
"13",1.57314629258517,-0.172438140001596,2.17434869739479,0.0991905455801857,-0.0968094544198143
"14",1.63326653306613,-0.0117031047351555,2.17434869739479,0.0991905455801857,-0.0968094544198143
"15",1.65330661322645,-0.0769061054365377,2.17434869739479,0.0991905455801857,-0.0968094544198143
"16",1.7935871743487,-0.099581971866976,2.17434869739479,0.0991905455801857,-0.0968094544198143
"17",1.81362725450902,0.0638322779177094,2.17434869739479,0.0991905455801857,-0.0968094544198143
"18",1.93386773547094,0.163484109705721,2.17434869739479,0.0991905455801857,-0.0968094544198143
"19",2.09418837675351,-0.0294094728462721,2.17434869739479,0.0991905455801857,-0.0968094544198143
"20",2.35470941883768,0.188974424011365,2.17434869739479,0.0991905455801857,-0.0968094544198143
"21",2.41482965931864,0.209841828369579,2.17434869739479,0.0991905455801857,-0.0968094544198143
"22",2.51503006012024,0.312679796397818,2.17434869739479,0.0991905455801857,-0.0968094544198143
"23",2.63527054108216,0.337082619068578,2.17434869739479,0.0991905455801857,-0.0968094544198143
"24",2.69539078156313,0.254450393829997,2.17434869739479,0.0991905455801857,-0.0968094544198143
"25",2.87575150300601,0.164072816317953,2.17434869739479,0.0991905455801857,-0.0968094544198143
"26",2.99599198396794,0.186654880356096,2.17434869739479,0.0991905455801857,-0.0968094544198143
"27",3.03607214428858,0.387955061251018,2.17434869739479,0.0991905455801857,-0.0968094544198143
"28",3.29659318637274,0.372764198762282,2.17434869739479,0.0991905455801857,-0.0968094544198143
"29",3.8376753507014,0.250603667064113,2.17434869739479,0.0991905455801857,-0.0968094544198143
"30",4.71943887775551,-0.328319078992057,2.17434869739479,0.0991905455801857,-0.0968094544198143
