"","x","yplot","target","ftrue","fwrong"
"1",-4.69939879759519,0.83565137645086,3.23647294589178,-0.0479614240721798,0.14803857592782
"2",-3.97795591182365,0.869317924342048,3.23647294589178,-0.0479614240721798,0.14803857592782
"3",-3.2565130260521,0.777826573924137,3.23647294589178,-0.0479614240721798,0.14803857592782
"4",-2.97595190380762,0.986812568567098,3.23647294589178,-0.0479614240721798,0.14803857592782
"5",-1.47294589178357,0.677067454321319,3.23647294589178,-0.0479614240721798,0.14803857592782
"6",-1.43286573146293,0.67233410628352,3.23647294589178,-0.0479614240721798,0.14803857592782
"7",-1.07214428857715,0.81223678508538,3.23647294589178,-0.0479614240721798,0.14803857592782
"8",-0.470941883767535,0.80527870287298,3.23647294589178,-0.0479614240721798,0.14803857592782
"9",0.0300601202404804,0.681984562049797,3.23647294589178,-0.0479614240721798,0.14803857592782
"10",0.350701402805611,0.599796558536772,3.23647294589178,-0.0479614240721798,0.14803857592782
"11",0.991983967935871,0.56379263819177,3.23647294589178,-0.0479614240721798,0.14803857592782
"12",1.57314629258517,0.458787949625172,3.23647294589178,-0.0479614240721798,0.14803857592782
"13",1.83366733466934,0.36185356792131,3.23647294589178,-0.0479614240721798,0.14803857592782
"14",1.97394789579158,0.360528279989185,3.23647294589178,-0.0479614240721798,0.14803857592782
"15",2.31462925851703,0.226572482820216,3.23647294589178,-0.0479614240721798,0.14803857592782
"16",2.41482965931864,0.177008191248881,3.23647294589178,-0.0479614240721798,0.14803857592782
"17",2.49498997995992,0.450443613430533,3.23647294589178,-0.0479614240721798,0.14803857592782
"18",2.61523046092184,0.0402631682042339,3.23647294589178,-0.0479614240721798,0.14803857592782
"19",2.69539078156313,0.149548941633406,3.23647294589178,-0.0479614240721798,0.14803857592782
"20",2.73547094188377,0.111284400941794,3.23647294589178,-0.0479614240721798,0.14803857592782
"21",2.75551102204409,0.126326678813925,3.23647294589178,-0.0479614240721798,0.14803857592782
"22",2.79559118236473,0.0514785181807164,3.23647294589178,-0.0479614240721798,0.14803857592782
"23",2.83567134268537,0.229107356259663,3.23647294589178,-0.0479614240721798,0.14803857592782
"24",2.85571142284569,0.128302448127005,3.23647294589178,-0.0479614240721798,0.14803857592782
"25",2.87575150300601,0.0281507731498923,3.23647294589178,-0.0479614240721798,0.14803857592782
"26",2.89579158316633,0.167591944822422,3.23647294589178,-0.0479614240721798,0.14803857592782
"27",3.01603206412826,0.013774571547057,3.23647294589178,-0.0479614240721798,0.14803857592782
"28",3.0561122244489,-0.0359847362211594,3.23647294589178,-0.0479614240721798,0.14803857592782
"29",3.17635270541082,-0.107351600794862,3.23647294589178,-0.0479614240721798,0.14803857592782
"30",3.29659318637274,0.0951311765287483,3.23647294589178,-0.0479614240721798,0.14803857592782
"31",3.31663326653307,-0.198908551965852,3.23647294589178,-0.0479614240721798,0.14803857592782
"32",3.35671342685371,0.0473625343506004,3.23647294589178,-0.0479614240721798,0.14803857592782
"33",3.41683366733467,-0.0132149215919909,3.23647294589178,-0.0479614240721798,0.14803857592782
"34",3.43687374749499,-0.0887445249683379,3.23647294589178,-0.0479614240721798,0.14803857592782
"35",3.47695390781563,-0.0672106847804147,3.23647294589178,-0.0479614240721798,0.14803857592782
"36",3.49699398797595,-0.133171251220817,3.23647294589178,-0.0479614240721798,0.14803857592782
"37",3.51703406813627,-0.332011518510033,3.23647294589178,-0.0479614240721798,0.14803857592782
"38",3.57715430861723,-0.332371037338922,3.23647294589178,-0.0479614240721798,0.14803857592782
"39",3.59719438877755,-0.111322350336595,3.23647294589178,-0.0479614240721798,0.14803857592782
"40",3.61723446893788,0.00995371615548191,3.23647294589178,-0.0479614240721798,0.14803857592782
"41",3.6372745490982,-0.059278985229821,3.23647294589178,-0.0479614240721798,0.14803857592782
"42",3.79759519038076,-0.211646982774047,3.23647294589178,-0.0479614240721798,0.14803857592782
"43",3.81763527054108,-0.184717317821855,3.23647294589178,-0.0479614240721798,0.14803857592782
"44",3.87775551102204,-0.219887793292618,3.23647294589178,-0.0479614240721798,0.14803857592782
"45",4.03807615230461,-0.168316540669149,3.23647294589178,-0.0479614240721798,0.14803857592782
"46",4.07815631262525,-0.242981556242285,3.23647294589178,-0.0479614240721798,0.14803857592782
"47",4.11823647294589,-0.102816884486316,3.23647294589178,-0.0479614240721798,0.14803857592782
"48",4.13827655310621,-0.374411234171727,3.23647294589178,-0.0479614240721798,0.14803857592782
"49",4.19839679358717,-0.23314157660381,3.23647294589178,-0.0479614240721798,0.14803857592782
"50",4.87975951903808,-0.35486183920038,3.23647294589178,-0.0479614240721798,0.14803857592782
