"","x","yplot","target","ftrue","fwrong"
"1",-4.71943887775551,-0.787769807043088,-3.75751503006012,0.0145763760923849,0.210576376092385
"2",-4.69939879759519,-0.626092049076228,-3.75751503006012,0.0145763760923849,0.210576376092385
"3",-4.67935871743487,-0.666703677677962,-3.75751503006012,0.0145763760923849,0.210576376092385
"4",-4.61923847695391,-0.656402103545906,-3.75751503006012,0.0145763760923849,0.210576376092385
"5",-4.57915831663327,-0.528729139520268,-3.75751503006012,0.0145763760923849,0.210576376092385
"6",-4.55911823647295,-0.697570297974302,-3.75751503006012,0.0145763760923849,0.210576376092385
"7",-4.37875751503006,-0.520190979372252,-3.75751503006012,0.0145763760923849,0.210576376092385
"8",-4.33867735470942,-0.444004963319309,-3.75751503006012,0.0145763760923849,0.210576376092385
"9",-4.25851703406814,-0.295468257772281,-3.75751503006012,0.0145763760923849,0.210576376092385
"10",-3.99799599198397,-0.110131414966612,-3.75751503006012,0.0145763760923849,0.210576376092385
"11",-3.89779559118236,-0.0206187039025052,-3.75751503006012,0.0145763760923849,0.210576376092385
"12",-3.77755511022044,0.0183011508735064,-3.75751503006012,0.0145763760923849,0.210576376092385
"13",-3.71743486973948,0.106825799125791,-3.75751503006012,0.0145763760923849,0.210576376092385
"14",-3.67735470941884,0.0796836631022673,-3.75751503006012,0.0145763760923849,0.210576376092385
"15",-3.61723446893788,0.101077696076042,-3.75751503006012,0.0145763760923849,0.210576376092385
"16",-3.33667334669339,0.216424392760881,-3.75751503006012,0.0145763760923849,0.210576376092385
"17",-3.31663326653307,0.408271643334384,-3.75751503006012,0.0145763760923849,0.210576376092385
"18",-3.2565130260521,0.48895043800549,-3.75751503006012,0.0145763760923849,0.210576376092385
"19",-3.19639278557114,0.408826780295637,-3.75751503006012,0.0145763760923849,0.210576376092385
"20",-2.95591182364729,0.419367134909507,-3.75751503006012,0.0145763760923849,0.210576376092385
"21",-2.93587174348697,0.516109877912912,-3.75751503006012,0.0145763760923849,0.210576376092385
"22",-2.33466933867735,0.517375860733234,-3.75751503006012,0.0145763760923849,0.210576376092385
"23",-1.43286573146293,0.668283667672123,-3.75751503006012,0.0145763760923849,0.210576376092385
"24",-1.2124248496994,0.673890161319597,-3.75751503006012,0.0145763760923849,0.210576376092385
"25",-0.270541082164329,0.73685988432238,-3.75751503006012,0.0145763760923849,0.210576376092385
"26",0.470941883767535,0.579088710203559,-3.75751503006012,0.0145763760923849,0.210576376092385
"27",0.971943887775551,0.597507102873811,-3.75751503006012,0.0145763760923849,0.210576376092385
"28",1.9939879759519,0.0410612404108385,-3.75751503006012,0.0145763760923849,0.210576376092385
"29",3.33667334669339,-0.395082734160148,-3.75751503006012,0.0145763760923849,0.210576376092385
"30",3.77755511022044,-0.517772828477273,-3.75751503006012,0.0145763760923849,0.210576376092385
