"","x","yplot","target","ftrue","fwrong"
"1",-4.73947895791583,0.929925554185234,-0.0100200400801604,0.720164212343093,0.916164212343093
"2",-3.6372745490982,0.943518920834483,-0.0100200400801604,0.720164212343093,0.916164212343093
"3",-0.791583166332665,0.88919119000456,-0.0100200400801604,0.720164212343093,0.916164212343093
"4",-0.651302605210421,0.606673970328825,-0.0100200400801604,0.720164212343093,0.916164212343093
"5",-0.591182364729459,0.823852643824125,-0.0100200400801604,0.720164212343093,0.916164212343093
"6",-0.511022044088176,0.702308228453009,-0.0100200400801604,0.720164212343093,0.916164212343093
"7",-0.31062124248497,0.65149317042935,-0.0100200400801604,0.720164212343093,0.916164212343093
"8",0.0100200400801604,0.825891085507337,-0.0100200400801604,0.720164212343093,0.916164212343093
"9",0.0701402805611222,0.737154384899053,-0.0100200400801604,0.720164212343093,0.916164212343093
"10",0.270541082164328,0.642153993252585,-0.0100200400801604,0.720164212343093,0.916164212343093
"11",0.350701402805611,0.711594199215777,-0.0100200400801604,0.720164212343093,0.916164212343093
"12",0.571142284569138,0.418655914076341,-0.0100200400801604,0.720164212343093,0.916164212343093
"13",0.611222444889779,0.644627694334359,-0.0100200400801604,0.720164212343093,0.916164212343093
"14",0.751503006012024,0.836603311250156,-0.0100200400801604,0.720164212343093,0.916164212343093
"15",0.791583166332665,0.757597364119422,-0.0100200400801604,0.720164212343093,0.916164212343093
"16",0.93186372745491,0.608964199809374,-0.0100200400801604,0.720164212343093,0.916164212343093
"17",1.15230460921844,0.697306997252201,-0.0100200400801604,0.720164212343093,0.916164212343093
"18",2.55511022044088,0.148138961789867,-0.0100200400801604,0.720164212343093,0.916164212343093
"19",3.2565130260521,0.0390617354089044,-0.0100200400801604,0.720164212343093,0.916164212343093
"20",4.03807615230461,-0.165795846619315,-0.0100200400801604,0.720164212343093,0.916164212343093
