"","x","yplot","target","ftrue","fwrong"
"1",-4.77955911823647,0.748684931706168,1.23246492985972,0.659384736763407,0.463384736763407
"2",-4.57915831663327,0.784108505727811,1.23246492985972,0.659384736763407,0.463384736763407
"3",-4.53907815631263,0.972306425312611,1.23246492985972,0.659384736763407,0.463384736763407
"4",-4.11823647294589,0.563974553983637,1.23246492985972,0.659384736763407,0.463384736763407
"5",-4.01803607214429,0.242490432696718,1.23246492985972,0.659384736763407,0.463384736763407
"6",-3.89779559118236,0.508412333600989,1.23246492985972,0.659384736763407,0.463384736763407
"7",-3.35671342685371,-0.0311640806025695,1.23246492985972,0.659384736763407,0.463384736763407
"8",-3.09619238476954,0.166610199605359,1.23246492985972,0.659384736763407,0.463384736763407
"9",-1.83366733466934,0.0956702847109375,1.23246492985972,0.659384736763407,0.463384736763407
"10",-1.53306613226453,0.217605123527861,1.23246492985972,0.659384736763407,0.463384736763407
"11",-0.651302605210421,0.740321632566553,1.23246492985972,0.659384736763407,0.463384736763407
"12",0.0901803607214431,0.714878611176851,1.23246492985972,0.659384736763407,0.463384736763407
"13",0.31062124248497,0.947901322030629,1.23246492985972,0.659384736763407,0.463384736763407
"14",0.531062124248497,0.881651544737907,1.23246492985972,0.659384736763407,0.463384736763407
"15",0.6312625250501,0.940107410207872,1.23246492985972,0.659384736763407,0.463384736763407
"16",0.651302605210421,0.95697183518071,1.23246492985972,0.659384736763407,0.463384736763407
"17",1.1122244488978,0.660417419100971,1.23246492985972,0.659384736763407,0.463384736763407
"18",1.83366733466934,0.326022915987351,1.23246492985972,0.659384736763407,0.463384736763407
"19",2.23446893787575,0.260668539778222,1.23246492985972,0.659384736763407,0.463384736763407
"20",2.27454909819639,0.112757359254217,1.23246492985972,0.659384736763407,0.463384736763407
