"","x","yplot","target","ftrue","fwrong"
"1",-4.33867735470942,0.888494109806733,-2.5751503006012,0.275153778482151,0.0791537784821509
"2",-3.49699398797595,0.57780611090824,-2.5751503006012,0.275153778482151,0.0791537784821509
"3",-3.45691382765531,0.75328954686431,-2.5751503006012,0.275153778482151,0.0791537784821509
"4",-3.43687374749499,0.607014892683632,-2.5751503006012,0.275153778482151,0.0791537784821509
"5",-3.41683366733467,0.714009420430513,-2.5751503006012,0.275153778482151,0.0791537784821509
"6",-3.31663326653307,0.547631167942189,-2.5751503006012,0.275153778482151,0.0791537784821509
"7",-3.19639278557114,0.653684931728367,-2.5751503006012,0.275153778482151,0.0791537784821509
"8",-3.1563126252505,0.471587265295998,-2.5751503006012,0.275153778482151,0.0791537784821509
"9",-3.13627254509018,0.569527921784997,-2.5751503006012,0.275153778482151,0.0791537784821509
"10",-3.0561122244489,0.343988752788587,-2.5751503006012,0.275153778482151,0.0791537784821509
"11",-3.01603206412826,0.253048672690442,-2.5751503006012,0.275153778482151,0.0791537784821509
"12",-2.95591182364729,0.452325861573472,-2.5751503006012,0.275153778482151,0.0791537784821509
"13",-2.93587174348697,0.298782131346401,-2.5751503006012,0.275153778482151,0.0791537784821509
"14",-2.81563126252505,0.328110146497807,-2.5751503006012,0.275153778482151,0.0791537784821509
"15",-2.63527054108216,0.383203731786807,-2.5751503006012,0.275153778482151,0.0791537784821509
"16",-2.49498997995992,0.242952959813281,-2.5751503006012,0.275153778482151,0.0791537784821509
"17",-2.43486973947896,0.191215282858668,-2.5751503006012,0.275153778482151,0.0791537784821509
"18",-2.35470941883768,0.189161053839965,-2.5751503006012,0.275153778482151,0.0791537784821509
"19",-2.09418837675351,-0.164153698116458,-2.5751503006012,0.275153778482151,0.0791537784821509
"20",-2.05410821643287,-0.214902990578007,-2.5751503006012,0.275153778482151,0.0791537784821509
"21",-2.03406813627255,0.0395424894410815,-2.5751503006012,0.275153778482151,0.0791537784821509
"22",-2.01402805611222,-0.0319409032813028,-2.5751503006012,0.275153778482151,0.0791537784821509
"23",-1.9939879759519,0.113678305295292,-2.5751503006012,0.275153778482151,0.0791537784821509
"24",-1.97394789579158,-0.161857124261127,-2.5751503006012,0.275153778482151,0.0791537784821509
"25",-1.87374749498998,-0.0820038463961972,-2.5751503006012,0.275153778482151,0.0791537784821509
"26",-1.81362725450902,-0.233761793941999,-2.5751503006012,0.275153778482151,0.0791537784821509
"27",-1.67334669338677,-0.35237221978491,-2.5751503006012,0.275153778482151,0.0791537784821509
"28",-1.65330661322645,-0.330288346109725,-2.5751503006012,0.275153778482151,0.0791537784821509
"29",-1.59318637274549,-0.126132139096972,-2.5751503006012,0.275153778482151,0.0791537784821509
"30",-1.43286573146293,-0.240167469835343,-2.5751503006012,0.275153778482151,0.0791537784821509
"31",-1.19238476953908,-0.436984617903945,-2.5751503006012,0.275153778482151,0.0791537784821509
"32",-0.651302605210421,-0.16416848881987,-2.5751503006012,0.275153778482151,0.0791537784821509
"33",-0.470941883767535,-0.236565781307483,-2.5751503006012,0.275153778482151,0.0791537784821509
"34",0.450901803607215,0.353654178751911,-2.5751503006012,0.275153778482151,0.0791537784821509
"35",0.611222444889779,0.425751849359967,-2.5751503006012,0.275153778482151,0.0791537784821509
"36",1.47294589178357,0.684285714998432,-2.5751503006012,0.275153778482151,0.0791537784821509
"37",1.53306613226453,0.724009532161338,-2.5751503006012,0.275153778482151,0.0791537784821509
"38",2.41482965931864,0.398394128027364,-2.5751503006012,0.275153778482151,0.0791537784821509
"39",2.77555110220441,0.494479119527026,-2.5751503006012,0.275153778482151,0.0791537784821509
"40",4.61923847695391,-0.522933883687606,-2.5751503006012,0.275153778482151,0.0791537784821509
