"","x","yplot","target","ftrue","fwrong"
"1",-4.95991983967936,-0.220278339838567,0.591182364729459,0.785622367811856,0.981622367811856
"2",-4.93987975951904,-0.171568436357618,0.591182364729459,0.785622367811856,0.981622367811856
"3",-4.71943887775551,-0.210121442293132,0.591182364729459,0.785622367811856,0.981622367811856
"4",-2.69539078156313,0.384675652047052,0.591182364729459,0.785622367811856,0.981622367811856
"5",-1.93386773547094,0.510626916719085,0.591182364729459,0.785622367811856,0.981622367811856
"6",-1.63326653306613,0.809465048652269,0.591182364729459,0.785622367811856,0.981622367811856
"7",-1.39278557114228,0.684349322143812,0.591182364729459,0.785622367811856,0.981622367811856
"8",-1.35270541082164,0.835702853683598,0.591182364729459,0.785622367811856,0.981622367811856
"9",-0.31062124248497,0.824381920595545,0.591182364729459,0.785622367811856,0.981622367811856
"10",-0.270541082164329,0.823625831120494,0.591182364729459,0.785622367811856,0.981622367811856
"11",-0.210420841683367,1.01627726350263,0.591182364729459,0.785622367811856,0.981622367811856
"12",-0.170340681362726,0.806780092703929,0.591182364729459,0.785622367811856,0.981622367811856
"13",-0.0501002004008022,0.725265982899556,0.591182364729459,0.785622367811856,0.981622367811856
"14",-0.0300601202404813,1.00485372094283,0.591182364729459,0.785622367811856,0.981622367811856
"15",0.0300601202404804,0.658394764608722,0.591182364729459,0.785622367811856,0.981622367811856
"16",0.0701402805611222,0.911507161064022,0.591182364729459,0.785622367811856,0.981622367811856
"17",0.110220440881763,0.879776107049352,0.591182364729459,0.785622367811856,0.981622367811856
"18",0.130260521042084,0.779326584474296,0.591182364729459,0.785622367811856,0.981622367811856
"19",0.170340681362725,0.831462619106128,0.591182364729459,0.785622367811856,0.981622367811856
"20",0.210420841683367,0.89371573126805,0.591182364729459,0.785622367811856,0.981622367811856
"21",0.250501002004007,0.937750178039006,0.591182364729459,0.785622367811856,0.981622367811856
"22",0.33066132264529,0.802453043757933,0.591182364729459,0.785622367811856,0.981622367811856
"23",0.370741482965932,0.781145622733037,0.591182364729459,0.785622367811856,0.981622367811856
"24",0.410821643286573,0.756140012855353,0.591182364729459,0.785622367811856,0.981622367811856
"25",0.490981963927855,0.64640301709106,0.591182364729459,0.785622367811856,0.981622367811856
"26",0.531062124248497,0.803646206522286,0.591182364729459,0.785622367811856,0.981622367811856
"27",0.591182364729459,0.715737062504614,0.591182364729459,0.785622367811856,0.981622367811856
"28",0.651302605210421,0.805179280718988,0.591182364729459,0.785622367811856,0.981622367811856
"29",0.711422845691382,0.855890869608778,0.591182364729459,0.785622367811856,0.981622367811856
"30",0.751503006012024,0.81316395509412,0.591182364729459,0.785622367811856,0.981622367811856
"31",0.851703406813627,0.642735054076299,0.591182364729459,0.785622367811856,0.981622367811856
"32",0.871743486973948,0.610460449260892,0.591182364729459,0.785622367811856,0.981622367811856
"33",0.93186372745491,0.858320988200199,0.591182364729459,0.785622367811856,0.981622367811856
"34",1.03206412825651,0.549771154937819,0.591182364729459,0.785622367811856,0.981622367811856
"35",1.27254509018036,0.729889827954381,0.591182364729459,0.785622367811856,0.981622367811856
"36",1.29258517034068,0.720953145927694,0.591182364729459,0.785622367811856,0.981622367811856
"37",1.312625250501,0.545308840876941,0.591182364729459,0.785622367811856,0.981622367811856
"38",1.37274549098196,0.532639779222007,0.591182364729459,0.785622367811856,0.981622367811856
"39",1.39278557114228,0.803557581481418,0.591182364729459,0.785622367811856,0.981622367811856
"40",1.4128256513026,0.461197218451517,0.591182364729459,0.785622367811856,0.981622367811856
"41",1.43286573146293,0.457987168907111,0.591182364729459,0.785622367811856,0.981622367811856
"42",1.45290581162325,0.621770052689154,0.591182364729459,0.785622367811856,0.981622367811856
"43",1.55310621242485,0.389871894525716,0.591182364729459,0.785622367811856,0.981622367811856
"44",1.95390781563126,0.524483153145742,0.591182364729459,0.785622367811856,0.981622367811856
"45",3.07615230460922,0.0487245034284772,0.591182364729459,0.785622367811856,0.981622367811856
"46",3.51703406813627,-0.0663533589365474,0.591182364729459,0.785622367811856,0.981622367811856
"47",3.89779559118236,-0.324016047298422,0.591182364729459,0.785622367811856,0.981622367811856
"48",3.97795591182365,-0.164875135074419,0.591182364729459,0.785622367811856,0.981622367811856
"49",4.73947895791583,-0.349736903540946,0.591182364729459,0.785622367811856,0.981622367811856
"50",4.81963927855711,-0.288149308767082,0.591182364729459,0.785622367811856,0.981622367811856
