"","x","yplot","target","ftrue","fwrong"
"1",-4.69939879759519,-1.05942786459809,-3.71743486973948,-0.943650904914185,-0.747650904914185
"2",-4.65931863727455,-1.02344307964533,-3.71743486973948,-0.943650904914185,-0.747650904914185
"3",-4.61923847695391,-1.03157093880467,-3.71743486973948,-0.943650904914185,-0.747650904914185
"4",-4.59919839679359,-0.971153520339498,-3.71743486973948,-0.943650904914185,-0.747650904914185
"5",-4.51903807615231,-0.812021236453215,-3.71743486973948,-0.943650904914185,-0.747650904914185
"6",-4.49899799599198,-1.08422667084139,-3.71743486973948,-0.943650904914185,-0.747650904914185
"7",-4.47895791583166,-0.947238329819311,-3.71743486973948,-0.943650904914185,-0.747650904914185
"8",-4.45891783567134,-1.00616888660736,-3.71743486973948,-0.943650904914185,-0.747650904914185
"9",-4.43887775551102,-0.997749292589291,-3.71743486973948,-0.943650904914185,-0.747650904914185
"10",-4.39879759519038,-1.02496594460693,-3.71743486973948,-0.943650904914185,-0.747650904914185
"11",-4.29859719438878,-0.801408573921015,-3.71743486973948,-0.943650904914185,-0.747650904914185
"12",-4.2184368737475,-1.06904151167414,-3.71743486973948,-0.943650904914185,-0.747650904914185
"13",-4.17835671342685,-0.893442133913866,-3.71743486973948,-0.943650904914185,-0.747650904914185
"14",-3.95791583166333,-1.00209101916947,-3.71743486973948,-0.943650904914185,-0.747650904914185
"15",-3.91783567134269,-0.985813598101406,-3.71743486973948,-0.943650904914185,-0.747650904914185
"16",-3.81763527054108,-1.12388385082885,-3.71743486973948,-0.943650904914185,-0.747650904914185
"17",-3.75751503006012,-0.840335412998365,-3.71743486973948,-0.943650904914185,-0.747650904914185
"18",-3.6372745490982,-0.921062038864715,-3.71743486973948,-0.943650904914185,-0.747650904914185
"19",-3.57715430861723,-0.818299755871154,-3.71743486973948,-0.943650904914185,-0.747650904914185
"20",-3.55711422845691,-0.843093297670363,-3.71743486973948,-0.943650904914185,-0.747650904914185
"21",-3.51703406813627,-1.01306847270742,-3.71743486973948,-0.943650904914185,-0.747650904914185
"22",-3.47695390781563,-0.681065494990972,-3.71743486973948,-0.943650904914185,-0.747650904914185
"23",-3.43687374749499,-0.977043329049289,-3.71743486973948,-0.943650904914185,-0.747650904914185
"24",-3.39679358717435,-1.00078239316042,-3.71743486973948,-0.943650904914185,-0.747650904914185
"25",-3.31663326653307,-0.84035144920386,-3.71743486973948,-0.943650904914185,-0.747650904914185
"26",-3.19639278557114,-0.947699419627967,-3.71743486973948,-0.943650904914185,-0.747650904914185
"27",-3.17635270541082,-0.856565221854438,-3.71743486973948,-0.943650904914185,-0.747650904914185
"28",-3.1563126252505,-0.841702931315924,-3.71743486973948,-0.943650904914185,-0.747650904914185
"29",-3.13627254509018,-0.833235409842485,-3.71743486973948,-0.943650904914185,-0.747650904914185
"30",-3.03607214428858,-0.930581572128981,-3.71743486973948,-0.943650904914185,-0.747650904914185
"31",-3.01603206412826,-0.998169021279644,-3.71743486973948,-0.943650904914185,-0.747650904914185
"32",-2.99599198396794,-0.889112104126286,-3.71743486973948,-0.943650904914185,-0.747650904914185
"33",-2.95591182364729,-0.941822913799831,-3.71743486973948,-0.943650904914185,-0.747650904914185
"34",-2.87575150300601,-0.772644911273589,-3.71743486973948,-0.943650904914185,-0.747650904914185
"35",-2.75551102204409,-0.934471602043599,-3.71743486973948,-0.943650904914185,-0.747650904914185
"36",-2.59519038076152,-0.863852218046366,-3.71743486973948,-0.943650904914185,-0.747650904914185
"37",-2.31462925851703,-0.830939729119517,-3.71743486973948,-0.943650904914185,-0.747650904914185
"38",-1.73346693386774,-0.599858794452648,-3.71743486973948,-0.943650904914185,-0.747650904914185
"39",-0.91182364729459,-0.548815514777356,-3.71743486973948,-0.943650904914185,-0.747650904914185
"40",-0.591182364729459,-0.551388369711463,-3.71743486973948,-0.943650904914185,-0.747650904914185
"41",-0.551102204408818,-0.382656755246278,-3.71743486973948,-0.943650904914185,-0.747650904914185
"42",-0.0100200400801604,-0.316420129237721,-3.71743486973948,-0.943650904914185,-0.747650904914185
"43",0.991983967935871,0.0203374552508346,-3.71743486973948,-0.943650904914185,-0.747650904914185
"44",1.05210420841683,-0.0241515636515608,-3.71743486973948,-0.943650904914185,-0.747650904914185
"45",1.43286573146293,0.168978552687622,-3.71743486973948,-0.943650904914185,-0.747650904914185
"46",1.57314629258517,0.195922208230757,-3.71743486973948,-0.943650904914185,-0.747650904914185
"47",1.75350701402806,0.244883569863512,-3.71743486973948,-0.943650904914185,-0.747650904914185
"48",3.37675350701403,0.630427068960792,-3.71743486973948,-0.943650904914185,-0.747650904914185
"49",3.79759519038076,0.521680913018035,-3.71743486973948,-0.943650904914185,-0.747650904914185
"50",4.55911823647295,0.599371944623321,-3.71743486973948,-0.943650904914185,-0.747650904914185
