"","x","yplot","target","ftrue","fwrong"
"1",-4.27855711422846,-0.0691043377030652,4.91983967935872,-0.807062420354816,-1.00306242035482
"2",-1.77354709418838,-0.816377320602383,4.91983967935872,-0.807062420354816,-1.00306242035482
"3",-1.33266533066132,-0.658135362996869,4.91983967935872,-0.807062420354816,-1.00306242035482
"4",-1.19238476953908,-0.897619226584467,4.91983967935872,-0.807062420354816,-1.00306242035482
"5",-0.390781563126253,-0.772037528671228,4.91983967935872,-0.807062420354816,-1.00306242035482
"6",-0.210420841683367,-0.968169542117351,4.91983967935872,-0.807062420354816,-1.00306242035482
"7",0.370741482965932,-0.798248843927041,4.91983967935872,-0.807062420354816,-1.00306242035482
"8",0.390781563126252,-1.0159018268801,4.91983967935872,-0.807062420354816,-1.00306242035482
"9",0.891783567134269,-0.795943525013676,4.91983967935872,-0.807062420354816,-1.00306242035482
"10",1.1122244488978,-0.871398544298309,4.91983967935872,-0.807062420354816,-1.00306242035482
"11",1.13226452905812,-0.94164917128887,4.91983967935872,-0.807062420354816,-1.00306242035482
"12",1.77354709418838,-0.997248650759444,4.91983967935872,-0.807062420354816,-1.00306242035482
"13",2.09418837675351,-0.937904913429533,4.91983967935872,-0.807062420354816,-1.00306242035482
"14",2.87575150300601,-0.943825028540007,4.91983967935872,-0.807062420354816,-1.00306242035482
"15",4.13827655310621,-0.768361426210704,4.91983967935872,-0.807062420354816,-1.00306242035482
"16",4.35871743486974,-0.685132807663742,4.91983967935872,-0.807062420354816,-1.00306242035482
"17",4.47895791583166,-0.896271285775708,4.91983967935872,-0.807062420354816,-1.00306242035482
"18",4.53907815631263,-0.983335395344049,4.91983967935872,-0.807062420354816,-1.00306242035482
"19",4.93987975951904,-0.749784382399049,4.91983967935872,-0.807062420354816,-1.00306242035482
"20",5,-0.769775893260778,4.91983967935872,-0.807062420354816,-1.00306242035482
