"","x","yplot","target","ftrue","fwrong"
"1",-4.75951903807615,0.565370915127453,3.51703406813627,0.821187404357355,1.01718740435736
"2",-4.73947895791583,0.342729017083588,3.51703406813627,0.821187404357355,1.01718740435736
"3",-4.69939879759519,0.427435161724448,3.51703406813627,0.821187404357355,1.01718740435736
"4",-4.67935871743487,0.527611876613262,3.51703406813627,0.821187404357355,1.01718740435736
"5",-4.25851703406814,0.292056404760094,3.51703406813627,0.821187404357355,1.01718740435736
"6",-3.39679358717435,-0.248141758690628,3.51703406813627,0.821187404357355,1.01718740435736
"7",-2.45490981963928,-0.477090810183668,3.51703406813627,0.821187404357355,1.01718740435736
"8",-2.43486973947896,-0.505149273814105,3.51703406813627,0.821187404357355,1.01718740435736
"9",-2.39478957915832,-0.612902923393364,3.51703406813627,0.821187404357355,1.01718740435736
"10",-1.75350701402806,-0.636285943523667,3.51703406813627,0.821187404357355,1.01718740435736
"11",-1.63326653306613,-0.518879809857766,3.51703406813627,0.821187404357355,1.01718740435736
"12",-1.43286573146293,-0.611609610882792,3.51703406813627,0.821187404357355,1.01718740435736
"13",-1.13226452905812,-0.395416323996721,3.51703406813627,0.821187404357355,1.01718740435736
"14",-1.03206412825651,-0.749123204289611,3.51703406813627,0.821187404357355,1.01718740435736
"15",-0.91182364729459,-0.528035978390664,3.51703406813627,0.821187404357355,1.01718740435736
"16",-0.871743486973948,-0.585861880658823,3.51703406813627,0.821187404357355,1.01718740435736
"17",-0.851703406813628,-0.657723678573203,3.51703406813627,0.821187404357355,1.01718740435736
"18",-0.811623246492986,-0.608346632515235,3.51703406813627,0.821187404357355,1.01718740435736
"19",-0.711422845691383,-0.773790194811289,3.51703406813627,0.821187404357355,1.01718740435736
"20",-0.671342685370742,-0.694190352443449,3.51703406813627,0.821187404357355,1.01718740435736
"21",-0.631262525050101,-0.524569574963723,3.51703406813627,0.821187404357355,1.01718740435736
"22",-0.61122244488978,-0.566847687707704,3.51703406813627,0.821187404357355,1.01718740435736
"23",-0.591182364729459,-0.660149798878169,3.51703406813627,0.821187404357355,1.01718740435736
"24",-0.330661322645291,-0.691045877984827,3.51703406813627,0.821187404357355,1.01718740435736
"25",-0.250501002004008,-0.512112256298053,3.51703406813627,0.821187404357355,1.01718740435736
"26",-0.0100200400801604,-0.627324847809424,3.51703406813627,0.821187404357355,1.01718740435736
"27",0.571142284569138,-0.37683926451655,3.51703406813627,0.821187404357355,1.01718740435736
"28",0.651302605210421,-0.456148361736063,3.51703406813627,0.821187404357355,1.01718740435736
"29",0.831663326653306,-0.34482218988797,3.51703406813627,0.821187404357355,1.01718740435736
"30",0.891783567134269,-0.426502560011786,3.51703406813627,0.821187404357355,1.01718740435736
"31",1.13226452905812,-0.305508425739043,3.51703406813627,0.821187404357355,1.01718740435736
"32",1.71342685370741,0.235414046307734,3.51703406813627,0.821187404357355,1.01718740435736
"33",1.75350701402806,0.263582861406722,3.51703406813627,0.821187404357355,1.01718740435736
"34",1.97394789579158,0.291371727038289,3.51703406813627,0.821187404357355,1.01718740435736
"35",2.77555110220441,0.563941710917245,3.51703406813627,0.821187404357355,1.01718740435736
"36",2.83567134268537,0.657232954771494,3.51703406813627,0.821187404357355,1.01718740435736
"37",2.85571142284569,0.758376553094588,3.51703406813627,0.821187404357355,1.01718740435736
"38",2.97595190380761,0.865430211791636,3.51703406813627,0.821187404357355,1.01718740435736
"39",3.0561122244489,0.718571903919034,3.51703406813627,0.821187404357355,1.01718740435736
"40",3.23647294589178,0.777563387746931,3.51703406813627,0.821187404357355,1.01718740435736
"41",3.27655310621243,0.628807003580989,3.51703406813627,0.821187404357355,1.01718740435736
"42",3.33667334669339,0.844892520004623,3.51703406813627,0.821187404357355,1.01718740435736
"43",3.57715430861723,0.694168130888335,3.51703406813627,0.821187404357355,1.01718740435736
"44",3.6372745490982,0.942608425249145,3.51703406813627,0.821187404357355,1.01718740435736
"45",3.69739478957916,0.557597080011117,3.51703406813627,0.821187404357355,1.01718740435736
"46",3.71743486973948,0.745332188308051,3.51703406813627,0.821187404357355,1.01718740435736
"47",3.99799599198397,0.765205160579426,3.51703406813627,0.821187404357355,1.01718740435736
"48",4.15831663326653,0.678749251060408,3.51703406813627,0.821187404357355,1.01718740435736
"49",4.25851703406814,0.801021185586698,3.51703406813627,0.821187404357355,1.01718740435736
"50",4.63927855711423,0.948840887896991,3.51703406813627,0.821187404357355,1.01718740435736
