"","x","yplot","target","ftrue","fwrong"
"1",-4.91983967935872,0.49448459255109,2.05410821643287,-0.308107798169038,-0.112107798169038
"2",-4.77955911823647,0.632261064557786,2.05410821643287,-0.308107798169038,-0.112107798169038
"3",-4.69939879759519,0.62934427391369,2.05410821643287,-0.308107798169038,-0.112107798169038
"4",-4.53907815631263,0.669662532393164,2.05410821643287,-0.308107798169038,-0.112107798169038
"5",-4.4188376753507,0.600972719150051,2.05410821643287,-0.308107798169038,-0.112107798169038
"6",-4.3186372745491,0.596016921980383,2.05410821643287,-0.308107798169038,-0.112107798169038
"7",-3.79759519038076,0.723569844945616,2.05410821643287,-0.308107798169038,-0.112107798169038
"8",-3.47695390781563,0.747808321532155,2.05410821643287,-0.308107798169038,-0.112107798169038
"9",-3.1563126252505,0.765067293108409,2.05410821643287,-0.308107798169038,-0.112107798169038
"10",-2.65531062124249,0.704180027430908,2.05410821643287,-0.308107798169038,-0.112107798169038
"11",-2.39478957915832,0.612653907347812,2.05410821643287,-0.308107798169038,-0.112107798169038
"12",-2.23446893787575,0.820538611528423,2.05410821643287,-0.308107798169038,-0.112107798169038
"13",-2.17434869739479,0.884586193566494,2.05410821643287,-0.308107798169038,-0.112107798169038
"14",-1.97394789579158,0.76082817934142,2.05410821643287,-0.308107798169038,-0.112107798169038
"15",-1.75350701402806,0.910937810929146,2.05410821643287,-0.308107798169038,-0.112107798169038
"16",-1.71342685370742,0.828393609695674,2.05410821643287,-0.308107798169038,-0.112107798169038
"17",-1.37274549098196,0.820571439818823,2.05410821643287,-0.308107798169038,-0.112107798169038
"18",-0.991983967935872,0.75937534805791,2.05410821643287,-0.308107798169038,-0.112107798169038
"19",-0.93186372745491,0.674571353113351,2.05410821643287,-0.308107798169038,-0.112107798169038
"20",-0.390781563126253,0.505139928711899,2.05410821643287,-0.308107798169038,-0.112107798169038
"21",-0.31062124248497,0.517088051654908,2.05410821643287,-0.308107798169038,-0.112107798169038
"22",0.370741482965932,0.161826833585827,2.05410821643287,-0.308107798169038,-0.112107798169038
"23",1.03206412825651,-0.130768809016684,2.05410821643287,-0.308107798169038,-0.112107798169038
"24",1.09218436873747,-0.0145957448183305,2.05410821643287,-0.308107798169038,-0.112107798169038
"25",1.312625250501,-0.0997347742273522,2.05410821643287,-0.308107798169038,-0.112107798169038
"26",1.33266533066132,-0.0847238518471364,2.05410821643287,-0.308107798169038,-0.112107798169038
"27",1.69338677354709,-0.0567293005117801,2.05410821643287,-0.308107798169038,-0.112107798169038
"28",1.81362725450902,-0.309076998279737,2.05410821643287,-0.308107798169038,-0.112107798169038
"29",2.15430861723447,-0.272531216532914,2.05410821643287,-0.308107798169038,-0.112107798169038
"30",2.17434869739479,-0.415501215681845,2.05410821643287,-0.308107798169038,-0.112107798169038
"31",2.23446893787575,-0.415097615181271,2.05410821643287,-0.308107798169038,-0.112107798169038
"32",2.43486973947896,-0.375323918830512,2.05410821643287,-0.308107798169038,-0.112107798169038
"33",2.71543086172345,-0.485743072744149,2.05410821643287,-0.308107798169038,-0.112107798169038
"34",2.75551102204409,-0.58766134081517,2.05410821643287,-0.308107798169038,-0.112107798169038
"35",3.01603206412826,-0.491712230415338,2.05410821643287,-0.308107798169038,-0.112107798169038
"36",3.49699398797595,-0.661421114396715,2.05410821643287,-0.308107798169038,-0.112107798169038
"37",3.51703406813627,-0.567369217465293,2.05410821643287,-0.308107798169038,-0.112107798169038
"38",3.79759519038076,-0.705729950614945,2.05410821643287,-0.308107798169038,-0.112107798169038
"39",3.81763527054108,-0.510193281734264,2.05410821643287,-0.308107798169038,-0.112107798169038
"40",4.13827655310621,-0.660095001775503,2.05410821643287,-0.308107798169038,-0.112107798169038
