"","x","yplot","target","ftrue","fwrong"
"1",-4.91983967935872,-0.542303651343561,3.39679358717435,-0.439507819501927,-0.635507819501927
"2",-4.83967935871743,-0.416555651487845,3.39679358717435,-0.439507819501927,-0.635507819501927
"3",-4.63927855711423,-0.32074781567981,3.39679358717435,-0.439507819501927,-0.635507819501927
"4",-4.53907815631263,-0.293332248197231,3.39679358717435,-0.439507819501927,-0.635507819501927
"5",-4.2184368737475,-0.269463225255442,3.39679358717435,-0.439507819501927,-0.635507819501927
"6",-3.59719438877756,0.339576693115818,3.39679358717435,-0.439507819501927,-0.635507819501927
"7",-3.07615230460922,0.360145751314452,3.39679358717435,-0.439507819501927,-0.635507819501927
"8",-1.91382765531062,0.879918896050912,3.39679358717435,-0.439507819501927,-0.635507819501927
"9",-1.65330661322645,0.933822472873696,3.39679358717435,-0.439507819501927,-0.635507819501927
"10",-0.450901803607215,0.759804067825837,3.39679358717435,-0.439507819501927,-0.635507819501927
"11",-0.0901803607214431,0.891990804520548,3.39679358717435,-0.439507819501927,-0.635507819501927
"12",0.450901803607215,0.258410062933657,3.39679358717435,-0.439507819501927,-0.635507819501927
"13",0.531062124248497,0.460519827157637,3.39679358717435,-0.439507819501927,-0.635507819501927
"14",1.01202404809619,0.250069157104836,3.39679358717435,-0.439507819501927,-0.635507819501927
"15",1.23246492985972,-0.00219296258852336,3.39679358717435,-0.439507819501927,-0.635507819501927
"16",1.312625250501,0.0677577038420521,3.39679358717435,-0.439507819501927,-0.635507819501927
"17",1.35270541082164,0.273221546917012,3.39679358717435,-0.439507819501927,-0.635507819501927
"18",1.45290581162325,-0.00400442630636424,3.39679358717435,-0.439507819501927,-0.635507819501927
"19",1.57314629258517,0.0660983197945732,3.39679358717435,-0.439507819501927,-0.635507819501927
"20",1.95390781563126,-0.172640707675201,3.39679358717435,-0.439507819501927,-0.635507819501927
"21",1.97394789579158,0.00990980413274825,3.39679358717435,-0.439507819501927,-0.635507819501927
"22",2.15430861723447,-0.133507223244527,3.39679358717435,-0.439507819501927,-0.635507819501927
"23",2.17434869739479,-0.0591583733460876,3.39679358717435,-0.439507819501927,-0.635507819501927
"24",2.4749498997996,-0.267445109840772,3.39679358717435,-0.439507819501927,-0.635507819501927
"25",2.51503006012024,-0.134389571362196,3.39679358717435,-0.439507819501927,-0.635507819501927
"26",2.81563126252505,-0.310181923509596,3.39679358717435,-0.439507819501927,-0.635507819501927
"27",2.87575150300601,-0.342375239919828,3.39679358717435,-0.439507819501927,-0.635507819501927
"28",2.89579158316633,-0.311512193688486,3.39679358717435,-0.439507819501927,-0.635507819501927
"29",3.03607214428858,-0.325767415573185,3.39679358717435,-0.439507819501927,-0.635507819501927
"30",3.43687374749499,-0.494538750639157,3.39679358717435,-0.439507819501927,-0.635507819501927
"31",3.81763527054108,-0.532354366619344,3.39679358717435,-0.439507819501927,-0.635507819501927
"32",3.8376753507014,-0.379137645207719,3.39679358717435,-0.439507819501927,-0.635507819501927
"33",3.93787575150301,-0.496670456423354,3.39679358717435,-0.439507819501927,-0.635507819501927
"34",3.97795591182365,-0.507001966098513,3.39679358717435,-0.439507819501927,-0.635507819501927
"35",4.05811623246493,-0.479921865324464,3.39679358717435,-0.439507819501927,-0.635507819501927
"36",4.49899799599198,-0.555474222579878,3.39679358717435,-0.439507819501927,-0.635507819501927
"37",4.65931863727455,-0.3513592780704,3.39679358717435,-0.439507819501927,-0.635507819501927
"38",4.69939879759519,-0.537031108131275,3.39679358717435,-0.439507819501927,-0.635507819501927
"39",4.75951903807615,-0.441143616014326,3.39679358717435,-0.439507819501927,-0.635507819501927
"40",4.97995991983968,-0.459930986296065,3.39679358717435,-0.439507819501927,-0.635507819501927
