"","x","yplot","target","ftrue","fwrong"
"1",-4.25851703406814,-0.112976772640452,-3.07615230460922,0.344658710214373,0.540658710214373
"2",-3.69739478957916,0.0860946294370861,-3.07615230460922,0.344658710214373,0.540658710214373
"3",-3.67735470941884,0.0722482753436856,-3.07615230460922,0.344658710214373,0.540658710214373
"4",-3.2565130260521,0.209380078258868,-3.07615230460922,0.344658710214373,0.540658710214373
"5",-3.01603206412826,0.234810269609998,-3.07615230460922,0.344658710214373,0.540658710214373
"6",-2.93587174348697,0.341623646630103,-3.07615230460922,0.344658710214373,0.540658710214373
"7",-2.89579158316633,0.276935275479766,-3.07615230460922,0.344658710214373,0.540658710214373
"8",-2.31462925851703,0.58573194044979,-3.07615230460922,0.344658710214373,0.540658710214373
"9",-1.57314629258517,0.51799041539626,-3.07615230460922,0.344658710214373,0.540658710214373
"10",-0.991983967935872,0.289433461003607,-3.07615230460922,0.344658710214373,0.540658710214373
