"","x","yplot","target","ftrue","fwrong"
"1",-4.51903807615231,-0.506042359048109,-3.55711422845691,-0.174831943309904,0.021168056690096
"2",-4.01803607214429,-0.457804413218348,-3.55711422845691,-0.174831943309904,0.021168056690096
"3",-3.87775551102204,-0.307042984151095,-3.55711422845691,-0.174831943309904,0.021168056690096
"4",-3.77755511022044,-0.25184328985295,-3.55711422845691,-0.174831943309904,0.021168056690096
"5",-3.57715430861723,-0.458310456353507,-3.55711422845691,-0.174831943309904,0.021168056690096
"6",-3.0561122244489,0.150427702544319,-3.55711422845691,-0.174831943309904,0.021168056690096
"7",-1.81362725450902,0.471866186442189,-3.55711422845691,-0.174831943309904,0.021168056690096
"8",-1.67334669338677,0.529942313177248,-3.55711422845691,-0.174831943309904,0.021168056690096
"9",-1.43286573146293,0.57764366841518,-3.55711422845691,-0.174831943309904,0.021168056690096
"10",-1.33266533066132,0.597030499672892,-3.55711422845691,-0.174831943309904,0.021168056690096
"11",-1.25250501002004,0.660211303961756,-3.55711422845691,-0.174831943309904,0.021168056690096
"12",-0.831663326653307,0.825093686575683,-3.55711422845691,-0.174831943309904,0.021168056690096
"13",0.430861723446894,0.998091434719124,-3.55711422845691,-0.174831943309904,0.021168056690096
"14",0.470941883767535,0.924699102644256,-3.55711422845691,-0.174831943309904,0.021168056690096
"15",0.490981963927855,1.08421351484265,-3.55711422845691,-0.174831943309904,0.021168056690096
"16",1.87374749498998,0.689915670437163,-3.55711422845691,-0.174831943309904,0.021168056690096
"17",1.91382765531062,0.795559362471738,-3.55711422845691,-0.174831943309904,0.021168056690096
"18",2.81563126252505,0.72615831410571,-3.55711422845691,-0.174831943309904,0.021168056690096
"19",3.0561122244489,0.690721167625587,-3.55711422845691,-0.174831943309904,0.021168056690096
"20",3.11623246492986,0.655608595283892,-3.55711422845691,-0.174831943309904,0.021168056690096
