"","x","yplot","target","ftrue","fwrong"
"1",-4.67935871743487,-0.685013437117246,-0.190380761523047,0.425489506246907,0.621489506246907
"2",-1.87374749498998,0.0610622071337093,-0.190380761523047,0.425489506246907,0.621489506246907
"3",-1.35270541082164,0.126421803986582,-0.190380761523047,0.425489506246907,0.621489506246907
"4",-0.511022044088176,0.446284110872581,-0.190380761523047,0.425489506246907,0.621489506246907
"5",0.450901803607215,0.647950495868276,-0.190380761523047,0.425489506246907,0.621489506246907
"6",0.611222444889779,0.63652211082014,-0.190380761523047,0.425489506246907,0.621489506246907
"7",1.81362725450902,0.585602373862181,-0.190380761523047,0.425489506246907,0.621489506246907
"8",3.8376753507014,0.335436208487578,-0.190380761523047,0.425489506246907,0.621489506246907
"9",4.03807615230461,0.448435460526899,-0.190380761523047,0.425489506246907,0.621489506246907
"10",4.3186372745491,0.337634921210362,-0.190380761523047,0.425489506246907,0.621489506246907
