"","x","yplot","target","ftrue","fwrong"
"1",-4.87975951903808,0.485676092232512,-4.61923847695391,0.485318531905835,0.289318531905835
"2",-4.83967935871743,0.431840575949082,-4.61923847695391,0.485318531905835,0.289318531905835
"3",-4.77955911823647,0.310710485295481,-4.61923847695391,0.485318531905835,0.289318531905835
"4",-4.75951903807615,0.55461832700787,-4.61923847695391,0.485318531905835,0.289318531905835
"5",-4.71943887775551,0.511801907183029,-4.61923847695391,0.485318531905835,0.289318531905835
"6",-4.69939879759519,0.374138674880296,-4.61923847695391,0.485318531905835,0.289318531905835
"7",-4.61923847695391,0.26471719833479,-4.61923847695391,0.485318531905835,0.289318531905835
"8",-4.55911823647295,0.504799529279644,-4.61923847695391,0.485318531905835,0.289318531905835
"9",-4.51903807615231,0.455376075249949,-4.61923847695391,0.485318531905835,0.289318531905835
"10",-4.49899799599198,0.478935347133971,-4.61923847695391,0.485318531905835,0.289318531905835
"11",-4.35871743486974,0.551164727942055,-4.61923847695391,0.485318531905835,0.289318531905835
"12",-4.29859719438878,0.457884728233715,-4.61923847695391,0.485318531905835,0.289318531905835
"13",-4.23847695390782,0.523065109596524,-4.61923847695391,0.485318531905835,0.289318531905835
"14",-4.07815631262525,0.534657282102821,-4.61923847695391,0.485318531905835,0.289318531905835
"15",-4.01803607214429,0.472304251036918,-4.61923847695391,0.485318531905835,0.289318531905835
"16",-3.97795591182365,0.509621153111126,-4.61923847695391,0.485318531905835,0.289318531905835
"17",-3.87775551102204,0.503367791398043,-4.61923847695391,0.485318531905835,0.289318531905835
"18",-3.85771543086172,0.296566304163297,-4.61923847695391,0.485318531905835,0.289318531905835
"19",-3.79759519038076,0.466447777267625,-4.61923847695391,0.485318531905835,0.289318531905835
"20",-3.77755511022044,0.487574309423997,-4.61923847695391,0.485318531905835,0.289318531905835
"21",-3.69739478957916,0.559207109306792,-4.61923847695391,0.485318531905835,0.289318531905835
"22",-3.1563126252505,0.570920935483229,-4.61923847695391,0.485318531905835,0.289318531905835
"23",-1.15230460921844,0.227188192373526,-4.61923847695391,0.485318531905835,0.289318531905835
"24",-0.551102204408818,0.18487255966316,-4.61923847695391,0.485318531905835,0.289318531905835
"25",-0.330661322645291,0.124771528771816,-4.61923847695391,0.485318531905835,0.289318531905835
"26",1.51302605210421,-0.0955332190438952,-4.61923847695391,0.485318531905835,0.289318531905835
"27",1.7935871743487,-0.183550295578536,-4.61923847695391,0.485318531905835,0.289318531905835
"28",2.61523046092184,-0.372244372337549,-4.61923847695391,0.485318531905835,0.289318531905835
"29",2.83567134268537,-0.481218154715171,-4.61923847695391,0.485318531905835,0.289318531905835
"30",3.1563126252505,-0.465304160387373,-4.61923847695391,0.485318531905835,0.289318531905835
