"","x","yplot","target","ftrue","fwrong"
"1",-4.95991983967936,0.0307207016199127,4.91983967935872,0.584704029115865,0.780704029115865
"2",-4.93987975951904,0.0889551004909451,4.91983967935872,0.584704029115865,0.780704029115865
"3",-4.65931863727455,0.0393293584173381,4.91983967935872,0.584704029115865,0.780704029115865
"4",-4.59919839679359,0.0448610047658545,4.91983967935872,0.584704029115865,0.780704029115865
"5",-4.29859719438878,-0.0891992803013135,4.91983967935872,0.584704029115865,0.780704029115865
"6",-4.25851703406814,-0.168262046171165,4.91983967935872,0.584704029115865,0.780704029115865
"7",-4.23847695390782,0.0325858709066073,4.91983967935872,0.584704029115865,0.780704029115865
"8",-4.07815631262525,-0.128671494572065,4.91983967935872,0.584704029115865,0.780704029115865
"9",-3.77755511022044,-0.266655613021617,4.91983967935872,0.584704029115865,0.780704029115865
"10",-3.27655310621242,-0.095468413508143,4.91983967935872,0.584704029115865,0.780704029115865
"11",-3.19639278557114,-0.342867270141659,4.91983967935872,0.584704029115865,0.780704029115865
"12",-2.89579158316633,-0.391562264860855,4.91983967935872,0.584704029115865,0.780704029115865
"13",-2.21442885771543,-0.583622439336637,4.91983967935872,0.584704029115865,0.780704029115865
"14",-1.8937875751503,-0.52981024379227,4.91983967935872,0.584704029115865,0.780704029115865
"15",-1.83366733466934,-0.485174714852694,4.91983967935872,0.584704029115865,0.780704029115865
"16",-1.71342685370742,-0.580998960471243,4.91983967935872,0.584704029115865,0.780704029115865
"17",-1.57314629258517,-0.497500058440928,4.91983967935872,0.584704029115865,0.780704029115865
"18",-1.33266533066132,-0.706070116412712,4.91983967935872,0.584704029115865,0.780704029115865
"19",-1.29258517034068,-0.736830438301602,4.91983967935872,0.584704029115865,0.780704029115865
"20",-0.991983967935872,-0.573236501064447,4.91983967935872,0.584704029115865,0.780704029115865
"21",-0.691382765531062,-0.635203207735466,4.91983967935872,0.584704029115865,0.780704029115865
"22",-0.490981963927856,-0.755708434690809,4.91983967935872,0.584704029115865,0.780704029115865
"23",-0.31062124248497,-0.514833844746551,4.91983967935872,0.584704029115865,0.780704029115865
"24",0.0701402805611222,-0.788713446021931,4.91983967935872,0.584704029115865,0.780704029115865
"25",0.210420841683367,-0.375842311354085,4.91983967935872,0.584704029115865,0.780704029115865
"26",0.571142284569138,-0.564587973328191,4.91983967935872,0.584704029115865,0.780704029115865
"27",1.19238476953908,-0.461375322644039,4.91983967935872,0.584704029115865,0.780704029115865
"28",1.65330661322645,-0.372886244327544,4.91983967935872,0.584704029115865,0.780704029115865
"29",1.71342685370741,-0.349106389294182,4.91983967935872,0.584704029115865,0.780704029115865
"30",1.91382765531062,-0.299649722243391,4.91983967935872,0.584704029115865,0.780704029115865
"31",2.41482965931864,-0.114062973577257,4.91983967935872,0.584704029115865,0.780704029115865
"32",2.53507014028056,-0.271626522139255,4.91983967935872,0.584704029115865,0.780704029115865
"33",3.31663326653307,-0.105518569340794,4.91983967935872,0.584704029115865,0.780704029115865
"34",3.33667334669339,0.106703737620693,4.91983967935872,0.584704029115865,0.780704029115865
"35",3.41683366733467,0.0557249747120037,4.91983967935872,0.584704029115865,0.780704029115865
"36",3.97795591182365,0.0656955397968957,4.91983967935872,0.584704029115865,0.780704029115865
"37",3.99799599198397,0.374118334398093,4.91983967935872,0.584704029115865,0.780704029115865
"38",4.03807615230461,0.438173306466362,4.91983967935872,0.584704029115865,0.780704029115865
"39",4.09819639278557,0.217155499145238,4.91983967935872,0.584704029115865,0.780704029115865
"40",4.17835671342685,0.336294702771189,4.91983967935872,0.584704029115865,0.780704029115865
"41",4.29859719438878,0.48496086462883,4.91983967935872,0.584704029115865,0.780704029115865
"42",4.35871743486974,0.409884331708905,4.91983967935872,0.584704029115865,0.780704029115865
"43",4.5190380761523,0.454408969394597,4.91983967935872,0.584704029115865,0.780704029115865
"44",4.61923847695391,0.41076079487879,4.91983967935872,0.584704029115865,0.780704029115865
"45",4.71943887775551,0.451238445861392,4.91983967935872,0.584704029115865,0.780704029115865
"46",4.73947895791583,0.55216740821221,4.91983967935872,0.584704029115865,0.780704029115865
"47",4.75951903807615,0.473762797403121,4.91983967935872,0.584704029115865,0.780704029115865
"48",4.81963927855711,0.517676507645357,4.91983967935872,0.584704029115865,0.780704029115865
"49",4.83967935871743,0.485953503768712,4.91983967935872,0.584704029115865,0.780704029115865
"50",4.8997995991984,0.736919227291358,4.91983967935872,0.584704029115865,0.780704029115865
