"","x","yplot","target","ftrue","fwrong"
"1",-4.75951903807615,0.887093316391943,-2.75551102204409,0.298580720080008,0.102580720080008
"2",-4.23847695390782,0.75555319293436,-2.75551102204409,0.298580720080008,0.102580720080008
"3",-3.71743486973948,0.593697761782946,-2.75551102204409,0.298580720080008,0.102580720080008
"4",-3.13627254509018,0.414521487692465,-2.75551102204409,0.298580720080008,0.102580720080008
"5",-2.61523046092184,0.320354557468518,-2.75551102204409,0.298580720080008,0.102580720080008
"6",-2.49498997995992,0.217247077603984,-2.75551102204409,0.298580720080008,0.102580720080008
"7",-1.93386773547094,0.278996347421352,-2.75551102204409,0.298580720080008,0.102580720080008
"8",-1.85370741482966,-0.00181557698347823,-2.75551102204409,0.298580720080008,0.102580720080008
"9",-1.65330661322645,0.23878927317617,-2.75551102204409,0.298580720080008,0.102580720080008
"10",-1.27254509018036,0.206206965155071,-2.75551102204409,0.298580720080008,0.102580720080008
"11",-0.31062124248497,-0.0766896796241512,-2.75551102204409,0.298580720080008,0.102580720080008
"12",-0.130260521042084,-0.127449439018801,-2.75551102204409,0.298580720080008,0.102580720080008
"13",0.470941883767535,0.0430524189404141,-2.75551102204409,0.298580720080008,0.102580720080008
"14",0.811623246492986,-0.13377709280113,-2.75551102204409,0.298580720080008,0.102580720080008
"15",1.07214428857715,-0.0510740250804782,-2.75551102204409,0.298580720080008,0.102580720080008
"16",1.57314629258517,-0.300561489381521,-2.75551102204409,0.298580720080008,0.102580720080008
"17",3.35671342685371,-0.32902764777599,-2.75551102204409,0.298580720080008,0.102580720080008
"18",3.45691382765531,-0.26136914687196,-2.75551102204409,0.298580720080008,0.102580720080008
"19",3.49699398797595,-0.0938539177813125,-2.75551102204409,0.298580720080008,0.102580720080008
"20",4.83967935871743,-0.580302018998341,-2.75551102204409,0.298580720080008,0.102580720080008
