"","x","yplot","target","ftrue","fwrong"
"1",-5,-0.84477859469498,1.53306613226453,0.0975895051873006,0.293589505187301
"2",-4.33867735470942,-1.0375873760789,1.53306613226453,0.0975895051873006,0.293589505187301
"3",-3.07615230460922,-0.846505731194083,1.53306613226453,0.0975895051873006,0.293589505187301
"4",-3.01603206412826,-1.01450171598448,1.53306613226453,0.0975895051873006,0.293589505187301
"5",-2.99599198396794,-1.04206283593199,1.53306613226453,0.0975895051873006,0.293589505187301
"6",-2.29458917835671,-0.896042381151651,1.53306613226453,0.0975895051873006,0.293589505187301
"7",-2.19438877755511,-0.733810133029211,1.53306613226453,0.0975895051873006,0.293589505187301
"8",-2.01402805611222,-0.703686558322159,1.53306613226453,0.0975895051873006,0.293589505187301
"9",-1.53306613226453,-0.434841902487818,1.53306613226453,0.0975895051873006,0.293589505187301
"10",-0.130260521042084,0.38178277242493,1.53306613226453,0.0975895051873006,0.293589505187301
"11",0.290581162324649,0.278830658422427,1.53306613226453,0.0975895051873006,0.293589505187301
"12",0.851703406813627,0.261264787702088,1.53306613226453,0.0975895051873006,0.293589505187301
"13",0.971943887775551,0.166364720258679,1.53306613226453,0.0975895051873006,0.293589505187301
"14",1.07214428857715,0.11709329555389,1.53306613226453,0.0975895051873006,0.293589505187301
"15",1.49298597194389,0.156649370100268,1.53306613226453,0.0975895051873006,0.293589505187301
"16",1.67334669338677,-0.00501476225372129,1.53306613226453,0.0975895051873006,0.293589505187301
"17",2.35470941883768,-0.284848150246834,1.53306613226453,0.0975895051873006,0.293589505187301
"18",2.91583166332665,-0.675830961556035,1.53306613226453,0.0975895051873006,0.293589505187301
"19",4.79959919839679,-0.727563460439503,1.53306613226453,0.0975895051873006,0.293589505187301
"20",4.93987975951904,-0.645336504972624,1.53306613226453,0.0975895051873006,0.293589505187301
