"","x","yplot","target","ftrue","fwrong"
"1",-4.51903807615231,-1.01477755911775,-0.31062124248497,-0.655735186005366,-0.851735186005366
"2",-3.57715430861723,-0.912756699991611,-0.31062124248497,-0.655735186005366,-0.851735186005366
"3",-1.81362725450902,-0.812679085305792,-0.31062124248497,-0.655735186005366,-0.851735186005366
"4",-1.29258517034068,-0.778968446471977,-0.31062124248497,-0.655735186005366,-0.851735186005366
"5",-1.25250501002004,-0.893728733368614,-0.31062124248497,-0.655735186005366,-0.851735186005366
"6",-1.13226452905812,-0.929856619325844,-0.31062124248497,-0.655735186005366,-0.851735186005366
"7",-1.07214428857715,-0.754459178001541,-0.31062124248497,-0.655735186005366,-0.851735186005366
"8",-0.95190380761523,-0.987135723049212,-0.31062124248497,-0.655735186005366,-0.851735186005366
"9",-0.91182364729459,-0.767659246942548,-0.31062124248497,-0.655735186005366,-0.851735186005366
"10",-0.751503006012024,-0.992132712937005,-0.31062124248497,-0.655735186005366,-0.851735186005366
"11",-0.490981963927856,-0.777947141334681,-0.31062124248497,-0.655735186005366,-0.851735186005366
"12",-0.250501002004008,-0.646714609842519,-0.31062124248497,-0.655735186005366,-0.851735186005366
"13",0.110220440881763,-0.363284699984243,-0.31062124248497,-0.655735186005366,-0.851735186005366
"14",0.250501002004007,-0.64908138983947,-0.31062124248497,-0.655735186005366,-0.851735186005366
"15",0.31062124248497,-0.441396338023678,-0.31062124248497,-0.655735186005366,-0.851735186005366
"16",0.370741482965932,-0.637149059129315,-0.31062124248497,-0.655735186005366,-0.851735186005366
"17",0.551102204408817,-0.635713491717879,-0.31062124248497,-0.655735186005366,-0.851735186005366
"18",2.31462925851703,0.0600462506409556,-0.31062124248497,-0.655735186005366,-0.851735186005366
"19",3.71743486973948,0.520012395716072,-0.31062124248497,-0.655735186005366,-0.851735186005366
"20",4.8997995991984,0.696228549733549,-0.31062124248497,-0.655735186005366,-0.851735186005366
