"","x","yplot","target","ftrue","fwrong"
"1",-4.33867735470942,0.897404399786764,-2.81563126252505,0.603743682310067,0.407743682310067
"2",-4.15831663326653,0.738109338782687,-2.81563126252505,0.603743682310067,0.407743682310067
"3",-3.21643286573146,0.69120236706374,-2.81563126252505,0.603743682310067,0.407743682310067
"4",-3.1563126252505,0.894736104002691,-2.81563126252505,0.603743682310067,0.407743682310067
"5",-2.93587174348697,0.79655751466991,-2.81563126252505,0.603743682310067,0.407743682310067
"6",-2.63527054108216,0.480480792006174,-2.81563126252505,0.603743682310067,0.407743682310067
"7",-2.43486973947896,0.571791000687185,-2.81563126252505,0.603743682310067,0.407743682310067
"8",-2.29458917835671,0.621922110401288,-2.81563126252505,0.603743682310067,0.407743682310067
"9",-2.25450901803607,0.593517430410469,-2.81563126252505,0.603743682310067,0.407743682310067
"10",-1.69338677354709,0.5441575135676,-2.81563126252505,0.603743682310067,0.407743682310067
