"","x","yplot","target","ftrue","fwrong"
"1",-4.43887775551102,-0.76120550257546,1.01202404809619,0.775488689319633,0.579488689319633
"2",-3.01603206412826,-0.250708240505297,1.01202404809619,0.775488689319633,0.579488689319633
"3",-2.99599198396794,-0.222266770083648,1.01202404809619,0.775488689319633,0.579488689319633
"4",-2.33466933867735,0.189981830683849,1.01202404809619,0.775488689319633,0.579488689319633
"5",-2.25450901803607,0.0426327821185736,1.01202404809619,0.775488689319633,0.579488689319633
"6",-2.21442885771543,0.11453972476274,1.01202404809619,0.775488689319633,0.579488689319633
"7",-1.27254509018036,0.537146128390706,1.01202404809619,0.775488689319633,0.579488689319633
"8",-1.01202404809619,0.477727868870208,1.01202404809619,0.775488689319633,0.579488689319633
"9",-0.971943887775551,0.564379467479535,1.01202404809619,0.775488689319633,0.579488689319633
"10",-0.671342685370742,0.556905870023587,1.01202404809619,0.775488689319633,0.579488689319633
"11",-0.0300601202404813,0.625445730443014,1.01202404809619,0.775488689319633,0.579488689319633
"12",0.0501002004008013,0.670583177282753,1.01202404809619,0.775488689319633,0.579488689319633
"13",0.250501002004007,0.670232334245387,1.01202404809619,0.775488689319633,0.579488689319633
"14",0.370741482965932,0.572550022269295,1.01202404809619,0.775488689319633,0.579488689319633
"15",0.430861723446894,0.759417260520818,1.01202404809619,0.775488689319633,0.579488689319633
"16",1.75350701402806,0.769845852951531,1.01202404809619,0.775488689319633,0.579488689319633
"17",1.91382765531062,0.823844847100895,1.01202404809619,0.775488689319633,0.579488689319633
"18",2.85571142284569,0.687019722454579,1.01202404809619,0.775488689319633,0.579488689319633
"19",3.39679358717435,0.648371887354668,1.01202404809619,0.775488689319633,0.579488689319633
"20",4.81963927855711,0.220130504812081,1.01202404809619,0.775488689319633,0.579488689319633
