"","x","yplot","target","ftrue","fwrong"
"1",-4.71943887775551,0.609868175704808,-3.77755511022044,0.0986065876903086,-0.0973934123096914
"2",-4.53907815631263,0.413681025927728,-3.77755511022044,0.0986065876903086,-0.0973934123096914
"3",-4.29859719438878,0.369549000598954,-3.77755511022044,0.0986065876903086,-0.0973934123096914
"4",-1.41282565130261,-0.777664229701873,-3.77755511022044,0.0986065876903086,-0.0973934123096914
"5",-1.27254509018036,-0.717211824562644,-3.77755511022044,0.0986065876903086,-0.0973934123096914
"6",0.0501002004008013,-0.145636346657135,-3.77755511022044,0.0986065876903086,-0.0973934123096914
"7",0.470941883767535,-0.391853548541282,-3.77755511022044,0.0986065876903086,-0.0973934123096914
"8",1.39278557114228,-0.364763012698198,-3.77755511022044,0.0986065876903086,-0.0973934123096914
"9",3.39679358717435,0.339641682223472,-3.77755511022044,0.0986065876903086,-0.0973934123096914
"10",4.29859719438878,0.559389197690589,-3.77755511022044,0.0986065876903086,-0.0973934123096914
