"","x","yplot","target","ftrue","fwrong"
"1",-4.45891783567134,-0.154644963516092,-2.5751503006012,-0.0240310255988128,-0.220031025598813
"2",-4.17835671342685,-0.130395085307049,-2.5751503006012,-0.0240310255988128,-0.220031025598813
"3",-4.13827655310621,0.120194593964462,-2.5751503006012,-0.0240310255988128,-0.220031025598813
"4",-3.97795591182365,0.139058946306187,-2.5751503006012,-0.0240310255988128,-0.220031025598813
"5",-3.55711422845691,0.0989706331492032,-2.5751503006012,-0.0240310255988128,-0.220031025598813
"6",-3.39679358717435,0.295295654021338,-2.5751503006012,-0.0240310255988128,-0.220031025598813
"7",-3.35671342685371,0.383602276067096,-2.5751503006012,-0.0240310255988128,-0.220031025598813
"8",-3.29659318637275,0.0883814453791971,-2.5751503006012,-0.0240310255988128,-0.220031025598813
"9",-3.09619238476954,0.112710991211059,-2.5751503006012,-0.0240310255988128,-0.220031025598813
"10",-3.03607214428858,0.258447084052319,-2.5751503006012,-0.0240310255988128,-0.220031025598813
"11",-2.71543086172345,-0.0237940892173498,-2.5751503006012,-0.0240310255988128,-0.220031025598813
"12",-2.59519038076152,-0.0775730004007918,-2.5751503006012,-0.0240310255988128,-0.220031025598813
"13",-2.49498997995992,0.0880956499421984,-2.5751503006012,-0.0240310255988128,-0.220031025598813
"14",-2.35470941883768,0.0335420963758594,-2.5751503006012,-0.0240310255988128,-0.220031025598813
"15",-2.25450901803607,-0.214251880644463,-2.5751503006012,-0.0240310255988128,-0.220031025598813
"16",-2.13426853707415,-0.0855038054079977,-2.5751503006012,-0.0240310255988128,-0.220031025598813
"17",-1.45290581162325,-0.451608927291478,-2.5751503006012,-0.0240310255988128,-0.220031025598813
"18",-1.37274549098196,-0.465458780641417,-2.5751503006012,-0.0240310255988128,-0.220031025598813
"19",-1.312625250501,-0.549688315478191,-2.5751503006012,-0.0240310255988128,-0.220031025598813
"20",-0.490981963927856,-0.556750338605505,-2.5751503006012,-0.0240310255988128,-0.220031025598813
"21",-0.270541082164329,-0.334158023120091,-2.5751503006012,-0.0240310255988128,-0.220031025598813
"22",0.390781563126252,0.0976310468393586,-2.5751503006012,-0.0240310255988128,-0.220031025598813
"23",0.470941883767535,-0.087362781672328,-2.5751503006012,-0.0240310255988128,-0.220031025598813
"24",0.771543086172344,0.247783443906852,-2.5751503006012,-0.0240310255988128,-0.220031025598813
"25",0.891783567134269,0.289937517259591,-2.5751503006012,-0.0240310255988128,-0.220031025598813
"26",1.1122244488978,0.416644037488255,-2.5751503006012,-0.0240310255988128,-0.220031025598813
"27",1.19238476953908,0.653182686408688,-2.5751503006012,-0.0240310255988128,-0.220031025598813
"28",1.35270541082164,0.77870609734823,-2.5751503006012,-0.0240310255988128,-0.220031025598813
"29",1.51302605210421,0.672967883497412,-2.5751503006012,-0.0240310255988128,-0.220031025598813
"30",1.59318637274549,0.891748186465098,-2.5751503006012,-0.0240310255988128,-0.220031025598813
"31",1.73346693386774,0.741609307056967,-2.5751503006012,-0.0240310255988128,-0.220031025598813
"32",2.01402805611222,0.872247309272235,-2.5751503006012,-0.0240310255988128,-0.220031025598813
"33",2.27454909819639,0.890654036074155,-2.5751503006012,-0.0240310255988128,-0.220031025598813
"34",2.31462925851703,0.880979517720801,-2.5751503006012,-0.0240310255988128,-0.220031025598813
"35",2.51503006012024,0.853503135917488,-2.5751503006012,-0.0240310255988128,-0.220031025598813
"36",3.27655310621243,0.761669496715062,-2.5751503006012,-0.0240310255988128,-0.220031025598813
"37",3.53707414829659,0.545718529336343,-2.5751503006012,-0.0240310255988128,-0.220031025598813
"38",3.97795591182365,0.46898357822863,-2.5751503006012,-0.0240310255988128,-0.220031025598813
"39",4.59919839679359,0.679666560600192,-2.5751503006012,-0.0240310255988128,-0.220031025598813
"40",4.77955911823647,0.604419357062586,-2.5751503006012,-0.0240310255988128,-0.220031025598813
