"","x","yplot","target","ftrue","fwrong"
"1",-4.13827655310621,0.671963542560235,3.8376753507014,-0.525828534764711,-0.721828534764711
"2",-3.8376753507014,0.798959111431854,3.8376753507014,-0.525828534764711,-0.721828534764711
"3",-2.89579158316633,0.579890286438025,3.8376753507014,-0.525828534764711,-0.721828534764711
"4",-2.69539078156313,0.545065058028362,3.8376753507014,-0.525828534764711,-0.721828534764711
"5",-2.43486973947896,0.391459889952733,3.8376753507014,-0.525828534764711,-0.721828534764711
"6",-2.13426853707415,0.240201670993124,3.8376753507014,-0.525828534764711,-0.721828534764711
"7",-1.45290581162325,0.0511674559563704,3.8376753507014,-0.525828534764711,-0.721828534764711
"8",-1.07214428857715,0.0883484665485509,3.8376753507014,-0.525828534764711,-0.721828534764711
"9",0.210420841683367,-0.476621975564035,3.8376753507014,-0.525828534764711,-0.721828534764711
"10",0.831663326653306,-0.414114270425196,3.8376753507014,-0.525828534764711,-0.721828534764711
"11",1.2124248496994,-0.471216743528615,3.8376753507014,-0.525828534764711,-0.721828534764711
"12",2.29458917835671,-0.741224673467974,3.8376753507014,-0.525828534764711,-0.721828534764711
"13",2.35470941883768,-0.405049663162095,3.8376753507014,-0.525828534764711,-0.721828534764711
"14",2.59519038076152,-0.656371913934679,3.8376753507014,-0.525828534764711,-0.721828534764711
"15",3.13627254509018,-0.638168066508469,3.8376753507014,-0.525828534764711,-0.721828534764711
"16",3.1563126252505,-0.581590023529157,3.8376753507014,-0.525828534764711,-0.721828534764711
"17",3.31663326653307,-0.544753646449928,3.8376753507014,-0.525828534764711,-0.721828534764711
"18",4.49899799599198,-0.479040329388858,3.8376753507014,-0.525828534764711,-0.721828534764711
"19",4.67935871743487,-0.302697494548872,3.8376753507014,-0.525828534764711,-0.721828534764711
"20",4.81963927855711,-0.271218077153562,3.8376753507014,-0.525828534764711,-0.721828534764711
