"","x","yplot","target","ftrue","fwrong"
"1",-3.8376753507014,0.801053813298835,1.69338677354709,-0.0559498721435813,0.140050127856419
"2",-3.7374749498998,0.762776269151196,1.69338677354709,-0.0559498721435813,0.140050127856419
"3",-3.55711422845691,0.865278067207869,1.69338677354709,-0.0559498721435813,0.140050127856419
"4",-3.43687374749499,0.743321139862658,1.69338677354709,-0.0559498721435813,0.140050127856419
"5",-2.79559118236473,0.570684653173595,1.69338677354709,-0.0559498721435813,0.140050127856419
"6",-2.77555110220441,0.579944712019697,1.69338677354709,-0.0559498721435813,0.140050127856419
"7",-2.21442885771543,0.510833614805199,1.69338677354709,-0.0559498721435813,0.140050127856419
"8",-1.49298597194389,0.234753647106084,1.69338677354709,-0.0559498721435813,0.140050127856419
"9",-0.871743486973948,0.286477475436766,1.69338677354709,-0.0559498721435813,0.140050127856419
"10",-0.370741482965932,0.438847607869258,1.69338677354709,-0.0559498721435813,0.140050127856419
"11",0.771543086172344,0.109499606187439,1.69338677354709,-0.0559498721435813,0.140050127856419
"12",0.911823647294589,0.123538023039989,1.69338677354709,-0.0559498721435813,0.140050127856419
"13",0.93186372745491,0.00239402981818708,1.69338677354709,-0.0559498721435813,0.140050127856419
"14",1.39278557114228,-0.0790226478216042,1.69338677354709,-0.0559498721435813,0.140050127856419
"15",2.07414829659319,-0.202980771032967,1.69338677354709,-0.0559498721435813,0.140050127856419
"16",2.13426853707415,-0.17743339828342,1.69338677354709,-0.0559498721435813,0.140050127856419
"17",2.85571142284569,-0.421470354471605,1.69338677354709,-0.0559498721435813,0.140050127856419
"18",3.51703406813627,-0.569821332927848,1.69338677354709,-0.0559498721435813,0.140050127856419
"19",3.55711422845691,-0.493317728303344,1.69338677354709,-0.0559498721435813,0.140050127856419
"20",5,-1.15062291338955,1.69338677354709,-0.0559498721435813,0.140050127856419
