"","x","yplot","target","ftrue","fwrong"
"1",-4.71943887775551,0.0588510021358311,0.911823647294589,0.882670731241235,1.07867073124124
"2",-4.17835671342685,0.0837146128724709,0.911823647294589,0.882670731241235,1.07867073124124
"3",-2.95591182364729,0.447948522119784,0.911823647294589,0.882670731241235,1.07867073124124
"4",-2.15430861723447,0.772201571056987,0.911823647294589,0.882670731241235,1.07867073124124
"5",-1.8937875751503,0.942200161919277,0.911823647294589,0.882670731241235,1.07867073124124
"6",-0.170340681362726,1.07804205976626,0.911823647294589,0.882670731241235,1.07867073124124
"7",-0.130260521042084,0.924695779640533,0.911823647294589,0.882670731241235,1.07867073124124
"8",-0.0701402805611222,1.05724042325403,0.911823647294589,0.882670731241235,1.07867073124124
"9",0.0300601202404804,0.946257936570455,0.911823647294589,0.882670731241235,1.07867073124124
"10",0.170340681362725,0.956848810297877,0.911823647294589,0.882670731241235,1.07867073124124
"11",0.230460921843687,0.813125582580784,0.911823647294589,0.882670731241235,1.07867073124124
"12",0.430861723446894,1.03441139435035,0.911823647294589,0.882670731241235,1.07867073124124
"13",0.511022044088176,0.909376923832762,0.911823647294589,0.882670731241235,1.07867073124124
"14",0.551102204408817,0.926971403296447,0.911823647294589,0.882670731241235,1.07867073124124
"15",0.651302605210421,1.03750465702684,0.911823647294589,0.882670731241235,1.07867073124124
"16",0.671342685370742,0.931530826004795,0.911823647294589,0.882670731241235,1.07867073124124
"17",0.751503006012024,1.05839055826795,0.911823647294589,0.882670731241235,1.07867073124124
"18",0.871743486973948,0.867397094694999,0.911823647294589,0.882670731241235,1.07867073124124
"19",1.15230460921844,0.863611570207836,0.911823647294589,0.882670731241235,1.07867073124124
"20",1.19238476953908,0.881883919800813,0.911823647294589,0.882670731241235,1.07867073124124
"21",1.27254509018036,0.747333083971767,0.911823647294589,0.882670731241235,1.07867073124124
"22",1.312625250501,0.870347248244815,0.911823647294589,0.882670731241235,1.07867073124124
"23",1.55310621242485,0.665507631265829,0.911823647294589,0.882670731241235,1.07867073124124
"24",1.57314629258517,0.70077596033406,0.911823647294589,0.882670731241235,1.07867073124124
"25",1.59318637274549,0.731849128923686,0.911823647294589,0.882670731241235,1.07867073124124
"26",1.69338677354709,0.895130280031491,0.911823647294589,0.882670731241235,1.07867073124124
"27",1.87374749498998,0.853902610982704,0.911823647294589,0.882670731241235,1.07867073124124
"28",1.8937875751503,0.798174702838136,0.911823647294589,0.882670731241235,1.07867073124124
"29",3.21643286573146,0.22643264726985,0.911823647294589,0.882670731241235,1.07867073124124
"30",4.81963927855711,-0.590857148790456,0.911823647294589,0.882670731241235,1.07867073124124
