"","x","yplot","target","ftrue","fwrong"
"1",-4.61923847695391,0.647062973992646,-3.11623246492986,0.697379213906315,0.501379213906315
"2",-4.4188376753507,0.694670502367821,-3.11623246492986,0.697379213906315,0.501379213906315
"3",-4.3186372745491,0.903532874970052,-3.11623246492986,0.697379213906315,0.501379213906315
"4",-4.01803607214429,0.700330896185222,-3.11623246492986,0.697379213906315,0.501379213906315
"5",-3.99799599198397,0.848158156105724,-3.11623246492986,0.697379213906315,0.501379213906315
"6",-3.91783567134269,0.964760592416384,-3.11623246492986,0.697379213906315,0.501379213906315
"7",-3.87775551102204,0.782273415201474,-3.11623246492986,0.697379213906315,0.501379213906315
"8",-3.8376753507014,0.921494707549335,-3.11623246492986,0.697379213906315,0.501379213906315
"9",-3.7374749498998,0.809583836917755,-3.11623246492986,0.697379213906315,0.501379213906315
"10",-3.71743486973948,0.893810769927313,-3.11623246492986,0.697379213906315,0.501379213906315
"11",-3.65731462925852,0.829203007004752,-3.11623246492986,0.697379213906315,0.501379213906315
"12",-3.6372745490982,0.808032370889612,-3.11623246492986,0.697379213906315,0.501379213906315
"13",-3.59719438877756,0.6557035889337,-3.11623246492986,0.697379213906315,0.501379213906315
"14",-3.51703406813627,0.569653676465558,-3.11623246492986,0.697379213906315,0.501379213906315
"15",-3.47695390781563,0.847578119427304,-3.11623246492986,0.697379213906315,0.501379213906315
"16",-3.45691382765531,0.688597749083484,-3.11623246492986,0.697379213906315,0.501379213906315
"17",-3.31663326653307,0.554035597107574,-3.11623246492986,0.697379213906315,0.501379213906315
"18",-3.23647294589178,0.931830314447763,-3.11623246492986,0.697379213906315,0.501379213906315
"19",-3.21643286573146,0.736723747853095,-3.11623246492986,0.697379213906315,0.501379213906315
"20",-3.1563126252505,0.697588052091736,-3.11623246492986,0.697379213906315,0.501379213906315
"21",-2.99599198396794,0.543974757384595,-3.11623246492986,0.697379213906315,0.501379213906315
"22",-2.97595190380762,0.455320502037387,-3.11623246492986,0.697379213906315,0.501379213906315
"23",-2.95591182364729,0.517663634103839,-3.11623246492986,0.697379213906315,0.501379213906315
"24",-2.91583166332665,0.682058726753116,-3.11623246492986,0.697379213906315,0.501379213906315
"25",-2.89579158316633,0.714362760559853,-3.11623246492986,0.697379213906315,0.501379213906315
"26",-2.81563126252505,0.63804187667876,-3.11623246492986,0.697379213906315,0.501379213906315
"27",-2.79559118236473,0.584936503675878,-3.11623246492986,0.697379213906315,0.501379213906315
"28",-2.71543086172345,0.532515154574433,-3.11623246492986,0.697379213906315,0.501379213906315
"29",-2.5751503006012,0.641815658026412,-3.11623246492986,0.697379213906315,0.501379213906315
"30",-2.51503006012024,0.576930777658659,-3.11623246492986,0.697379213906315,0.501379213906315
"31",-2.45490981963928,0.67209739724394,-3.11623246492986,0.697379213906315,0.501379213906315
"32",-2.43486973947896,0.570344403462668,-3.11623246492986,0.697379213906315,0.501379213906315
"33",-2.39478957915832,0.35031592753771,-3.11623246492986,0.697379213906315,0.501379213906315
"34",-2.374749498998,0.602640898899701,-3.11623246492986,0.697379213906315,0.501379213906315
"35",-2.29458917835671,0.583146146036237,-3.11623246492986,0.697379213906315,0.501379213906315
"36",-2.25450901803607,0.53354324491274,-3.11623246492986,0.697379213906315,0.501379213906315
"37",-2.21442885771543,0.48765323046011,-3.11623246492986,0.697379213906315,0.501379213906315
"38",-2.19438877755511,0.626390316485257,-3.11623246492986,0.697379213906315,0.501379213906315
"39",-2.11422845691383,0.41554480851713,-3.11623246492986,0.697379213906315,0.501379213906315
"40",-1.97394789579158,0.302390006013582,-3.11623246492986,0.697379213906315,0.501379213906315
"41",-1.15230460921844,0.0533703116245516,-3.11623246492986,0.697379213906315,0.501379213906315
"42",-1.07214428857715,-0.0595445435476349,-3.11623246492986,0.697379213906315,0.501379213906315
"43",-0.531062124248497,-0.0481596595401127,-3.11623246492986,0.697379213906315,0.501379213906315
"44",-0.430861723446894,-0.160930257399086,-3.11623246492986,0.697379213906315,0.501379213906315
"45",0.370741482965932,-0.302441604124401,-3.11623246492986,0.697379213906315,0.501379213906315
"46",1.19238476953908,-0.646684065383963,-3.11623246492986,0.697379213906315,0.501379213906315
"47",1.45290581162325,-0.631387650182275,-3.11623246492986,0.697379213906315,0.501379213906315
"48",1.69338677354709,-0.521861203966696,-3.11623246492986,0.697379213906315,0.501379213906315
"49",2.67535070140281,-0.798043224159284,-3.11623246492986,0.697379213906315,0.501379213906315
"50",3.39679358717435,-0.506003270051011,-3.11623246492986,0.697379213906315,0.501379213906315
