"","x","yplot","target","ftrue","fwrong"
"1",-4.95991983967936,-0.7930630226936,2.75551102204409,0.221402555688271,0.0254025556882706
"2",-4.59919839679359,-0.711523595598656,2.75551102204409,0.221402555688271,0.0254025556882706
"3",-3.17635270541082,-0.481645679636209,2.75551102204409,0.221402555688271,0.0254025556882706
"4",-2.95591182364729,-0.498910366810182,2.75551102204409,0.221402555688271,0.0254025556882706
"5",-2.65531062124249,-0.433881477688258,2.75551102204409,0.221402555688271,0.0254025556882706
"6",0.0300601202404804,0.231784005084415,2.75551102204409,0.221402555688271,0.0254025556882706
"7",0.95190380761523,0.328665274289865,2.75551102204409,0.221402555688271,0.0254025556882706
"8",1.13226452905812,0.338450650871097,2.75551102204409,0.221402555688271,0.0254025556882706
"9",1.77354709418838,0.228904915543294,2.75551102204409,0.221402555688271,0.0254025556882706
"10",1.7935871743487,0.30251729979395,2.75551102204409,0.221402555688271,0.0254025556882706
"11",1.87374749498998,0.427316825522872,2.75551102204409,0.221402555688271,0.0254025556882706
"12",1.93386773547094,0.405861269045167,2.75551102204409,0.221402555688271,0.0254025556882706
"13",2.03406813627254,0.277493864003987,2.75551102204409,0.221402555688271,0.0254025556882706
"14",2.07414829659319,0.316414108663559,2.75551102204409,0.221402555688271,0.0254025556882706
"15",2.09418837675351,0.283108592959422,2.75551102204409,0.221402555688271,0.0254025556882706
"16",2.11422845691383,0.244092873782434,2.75551102204409,0.221402555688271,0.0254025556882706
"17",2.17434869739479,0.26910862527678,2.75551102204409,0.221402555688271,0.0254025556882706
"18",2.19438877755511,0.323454631823095,2.75551102204409,0.221402555688271,0.0254025556882706
"19",2.41482965931864,0.399227475356371,2.75551102204409,0.221402555688271,0.0254025556882706
"20",2.53507014028056,0.343049356315778,2.75551102204409,0.221402555688271,0.0254025556882706
"21",2.5751503006012,0.277736797918428,2.75551102204409,0.221402555688271,0.0254025556882706
"22",2.81563126252505,0.244852444324635,2.75551102204409,0.221402555688271,0.0254025556882706
"23",2.89579158316633,0.254347132001672,2.75551102204409,0.221402555688271,0.0254025556882706
"24",2.91583166332665,0.131903366359912,2.75551102204409,0.221402555688271,0.0254025556882706
"25",3.29659318637274,0.198598094315569,2.75551102204409,0.221402555688271,0.0254025556882706
"26",3.33667334669339,0.254393400681575,2.75551102204409,0.221402555688271,0.0254025556882706
"27",3.49699398797595,0.0762637794500391,2.75551102204409,0.221402555688271,0.0254025556882706
"28",3.51703406813627,0.33854982600341,2.75551102204409,0.221402555688271,0.0254025556882706
"29",3.71743486973948,0.170882565838437,2.75551102204409,0.221402555688271,0.0254025556882706
"30",3.91783567134268,0.170712204909163,2.75551102204409,0.221402555688271,0.0254025556882706
