"","x","yplot","target","ftrue","fwrong"
"1",-4.83967935871743,0.263983276155209,-4.35871743486974,0.13419816812077,0.33019816812077
"2",-4.79959919839679,0.122123576834766,-4.35871743486974,0.13419816812077,0.33019816812077
"3",-4.63927855711423,0.146197788347203,-4.35871743486974,0.13419816812077,0.33019816812077
"4",-4.51903807615231,0.216220957971648,-4.35871743486974,0.13419816812077,0.33019816812077
"5",-4.37875751503006,0.296173686557188,-4.35871743486974,0.13419816812077,0.33019816812077
"6",-4.19839679358717,-0.030973011504128,-4.35871743486974,0.13419816812077,0.33019816812077
"7",-4.17835671342685,0.0174394068435406,-4.35871743486974,0.13419816812077,0.33019816812077
"8",-4.01803607214429,0.111338248987763,-4.35871743486974,0.13419816812077,0.33019816812077
"9",-3.53707414829659,0.154049323669657,-4.35871743486974,0.13419816812077,0.33019816812077
"10",-3.51703406813627,0.0847953958640796,-4.35871743486974,0.13419816812077,0.33019816812077
"11",-3.43687374749499,-0.256639583991093,-4.35871743486974,0.13419816812077,0.33019816812077
"12",-3.41683366733467,0.123702519801414,-4.35871743486974,0.13419816812077,0.33019816812077
"13",-3.13627254509018,-0.186900075002865,-4.35871743486974,0.13419816812077,0.33019816812077
"14",-3.03607214428858,-0.166627683503849,-4.35871743486974,0.13419816812077,0.33019816812077
"15",-3.01603206412826,-0.174156738989877,-4.35871743486974,0.13419816812077,0.33019816812077
"16",-2.73547094188377,-0.0895252508750577,-4.35871743486974,0.13419816812077,0.33019816812077
"17",-2.13426853707415,-0.061480567341831,-4.35871743486974,0.13419816812077,0.33019816812077
"18",-1.55310621242485,-0.414194212173733,-4.35871743486974,0.13419816812077,0.33019816812077
"19",-1.43286573146293,-0.432915559993527,-4.35871743486974,0.13419816812077,0.33019816812077
"20",-1.15230460921844,-0.482570080287479,-4.35871743486974,0.13419816812077,0.33019816812077
"21",-0.851703406813628,-0.386444939787638,-4.35871743486974,0.13419816812077,0.33019816812077
"22",-0.771543086172345,-0.522928070321425,-4.35871743486974,0.13419816812077,0.33019816812077
"23",-0.490981963927856,-0.350669272426162,-4.35871743486974,0.13419816812077,0.33019816812077
"24",-0.470941883767535,-0.707812721383374,-4.35871743486974,0.13419816812077,0.33019816812077
"25",0.230460921843687,-0.564020022704687,-4.35871743486974,0.13419816812077,0.33019816812077
"26",0.290581162324649,-0.40726240338423,-4.35871743486974,0.13419816812077,0.33019816812077
"27",0.551102204408817,-0.710554289472105,-4.35871743486974,0.13419816812077,0.33019816812077
"28",0.751503006012024,-0.518903686214405,-4.35871743486974,0.13419816812077,0.33019816812077
"29",1.2124248496994,-0.858510375353425,-4.35871743486974,0.13419816812077,0.33019816812077
"30",1.312625250501,-0.775767127938753,-4.35871743486974,0.13419816812077,0.33019816812077
"31",2.31462925851703,-0.907320984715094,-4.35871743486974,0.13419816812077,0.33019816812077
"32",2.67535070140281,-0.941396544069848,-4.35871743486974,0.13419816812077,0.33019816812077
"33",3.0561122244489,-1.03388174982212,-4.35871743486974,0.13419816812077,0.33019816812077
"34",3.17635270541082,-1.04752099407684,-4.35871743486974,0.13419816812077,0.33019816812077
"35",3.2565130260521,-0.87757356561587,-4.35871743486974,0.13419816812077,0.33019816812077
"36",3.31663326653307,-0.95509161604271,-4.35871743486974,0.13419816812077,0.33019816812077
"37",3.39679358717435,-1.21255464629834,-4.35871743486974,0.13419816812077,0.33019816812077
"38",3.93787575150301,-1.04442615800948,-4.35871743486974,0.13419816812077,0.33019816812077
"39",4.05811623246493,-0.85008761539962,-4.35871743486974,0.13419816812077,0.33019816812077
"40",4.95991983967936,-0.936873106980047,-4.35871743486974,0.13419816812077,0.33019816812077
