"","x","yplot","target","ftrue","fwrong"
"1",-4.57915831663327,-0.632961170835927,2.17434869739479,-0.0675585905666505,-0.263558590566651
"2",-4.13827655310621,-0.414576686317305,2.17434869739479,-0.0675585905666505,-0.263558590566651
"3",-3.81763527054108,-0.514713429592944,2.17434869739479,-0.0675585905666505,-0.263558590566651
"4",-3.23647294589178,-0.282807954033976,2.17434869739479,-0.0675585905666505,-0.263558590566651
"5",-2.67535070140281,-0.074383270734771,2.17434869739479,-0.0675585905666505,-0.263558590566651
"6",-0.93186372745491,0.102804646650593,2.17434869739479,-0.0675585905666505,-0.263558590566651
"7",-0.470941883767535,0.194123763365241,2.17434869739479,-0.0675585905666505,-0.263558590566651
"8",-0.450901803607215,0.251214944622123,2.17434869739479,-0.0675585905666505,-0.263558590566651
"9",1.19238476953908,0.135934611745353,2.17434869739479,-0.0675585905666505,-0.263558590566651
"10",1.4128256513026,-0.0342594318868238,2.17434869739479,-0.0675585905666505,-0.263558590566651
"11",1.53306613226453,0.0739052254162041,2.17434869739479,-0.0675585905666505,-0.263558590566651
"12",1.59318637274549,0.00310241000340838,2.17434869739479,-0.0675585905666505,-0.263558590566651
"13",1.67334669338677,-0.256596448084532,2.17434869739479,-0.0675585905666505,-0.263558590566651
"14",1.75350701402806,-0.157354936683749,2.17434869739479,-0.0675585905666505,-0.263558590566651
"15",1.85370741482966,-0.143333176566296,2.17434869739479,-0.0675585905666505,-0.263558590566651
"16",1.87374749498998,0.124002469594409,2.17434869739479,-0.0675585905666505,-0.263558590566651
"17",1.9939879759519,-0.053742713478224,2.17434869739479,-0.0675585905666505,-0.263558590566651
"18",2.23446893787575,-0.0159304336138324,2.17434869739479,-0.0675585905666505,-0.263558590566651
"19",2.27454909819639,-0.136480107820845,2.17434869739479,-0.0675585905666505,-0.263558590566651
"20",2.29458917835671,-0.143539231591896,2.17434869739479,-0.0675585905666505,-0.263558590566651
"21",2.31462925851703,-0.0299985796550981,2.17434869739479,-0.0675585905666505,-0.263558590566651
"22",2.33466933867735,0.0229727694453703,2.17434869739479,-0.0675585905666505,-0.263558590566651
"23",2.41482965931864,-0.215400063243003,2.17434869739479,-0.0675585905666505,-0.263558590566651
"24",2.5751503006012,0.0273932788382538,2.17434869739479,-0.0675585905666505,-0.263558590566651
"25",2.69539078156313,-0.170889943709095,2.17434869739479,-0.0675585905666505,-0.263558590566651
"26",2.79559118236473,0.015380944157277,2.17434869739479,-0.0675585905666505,-0.263558590566651
"27",2.81563126252505,0.066944295307958,2.17434869739479,-0.0675585905666505,-0.263558590566651
"28",2.89579158316633,-0.0112899083795175,2.17434869739479,-0.0675585905666505,-0.263558590566651
"29",3.0561122244489,-0.0174233330982969,2.17434869739479,-0.0675585905666505,-0.263558590566651
"30",4.03807615230461,0.727471099576731,2.17434869739479,-0.0675585905666505,-0.263558590566651
