"","x","yplot","target","ftrue","fwrong"
"1",-4.69939879759519,-0.729155290225886,-1.25250501002004,-0.81230764863716,-0.61630764863716
"2",-4.53907815631263,-0.560663676329917,-1.25250501002004,-0.81230764863716,-0.61630764863716
"3",-4.47895791583166,-0.721594235027378,-1.25250501002004,-0.81230764863716,-0.61630764863716
"4",-4.29859719438878,-0.641816540457327,-1.25250501002004,-0.81230764863716,-0.61630764863716
"5",-2.61523046092184,-0.923234728530118,-1.25250501002004,-0.81230764863716,-0.61630764863716
"6",-2.45490981963928,-0.851943583660369,-1.25250501002004,-0.81230764863716,-0.61630764863716
"7",-1.87374749498998,-0.779714719425637,-1.25250501002004,-0.81230764863716,-0.61630764863716
"8",-1.67334669338677,-0.762960330684912,-1.25250501002004,-0.81230764863716,-0.61630764863716
"9",-1.61322645290581,-0.886566997140433,-1.25250501002004,-0.81230764863716,-0.61630764863716
"10",-1.51302605210421,-0.726884281287542,-1.25250501002004,-0.81230764863716,-0.61630764863716
"11",-1.1122244488978,-0.676386627695445,-1.25250501002004,-0.81230764863716,-0.61630764863716
"12",-0.771543086172345,-0.777466692936816,-1.25250501002004,-0.81230764863716,-0.61630764863716
"13",-0.711422845691383,-0.758309230492418,-1.25250501002004,-0.81230764863716,-0.61630764863716
"14",-0.591182364729459,-0.652614155851198,-1.25250501002004,-0.81230764863716,-0.61630764863716
"15",-0.270541082164329,-0.580459568983505,-1.25250501002004,-0.81230764863716,-0.61630764863716
"16",0.591182364729459,-0.259751299920165,-1.25250501002004,-0.81230764863716,-0.61630764863716
"17",0.6312625250501,-0.315250958862178,-1.25250501002004,-0.81230764863716,-0.61630764863716
"18",0.651302605210421,-0.325058571547076,-1.25250501002004,-0.81230764863716,-0.61630764863716
"19",0.791583166332665,-0.074109854823586,-1.25250501002004,-0.81230764863716,-0.61630764863716
"20",0.891783567134269,-0.137688435462355,-1.25250501002004,-0.81230764863716,-0.61630764863716
"21",1.09218436873747,0.0872031273053423,-1.25250501002004,-0.81230764863716,-0.61630764863716
"22",2.03406813627254,0.74741204669668,-1.25250501002004,-0.81230764863716,-0.61630764863716
"23",2.09418837675351,0.79308377834398,-1.25250501002004,-0.81230764863716,-0.61630764863716
"24",2.39478957915832,0.95354746715349,-1.25250501002004,-0.81230764863716,-0.61630764863716
"25",2.4749498997996,0.84209336316262,-1.25250501002004,-0.81230764863716,-0.61630764863716
"26",2.87575150300601,0.799530112553995,-1.25250501002004,-0.81230764863716,-0.61630764863716
"27",3.8376753507014,0.853924976410676,-1.25250501002004,-0.81230764863716,-0.61630764863716
"28",3.95791583166333,0.82802027682738,-1.25250501002004,-0.81230764863716,-0.61630764863716
"29",4.71943887775551,0.290358128614525,-1.25250501002004,-0.81230764863716,-0.61630764863716
"30",4.77955911823647,0.158625539722733,-1.25250501002004,-0.81230764863716,-0.61630764863716
