"","x","yplot","target","ftrue","fwrong"
"1",-3.59719438877756,-0.497729006483451,-1.45290581162325,-0.0481870103126012,0.147812989687399
"2",-2.39478957915832,-0.256986035932577,-1.45290581162325,-0.0481870103126012,0.147812989687399
"3",-1.83366733466934,-0.291432660268417,-1.45290581162325,-0.0481870103126012,0.147812989687399
"4",-1.51302605210421,-0.193923951687277,-1.45290581162325,-0.0481870103126012,0.147812989687399
"5",-1.25250501002004,-0.162242110929749,-1.45290581162325,-0.0481870103126012,0.147812989687399
"6",-1.23246492985972,0.146146261356509,-1.45290581162325,-0.0481870103126012,0.147812989687399
"7",-0.851703406813628,0.225803418385905,-1.45290581162325,-0.0481870103126012,0.147812989687399
"8",-0.831663326653307,0.23597636757668,-1.45290581162325,-0.0481870103126012,0.147812989687399
"9",0.591182364729459,0.507150571201803,-1.45290581162325,-0.0481870103126012,0.147812989687399
"10",2.13426853707415,0.985818262283736,-1.45290581162325,-0.0481870103126012,0.147812989687399
