"","x","yplot","target","ftrue","fwrong"
"1",-4.93987975951904,-0.947892456653757,-0.651302605210421,0.142765354290213,-0.053234645709787
"2",-4.63927855711423,-0.9681865836846,-0.651302605210421,0.142765354290213,-0.053234645709787
"3",-4.05811623246493,-0.608764129612011,-0.651302605210421,0.142765354290213,-0.053234645709787
"4",-3.67735470941884,-0.747187027899608,-0.651302605210421,0.142765354290213,-0.053234645709787
"5",-3.59719438877756,-0.832495014020281,-0.651302605210421,0.142765354290213,-0.053234645709787
"6",-3.55711422845691,-0.729799122814841,-0.651302605210421,0.142765354290213,-0.053234645709787
"7",-3.1563126252505,-0.731805963568022,-0.651302605210421,0.142765354290213,-0.053234645709787
"8",-2.87575150300601,-0.601930099577664,-0.651302605210421,0.142765354290213,-0.053234645709787
"9",-2.03406813627255,-0.151592358170256,-0.651302605210421,0.142765354290213,-0.053234645709787
"10",-1.83366733466934,-0.242089538876896,-0.651302605210421,0.142765354290213,-0.053234645709787
"11",-1.73346693386774,-0.204335671508174,-0.651302605210421,0.142765354290213,-0.053234645709787
"12",-1.59318637274549,-0.276376352988644,-0.651302605210421,0.142765354290213,-0.053234645709787
"13",-1.45290581162325,0.0146484592379893,-0.651302605210421,0.142765354290213,-0.053234645709787
"14",-0.91182364729459,0.117181207694075,-0.651302605210421,0.142765354290213,-0.053234645709787
"15",-0.851703406813628,0.114306878683595,-0.651302605210421,0.142765354290213,-0.053234645709787
"16",-0.61122244488978,0.221950755760031,-0.651302605210421,0.142765354290213,-0.053234645709787
"17",-0.490981963927856,0.258509493394051,-0.651302605210421,0.142765354290213,-0.053234645709787
"18",-0.370741482965932,0.10229870287786,-0.651302605210421,0.142765354290213,-0.053234645709787
"19",-0.150300601202405,0.380126083036016,-0.651302605210421,0.142765354290213,-0.053234645709787
"20",-0.0501002004008022,0.209075508358872,-0.651302605210421,0.142765354290213,-0.053234645709787
"21",0.150300601202405,0.232952001912612,-0.651302605210421,0.142765354290213,-0.053234645709787
"22",0.170340681362725,0.399679908595276,-0.651302605210421,0.142765354290213,-0.053234645709787
"23",0.250501002004007,0.264628901315319,-0.651302605210421,0.142765354290213,-0.053234645709787
"24",0.851703406813627,0.392862238602157,-0.651302605210421,0.142765354290213,-0.053234645709787
"25",1.03206412825651,0.371665637508889,-0.651302605210421,0.142765354290213,-0.053234645709787
"26",1.23246492985972,0.655237947379834,-0.651302605210421,0.142765354290213,-0.053234645709787
"27",1.27254509018036,0.49199634751217,-0.651302605210421,0.142765354290213,-0.053234645709787
"28",1.33266533066132,0.444187956812518,-0.651302605210421,0.142765354290213,-0.053234645709787
"29",1.63326653306613,0.445420903298782,-0.651302605210421,0.142765354290213,-0.053234645709787
"30",2.79559118236473,0.405577944207123,-0.651302605210421,0.142765354290213,-0.053234645709787
"31",2.89579158316633,0.519654919249849,-0.651302605210421,0.142765354290213,-0.053234645709787
"32",2.91583166332665,0.665264770547023,-0.651302605210421,0.142765354290213,-0.053234645709787
"33",3.47695390781563,0.452705581958836,-0.651302605210421,0.142765354290213,-0.053234645709787
"34",3.49699398797595,0.387315028789338,-0.651302605210421,0.142765354290213,-0.053234645709787
"35",3.53707414829659,0.390972947892263,-0.651302605210421,0.142765354290213,-0.053234645709787
"36",3.87775551102204,0.257893522607855,-0.651302605210421,0.142765354290213,-0.053234645709787
"37",4.05811623246493,0.179930356164137,-0.651302605210421,0.142765354290213,-0.053234645709787
"38",4.09819639278557,0.243131241514965,-0.651302605210421,0.142765354290213,-0.053234645709787
"39",4.35871743486974,0.1704069346613,-0.651302605210421,0.142765354290213,-0.053234645709787
"40",4.81963927855711,0.174734381011754,-0.651302605210421,0.142765354290213,-0.053234645709787
