"","x","yplot","target","ftrue","fwrong"
"1",-2.29458917835671,-0.701378550857604,-1.65330661322645,-0.613744001483952,-0.417744001483952
"2",-1.97394789579158,-0.647646243326496,-1.65330661322645,-0.613744001483952,-0.417744001483952
"3",-1.93386773547094,-0.832213729728262,-1.65330661322645,-0.613744001483952,-0.417744001483952
"4",-0.95190380761523,-0.370680183301445,-1.65330661322645,-0.613744001483952,-0.417744001483952
"5",-0.891783567134269,-0.352422053159041,-1.65330661322645,-0.613744001483952,-0.417744001483952
"6",-0.751503006012024,-0.225819538200738,-1.65330661322645,-0.613744001483952,-0.417744001483952
"7",-0.711422845691383,-0.199497547564742,-1.65330661322645,-0.613744001483952,-0.417744001483952
"8",0.95190380761523,0.324654054089024,-1.65330661322645,-0.613744001483952,-0.417744001483952
"9",2.79559118236473,0.786061026415173,-1.65330661322645,-0.613744001483952,-0.417744001483952
"10",4.85971943887776,0.86209870586144,-1.65330661322645,-0.613744001483952,-0.417744001483952
