"","x","yplot","target","ftrue","fwrong"
"1",-1.8937875751503,0.615591707824213,-0.93186372745491,0.659080992278968,0.463080992278968
"2",-1.85370741482966,0.430387227219401,-0.93186372745491,0.659080992278968,0.463080992278968
"3",-1.81362725450902,0.50745626095272,-0.93186372745491,0.659080992278968,0.463080992278968
"4",-1.73346693386774,0.4189286098318,-0.93186372745491,0.659080992278968,0.463080992278968
"5",-1.67334669338677,0.651229041270313,-0.93186372745491,0.659080992278968,0.463080992278968
"6",-1.63326653306613,0.285686318485123,-0.93186372745491,0.659080992278968,0.463080992278968
"7",-1.61322645290581,0.516590253349048,-0.93186372745491,0.659080992278968,0.463080992278968
"8",-1.57314629258517,0.525997270402431,-0.93186372745491,0.659080992278968,0.463080992278968
"9",-1.53306613226453,0.369026957563309,-0.93186372745491,0.659080992278968,0.463080992278968
"10",-1.43286573146293,0.729664115194463,-0.93186372745491,0.659080992278968,0.463080992278968
"11",-1.33266533066132,0.521170178143399,-0.93186372745491,0.659080992278968,0.463080992278968
"12",-1.23246492985972,0.739794525489895,-0.93186372745491,0.659080992278968,0.463080992278968
"13",-1.15230460921844,0.616690788950308,-0.93186372745491,0.659080992278968,0.463080992278968
"14",-1.1122244488978,0.526471038731485,-0.93186372745491,0.659080992278968,0.463080992278968
"15",-0.95190380761523,0.731449269233318,-0.93186372745491,0.659080992278968,0.463080992278968
"16",-0.851703406813628,0.60736876898241,-0.93186372745491,0.659080992278968,0.463080992278968
"17",-0.791583166332665,0.888588860952889,-0.93186372745491,0.659080992278968,0.463080992278968
"18",-0.751503006012024,0.724296704275873,-0.93186372745491,0.659080992278968,0.463080992278968
"19",-0.61122244488978,0.694653746301194,-0.93186372745491,0.659080992278968,0.463080992278968
"20",-0.531062124248497,0.739805568587449,-0.93186372745491,0.659080992278968,0.463080992278968
"21",-0.511022044088176,0.562517668580434,-0.93186372745491,0.659080992278968,0.463080992278968
"22",-0.370741482965932,0.620886660181924,-0.93186372745491,0.659080992278968,0.463080992278968
"23",-0.31062124248497,0.814500560417103,-0.93186372745491,0.659080992278968,0.463080992278968
"24",-0.290581162324649,0.947048240581496,-0.93186372745491,0.659080992278968,0.463080992278968
"25",-0.230460921843687,0.712842333505281,-0.93186372745491,0.659080992278968,0.463080992278968
"26",-0.130260521042084,0.682999817567416,-0.93186372745491,0.659080992278968,0.463080992278968
"27",-0.0300601202404813,0.842596729690458,-0.93186372745491,0.659080992278968,0.463080992278968
"28",0.0501002004008013,0.687704018505531,-0.93186372745491,0.659080992278968,0.463080992278968
"29",1.15230460921844,0.902078147574303,-0.93186372745491,0.659080992278968,0.463080992278968
"30",1.45290581162325,0.585158183115637,-0.93186372745491,0.659080992278968,0.463080992278968
"31",1.67334669338677,0.790223681179397,-0.93186372745491,0.659080992278968,0.463080992278968
"32",1.75350701402806,0.928028018310609,-0.93186372745491,0.659080992278968,0.463080992278968
"33",2.13426853707415,0.671006953604703,-0.93186372745491,0.659080992278968,0.463080992278968
"34",2.35470941883768,0.674576338504689,-0.93186372745491,0.659080992278968,0.463080992278968
"35",3.0561122244489,0.611651389568583,-0.93186372745491,0.659080992278968,0.463080992278968
"36",3.39679358717435,0.320361196819425,-0.93186372745491,0.659080992278968,0.463080992278968
"37",4.17835671342685,0.398788875653995,-0.93186372745491,0.659080992278968,0.463080992278968
"38",4.25851703406814,0.358507251132421,-0.93186372745491,0.659080992278968,0.463080992278968
"39",4.45891783567134,0.39106392190768,-0.93186372745491,0.659080992278968,0.463080992278968
"40",5,0.1483996229201,-0.93186372745491,0.659080992278968,0.463080992278968
