"","x","yplot","target","ftrue","fwrong"
"1",-4.85971943887776,0.43250303443511,-0.0901803607214431,0.771702676816874,0.575702676816874
"2",-4.69939879759519,0.570266658178175,-0.0901803607214431,0.771702676816874,0.575702676816874
"3",-4.4188376753507,0.566836018495481,-0.0901803607214431,0.771702676816874,0.575702676816874
"4",-4.33867735470942,0.639571825268946,-0.0901803607214431,0.771702676816874,0.575702676816874
"5",-4.3186372745491,0.563291958403946,-0.0901803607214431,0.771702676816874,0.575702676816874
"6",-4.03807615230461,0.752661125738844,-0.0901803607214431,0.771702676816874,0.575702676816874
"7",-3.97795591182365,0.657339427237456,-0.0901803607214431,0.771702676816874,0.575702676816874
"8",-3.1563126252505,0.997814584067311,-0.0901803607214431,0.771702676816874,0.575702676816874
"9",-2.75551102204409,0.858833864174854,-0.0901803607214431,0.771702676816874,0.575702676816874
"10",-2.374749498998,1.05602084173635,-0.0901803607214431,0.771702676816874,0.575702676816874
"11",-2.19438877755511,1.03654449073579,-0.0901803607214431,0.771702676816874,0.575702676816874
"12",-2.05410821643287,0.826476991250444,-0.0901803607214431,0.771702676816874,0.575702676816874
"13",-1.97394789579158,0.912639050258367,-0.0901803607214431,0.771702676816874,0.575702676816874
"14",-1.77354709418838,0.758756609874247,-0.0901803607214431,0.771702676816874,0.575702676816874
"15",-1.25250501002004,0.910438493174215,-0.0901803607214431,0.771702676816874,0.575702676816874
"16",-1.19238476953908,0.854929007960066,-0.0901803607214431,0.771702676816874,0.575702676816874
"17",-0.95190380761523,0.931030878584394,-0.0901803607214431,0.771702676816874,0.575702676816874
"18",-0.93186372745491,0.952412276873424,-0.0901803607214431,0.771702676816874,0.575702676816874
"19",-0.751503006012024,0.853372628013081,-0.0901803607214431,0.771702676816874,0.575702676816874
"20",-0.711422845691383,0.77910981977576,-0.0901803607214431,0.771702676816874,0.575702676816874
"21",-0.511022044088176,0.643351632678591,-0.0901803607214431,0.771702676816874,0.575702676816874
"22",-0.110220440881764,0.75560175099776,-0.0901803607214431,0.771702676816874,0.575702676816874
"23",-0.0701402805611222,0.915492473712643,-0.0901803607214431,0.771702676816874,0.575702676816874
"24",0.110220440881763,0.657517048082142,-0.0901803607214431,0.771702676816874,0.575702676816874
"25",0.270541082164328,0.601335395572477,-0.0901803607214431,0.771702676816874,0.575702676816874
"26",0.350701402805611,0.572528277333989,-0.0901803607214431,0.771702676816874,0.575702676816874
"27",0.651302605210421,0.505449987460586,-0.0901803607214431,0.771702676816874,0.575702676816874
"28",0.871743486973948,0.409013249018854,-0.0901803607214431,0.771702676816874,0.575702676816874
"29",1.37274549098196,0.517935763916781,-0.0901803607214431,0.771702676816874,0.575702676816874
"30",1.4128256513026,0.46089480234912,-0.0901803607214431,0.771702676816874,0.575702676816874
"31",1.77354709418838,0.307309235098998,-0.0901803607214431,0.771702676816874,0.575702676816874
"32",1.7935871743487,0.323075731706113,-0.0901803607214431,0.771702676816874,0.575702676816874
"33",1.9939879759519,0.303007151816554,-0.0901803607214431,0.771702676816874,0.575702676816874
"34",3.11623246492986,0.0278115250900425,-0.0901803607214431,0.771702676816874,0.575702676816874
"35",3.35671342685371,-0.102838140157237,-0.0901803607214431,0.771702676816874,0.575702676816874
"36",3.97795591182365,-0.379215978095082,-0.0901803607214431,0.771702676816874,0.575702676816874
"37",4.01803607214429,-0.236398160018376,-0.0901803607214431,0.771702676816874,0.575702676816874
"38",4.25851703406814,-0.671196791957325,-0.0901803607214431,0.771702676816874,0.575702676816874
"39",4.27855711422846,-0.605831559967301,-0.0901803607214431,0.771702676816874,0.575702676816874
"40",4.3186372745491,-0.51690426077932,-0.0901803607214431,0.771702676816874,0.575702676816874
