"","x","yplot","target","ftrue","fwrong"
"1",-4.75951903807615,0.470097061852409,4.03807615230461,0.0320264195490607,-0.163973580450939
"2",-4.07815631262525,0.749439787254057,4.03807615230461,0.0320264195490607,-0.163973580450939
"3",-3.41683366733467,0.857883244894937,4.03807615230461,0.0320264195490607,-0.163973580450939
"4",-3.01603206412826,0.525165018835871,4.03807615230461,0.0320264195490607,-0.163973580450939
"5",-2.99599198396794,0.630543852427674,4.03807615230461,0.0320264195490607,-0.163973580450939
"6",-2.91583166332665,0.679085704712692,4.03807615230461,0.0320264195490607,-0.163973580450939
"7",-2.41482965931864,0.22771438968295,4.03807615230461,0.0320264195490607,-0.163973580450939
"8",-2.35470941883768,0.307942704598892,4.03807615230461,0.0320264195490607,-0.163973580450939
"9",-1.95390781563126,0.269672441389264,4.03807615230461,0.0320264195490607,-0.163973580450939
"10",-0.751503006012024,-0.506264673939061,4.03807615230461,0.0320264195490607,-0.163973580450939
"11",-0.651302605210421,-0.375090535201173,4.03807615230461,0.0320264195490607,-0.163973580450939
"12",-0.210420841683367,-0.594326008322433,4.03807615230461,0.0320264195490607,-0.163973580450939
"13",0.0701402805611222,-0.502295080917134,4.03807615230461,0.0320264195490607,-0.163973580450939
"14",0.270541082164328,-0.578253952117345,4.03807615230461,0.0320264195490607,-0.163973580450939
"15",0.591182364729459,-0.567000455124953,4.03807615230461,0.0320264195490607,-0.163973580450939
"16",1.312625250501,-0.833460592184627,4.03807615230461,0.0320264195490607,-0.163973580450939
"17",1.47294589178357,-0.504846399424885,4.03807615230461,0.0320264195490607,-0.163973580450939
"18",1.67334669338677,-0.644443914341997,4.03807615230461,0.0320264195490607,-0.163973580450939
"19",2.27454909819639,-0.603420696285848,4.03807615230461,0.0320264195490607,-0.163973580450939
"20",2.5751503006012,-0.555050254926136,4.03807615230461,0.0320264195490607,-0.163973580450939
"21",2.79559118236473,-0.3678712877944,4.03807615230461,0.0320264195490607,-0.163973580450939
"22",3.65731462925852,-0.0288615416161478,4.03807615230461,0.0320264195490607,-0.163973580450939
"23",3.89779559118236,0.057890116250797,4.03807615230461,0.0320264195490607,-0.163973580450939
"24",3.91783567134268,0.174018871400959,4.03807615230461,0.0320264195490607,-0.163973580450939
"25",4.01803607214429,0.0946890869348099,4.03807615230461,0.0320264195490607,-0.163973580450939
"26",4.05811623246493,0.154080286211715,4.03807615230461,0.0320264195490607,-0.163973580450939
"27",4.15831663326653,-0.119047169572411,4.03807615230461,0.0320264195490607,-0.163973580450939
"28",4.55911823647295,0.16669992734992,4.03807615230461,0.0320264195490607,-0.163973580450939
"29",4.85971943887776,0.031816148996436,4.03807615230461,0.0320264195490607,-0.163973580450939
"30",4.91983967935872,-0.0158299806230984,4.03807615230461,0.0320264195490607,-0.163973580450939
