"","x","yplot","target","ftrue","fwrong"
"1",-4.8997995991984,0.74959513252477,0.651302605210421,0.667238206812117,0.863238206812117
"2",-3.91783567134269,0.339604850956156,0.651302605210421,0.667238206812117,0.863238206812117
"3",-0.330661322645291,0.31495483335257,0.651302605210421,0.667238206812117,0.863238206812117
"4",-0.190380761523047,0.418097632504179,0.651302605210421,0.667238206812117,0.863238206812117
"5",-0.150300601202405,0.306477293995396,0.651302605210421,0.667238206812117,0.863238206812117
"6",0.0901803607214431,0.355756581575068,0.651302605210421,0.667238206812117,0.863238206812117
"7",0.110220440881763,0.683801507105046,0.651302605210421,0.667238206812117,0.863238206812117
"8",0.390781563126252,0.561758880293979,0.651302605210421,0.667238206812117,0.863238206812117
"9",0.450901803607215,0.730994997323937,0.651302605210421,0.667238206812117,0.863238206812117
"10",0.531062124248497,0.734700447483068,0.651302605210421,0.667238206812117,0.863238206812117
"11",0.551102204408817,0.683169618671911,0.651302605210421,0.667238206812117,0.863238206812117
"12",0.591182364729459,0.867264455179962,0.651302605210421,0.667238206812117,0.863238206812117
"13",0.611222444889779,0.622081772106956,0.651302605210421,0.667238206812117,0.863238206812117
"14",0.6312625250501,0.556027771589463,0.651302605210421,0.667238206812117,0.863238206812117
"15",0.791583166332665,0.632170976148483,0.651302605210421,0.667238206812117,0.863238206812117
"16",0.871743486973948,0.597731957085956,0.651302605210421,0.667238206812117,0.863238206812117
"17",1.13226452905812,0.676335797451868,0.651302605210421,0.667238206812117,0.863238206812117
"18",1.29258517034068,0.713689930455564,0.651302605210421,0.667238206812117,0.863238206812117
"19",1.312625250501,0.630844570796545,0.651302605210421,0.667238206812117,0.863238206812117
"20",1.33266533066132,0.637818925022506,0.651302605210421,0.667238206812117,0.863238206812117
"21",1.35270541082164,0.561279088250979,0.651302605210421,0.667238206812117,0.863238206812117
"22",1.37274549098196,0.675552002154729,0.651302605210421,0.667238206812117,0.863238206812117
"23",1.59318637274549,0.525046115716828,0.651302605210421,0.667238206812117,0.863238206812117
"24",1.69338677354709,0.590859292437222,0.651302605210421,0.667238206812117,0.863238206812117
"25",2.89579158316633,-0.349977470577576,0.651302605210421,0.667238206812117,0.863238206812117
"26",3.8376753507014,-0.885159227791067,0.651302605210421,0.667238206812117,0.863238206812117
"27",4.19839679358717,-0.995599823018892,0.651302605210421,0.667238206812117,0.863238206812117
"28",4.29859719438878,-0.972646556586079,0.651302605210421,0.667238206812117,0.863238206812117
"29",4.69939879759519,-0.710661420003269,0.651302605210421,0.667238206812117,0.863238206812117
"30",4.85971943887776,-0.812703359566616,0.651302605210421,0.667238206812117,0.863238206812117
