"","x","yplot","target","ftrue","fwrong"
"1",-4.8997995991984,0.175187924242432,-0.290581162324649,0.117043901457539,-0.0789560985424611
"2",-4.17835671342685,0.453701743050519,-0.290581162324649,0.117043901457539,-0.0789560985424611
"3",-3.43687374749499,0.78051060082228,-0.290581162324649,0.117043901457539,-0.0789560985424611
"4",-3.33667334669339,0.649113123908663,-0.290581162324649,0.117043901457539,-0.0789560985424611
"5",-3.1563126252505,0.727253147259525,-0.290581162324649,0.117043901457539,-0.0789560985424611
"6",-2.81563126252505,0.840782473312916,-0.290581162324649,0.117043901457539,-0.0789560985424611
"7",-2.71543086172345,0.786684306471455,-0.290581162324649,0.117043901457539,-0.0789560985424611
"8",-2.45490981963928,0.822902777342011,-0.290581162324649,0.117043901457539,-0.0789560985424611
"9",-1.01202404809619,0.296144174833244,-0.290581162324649,0.117043901457539,-0.0789560985424611
"10",-0.711422845691383,0.305963741841382,-0.290581162324649,0.117043901457539,-0.0789560985424611
"11",-0.410821643286574,0.0414186012174616,-0.290581162324649,0.117043901457539,-0.0789560985424611
"12",-0.150300601202405,0.153579989589597,-0.290581162324649,0.117043901457539,-0.0789560985424611
"13",0.0100200400801604,-0.0877992367504384,-0.290581162324649,0.117043901457539,-0.0789560985424611
"14",0.410821643286573,-0.109252659746766,-0.290581162324649,0.117043901457539,-0.0789560985424611
"15",2.67535070140281,-0.409694860813608,-0.290581162324649,0.117043901457539,-0.0789560985424611
"16",2.99599198396794,-0.392492553120049,-0.290581162324649,0.117043901457539,-0.0789560985424611
"17",3.45691382765531,-0.30435890457416,-0.290581162324649,0.117043901457539,-0.0789560985424611
"18",4.53907815631263,-0.20378598929371,-0.290581162324649,0.117043901457539,-0.0789560985424611
"19",4.73947895791583,-0.170245648928864,-0.290581162324649,0.117043901457539,-0.0789560985424611
"20",4.87975951903808,-0.0772799600499679,-0.290581162324649,0.117043901457539,-0.0789560985424611
