"","x","yplot","target","ftrue","fwrong"
"1",-2.67535070140281,0.843314080113507,-1.37274549098196,0.357682191700687,0.553682191700687
"2",-2.09418837675351,0.436026661043995,-1.37274549098196,0.357682191700687,0.553682191700687
"3",-1.91382765531062,0.519338069072522,-1.37274549098196,0.357682191700687,0.553682191700687
"4",-1.87374749498998,0.47090772164847,-1.37274549098196,0.357682191700687,0.553682191700687
"5",-1.03206412825651,0.218905075874742,-1.37274549098196,0.357682191700687,0.553682191700687
"6",-0.991983967935872,0.331747169766062,-1.37274549098196,0.357682191700687,0.553682191700687
"7",-0.811623246492986,0.138236918626641,-1.37274549098196,0.357682191700687,0.553682191700687
"8",-0.651302605210421,0.0508918735369288,-1.37274549098196,0.357682191700687,0.553682191700687
"9",3.35671342685371,-0.31821830324272,-1.37274549098196,0.357682191700687,0.553682191700687
"10",3.85771543086172,-0.327700190611631,-1.37274549098196,0.357682191700687,0.553682191700687
