"","x","yplot","target","ftrue","fwrong"
"1",-4.79959919839679,-0.192568709345936,3.47695390781563,0.932344204929454,1.12834420492945
"2",-4.69939879759519,-0.454525725001061,3.47695390781563,0.932344204929454,1.12834420492945
"3",-4.49899799599198,-0.355056238399409,3.47695390781563,0.932344204929454,1.12834420492945
"4",-4.39879759519038,-0.413898979217564,3.47695390781563,0.932344204929454,1.12834420492945
"5",-3.87775551102204,-0.886233645188064,3.47695390781563,0.932344204929454,1.12834420492945
"6",-3.33667334669339,-0.687062367736898,3.47695390781563,0.932344204929454,1.12834420492945
"7",-2.29458917835671,-0.660988921041341,3.47695390781563,0.932344204929454,1.12834420492945
"8",-1.37274549098196,0.114432437179876,3.47695390781563,0.932344204929454,1.12834420492945
"9",-0.851703406813628,0.469894868439522,3.47695390781563,0.932344204929454,1.12834420492945
"10",-0.651302605210421,0.566653758816325,3.47695390781563,0.932344204929454,1.12834420492945
"11",0.0100200400801604,0.818653403106282,3.47695390781563,0.932344204929454,1.12834420492945
"12",1.19238476953908,0.290975514890608,3.47695390781563,0.932344204929454,1.12834420492945
"13",2.61523046092184,0.636455310243675,3.47695390781563,0.932344204929454,1.12834420492945
"14",2.69539078156313,0.625635335965358,3.47695390781563,0.932344204929454,1.12834420492945
"15",2.73547094188377,0.707716526630795,3.47695390781563,0.932344204929454,1.12834420492945
"16",2.75551102204409,0.766581823849654,3.47695390781563,0.932344204929454,1.12834420492945
"17",2.95591182364729,0.907312537239883,3.47695390781563,0.932344204929454,1.12834420492945
"18",2.97595190380761,0.915239200896936,3.47695390781563,0.932344204929454,1.12834420492945
"19",2.99599198396794,0.830916873546675,3.47695390781563,0.932344204929454,1.12834420492945
"20",3.03607214428858,0.706298699185852,3.47695390781563,0.932344204929454,1.12834420492945
"21",3.0561122244489,0.744277535935052,3.47695390781563,0.932344204929454,1.12834420492945
"22",3.13627254509018,0.739980482505747,3.47695390781563,0.932344204929454,1.12834420492945
"23",3.21643286573146,0.803283314675247,3.47695390781563,0.932344204929454,1.12834420492945
"24",3.27655310621243,0.895290834603788,3.47695390781563,0.932344204929454,1.12834420492945
"25",3.29659318637274,0.882563687738275,3.47695390781563,0.932344204929454,1.12834420492945
"26",3.33667334669339,0.874821316988126,3.47695390781563,0.932344204929454,1.12834420492945
"27",3.37675350701403,0.994576101265346,3.47695390781563,0.932344204929454,1.12834420492945
"28",3.45691382765531,0.857060771328073,3.47695390781563,0.932344204929454,1.12834420492945
"29",3.49699398797595,0.945238966328501,3.47695390781563,0.932344204929454,1.12834420492945
"30",3.59719438877755,0.967999801778208,3.47695390781563,0.932344204929454,1.12834420492945
"31",3.6372745490982,0.889450847822371,3.47695390781563,0.932344204929454,1.12834420492945
"32",3.65731462925852,0.927357535112738,3.47695390781563,0.932344204929454,1.12834420492945
"33",3.75751503006012,0.895883039987754,3.47695390781563,0.932344204929454,1.12834420492945
"34",3.93787575150301,1.10594171321821,3.47695390781563,0.932344204929454,1.12834420492945
"35",3.95791583166333,1.01244141779932,3.47695390781563,0.932344204929454,1.12834420492945
"36",4.07815631262525,0.769391102199121,3.47695390781563,0.932344204929454,1.12834420492945
"37",4.11823647294589,0.877951935089204,3.47695390781563,0.932344204929454,1.12834420492945
"38",4.21843687374749,0.96076276758604,3.47695390781563,0.932344204929454,1.12834420492945
"39",4.35871743486974,0.949226884944974,3.47695390781563,0.932344204929454,1.12834420492945
"40",4.39879759519038,0.807889180619744,3.47695390781563,0.932344204929454,1.12834420492945
