"","x","yplot","target","ftrue","fwrong"
"1",-4.83967935871743,0.244149205926789,-4.03807615230461,0.110025754564855,-0.0859742454351449
"2",-4.51903807615231,0.327171342611715,-4.03807615230461,0.110025754564855,-0.0859742454351449
"3",-4.4188376753507,0.23982434388053,-4.03807615230461,0.110025754564855,-0.0859742454351449
"4",-4.37875751503006,0.302798233674488,-4.03807615230461,0.110025754564855,-0.0859742454351449
"5",-4.35871743486974,0.160493696603993,-4.03807615230461,0.110025754564855,-0.0859742454351449
"6",-4.11823647294589,0.0982818826597004,-4.03807615230461,0.110025754564855,-0.0859742454351449
"7",-4.01803607214429,-0.0111205769883612,-4.03807615230461,0.110025754564855,-0.0859742454351449
"8",-3.53707414829659,-0.134313980159882,-4.03807615230461,0.110025754564855,-0.0859742454351449
"9",-3.31663326653307,-0.091056851653245,-4.03807615230461,0.110025754564855,-0.0859742454351449
"10",-3.2565130260521,-0.123509167524289,-4.03807615230461,0.110025754564855,-0.0859742454351449
"11",-3.21643286573146,-0.12597872413948,-4.03807615230461,0.110025754564855,-0.0859742454351449
"12",-3.0561122244489,-0.156130242710554,-4.03807615230461,0.110025754564855,-0.0859742454351449
"13",-2.97595190380762,-0.191985107959826,-4.03807615230461,0.110025754564855,-0.0859742454351449
"14",-2.55511022044088,-0.20302341912549,-4.03807615230461,0.110025754564855,-0.0859742454351449
"15",-2.35470941883768,-0.445146601590591,-4.03807615230461,0.110025754564855,-0.0859742454351449
"16",-1.43286573146293,-0.395228095403168,-4.03807615230461,0.110025754564855,-0.0859742454351449
"17",-1.03206412825651,-0.310898712717204,-4.03807615230461,0.110025754564855,-0.0859742454351449
"18",-0.410821643286574,-0.240510412900916,-4.03807615230461,0.110025754564855,-0.0859742454351449
"19",-0.210420841683367,-0.485352198582287,-4.03807615230461,0.110025754564855,-0.0859742454351449
"20",-0.130260521042084,-0.353294761059049,-4.03807615230461,0.110025754564855,-0.0859742454351449
"21",-0.0701402805611222,-0.589625030704332,-4.03807615230461,0.110025754564855,-0.0859742454351449
"22",0.210420841683367,-0.645199036398064,-4.03807615230461,0.110025754564855,-0.0859742454351449
"23",0.350701402805611,-0.388763391346287,-4.03807615230461,0.110025754564855,-0.0859742454351449
"24",0.430861723446894,-0.630644087884972,-4.03807615230461,0.110025754564855,-0.0859742454351449
"25",0.591182364729459,-0.615652308531608,-4.03807615230461,0.110025754564855,-0.0859742454351449
"26",0.751503006012024,-0.476374231262703,-4.03807615230461,0.110025754564855,-0.0859742454351449
"27",0.771543086172344,-0.580842465296476,-4.03807615230461,0.110025754564855,-0.0859742454351449
"28",1.27254509018036,-0.859589483770046,-4.03807615230461,0.110025754564855,-0.0859742454351449
"29",1.312625250501,-0.807997215150518,-4.03807615230461,0.110025754564855,-0.0859742454351449
"30",1.65330661322645,-0.86703089193986,-4.03807615230461,0.110025754564855,-0.0859742454351449
"31",2.03406813627254,-0.653529305794946,-4.03807615230461,0.110025754564855,-0.0859742454351449
"32",2.45490981963928,-0.909996949053927,-4.03807615230461,0.110025754564855,-0.0859742454351449
"33",2.67535070140281,-1.08372659741639,-4.03807615230461,0.110025754564855,-0.0859742454351449
"34",2.71543086172345,-0.893073032995137,-4.03807615230461,0.110025754564855,-0.0859742454351449
"35",3.19639278557114,-0.771063843530956,-4.03807615230461,0.110025754564855,-0.0859742454351449
"36",3.49699398797595,-0.687331192381407,-4.03807615230461,0.110025754564855,-0.0859742454351449
"37",3.51703406813627,-0.644530672724906,-4.03807615230461,0.110025754564855,-0.0859742454351449
"38",3.79759519038076,-0.441115499777034,-4.03807615230461,0.110025754564855,-0.0859742454351449
"39",3.93787575150301,-0.511104678025803,-4.03807615230461,0.110025754564855,-0.0859742454351449
"40",4.39879759519038,-0.118065457897767,-4.03807615230461,0.110025754564855,-0.0859742454351449
