"","x","yplot","target","ftrue","fwrong"
"1",-4.85971943887776,-0.787907450321687,-4.43887775551102,-0.858996829545613,-1.05499682954561
"2",-4.81963927855711,-0.827838320427701,-4.43887775551102,-0.858996829545613,-1.05499682954561
"3",-4.79959919839679,-0.769577412309685,-4.43887775551102,-0.858996829545613,-1.05499682954561
"4",-4.37875751503006,-0.815135704785721,-4.43887775551102,-0.858996829545613,-1.05499682954561
"5",-4.07815631262525,-0.728351214623438,-4.43887775551102,-0.858996829545613,-1.05499682954561
"6",-3.81763527054108,-0.827710638308106,-4.43887775551102,-0.858996829545613,-1.05499682954561
"7",-3.7374749498998,-0.860178967727189,-4.43887775551102,-0.858996829545613,-1.05499682954561
"8",-2.75551102204409,-0.655844976275592,-4.43887775551102,-0.858996829545613,-1.05499682954561
"9",0.0501002004008013,-0.497859951497379,-4.43887775551102,-0.858996829545613,-1.05499682954561
"10",1.05210420841683,-0.434476882231515,-4.43887775551102,-0.858996829545613,-1.05499682954561
