"","x","yplot","target","ftrue","fwrong"
"1",-4.69939879759519,0.324302437766329,4.09819639278557,-0.149324968641969,-0.345324968641969
"2",-0.651302605210421,0.973215171543746,4.09819639278557,-0.149324968641969,-0.345324968641969
"3",1.312625250501,0.791155289670046,4.09819639278557,-0.149324968641969,-0.345324968641969
"4",3.17635270541082,0.230231145767237,4.09819639278557,-0.149324968641969,-0.345324968641969
"5",3.33667334669339,0.120154837557834,4.09819639278557,-0.149324968641969,-0.345324968641969
"6",3.51703406813627,-0.150487533602684,4.09819639278557,-0.149324968641969,-0.345324968641969
"7",3.71743486973948,0.0415994843626766,4.09819639278557,-0.149324968641969,-0.345324968641969
"8",4.11823647294589,-0.300680251476792,4.09819639278557,-0.149324968641969,-0.345324968641969
"9",4.23847695390782,-0.125832626685649,4.09819639278557,-0.149324968641969,-0.345324968641969
"10",4.85971943887776,-0.345012003914656,4.09819639278557,-0.149324968641969,-0.345324968641969
