"","x","yplot","target","ftrue","fwrong"
"1",-4.83967935871743,0.0227408476646121,-4.09819639278557,0.125524059557115,-0.0704759404428847
"2",-4.65931863727455,0.222886272885976,-4.09819639278557,0.125524059557115,-0.0704759404428847
"3",-4.45891783567134,0.109863444376957,-4.09819639278557,0.125524059557115,-0.0704759404428847
"4",-4.37875751503006,0.0170430240153698,-4.09819639278557,0.125524059557115,-0.0704759404428847
"5",-3.89779559118236,0.225838199642101,-4.09819639278557,0.125524059557115,-0.0704759404428847
"6",-3.77755511022044,0.0852003487241325,-4.09819639278557,0.125524059557115,-0.0704759404428847
"7",-3.53707414829659,-0.103311908814561,-4.09819639278557,0.125524059557115,-0.0704759404428847
"8",-3.51703406813627,0.00560481923103812,-4.09819639278557,0.125524059557115,-0.0704759404428847
"9",-3.1563126252505,-0.233964159747458,-4.09819639278557,0.125524059557115,-0.0704759404428847
"10",-2.81563126252505,-0.396863003658619,-4.09819639278557,0.125524059557115,-0.0704759404428847
"11",-2.53507014028056,-0.480204304345491,-4.09819639278557,0.125524059557115,-0.0704759404428847
"12",-2.49498997995992,-0.618284459040268,-4.09819639278557,0.125524059557115,-0.0704759404428847
"13",-2.39478957915832,-0.585730354098759,-4.09819639278557,0.125524059557115,-0.0704759404428847
"14",-2.21442885771543,-0.576649765165583,-4.09819639278557,0.125524059557115,-0.0704759404428847
"15",-2.11422845691383,-0.71855356592796,-4.09819639278557,0.125524059557115,-0.0704759404428847
"16",-1.37274549098196,-0.7870643064552,-4.09819639278557,0.125524059557115,-0.0704759404428847
"17",-1.2124248496994,-0.789862988623036,-4.09819639278557,0.125524059557115,-0.0704759404428847
"18",-0.93186372745491,-0.746968077764084,-4.09819639278557,0.125524059557115,-0.0704759404428847
"19",-0.871743486973948,-0.70261230547524,-4.09819639278557,0.125524059557115,-0.0704759404428847
"20",-0.851703406813628,-0.533038266652858,-4.09819639278557,0.125524059557115,-0.0704759404428847
"21",-0.390781563126253,-0.714548459100138,-4.09819639278557,0.125524059557115,-0.0704759404428847
"22",0.390781563126252,-0.430092338095892,-4.09819639278557,0.125524059557115,-0.0704759404428847
"23",1.53306613226453,0.295630648639031,-4.09819639278557,0.125524059557115,-0.0704759404428847
"24",1.61322645290581,0.150975019726533,-4.09819639278557,0.125524059557115,-0.0704759404428847
"25",1.75350701402806,0.16971232861326,-4.09819639278557,0.125524059557115,-0.0704759404428847
"26",3.0561122244489,0.504504031864379,-4.09819639278557,0.125524059557115,-0.0704759404428847
"27",3.93787575150301,0.178392021975515,-4.09819639278557,0.125524059557115,-0.0704759404428847
"28",4.01803607214429,0.224875521796525,-4.09819639278557,0.125524059557115,-0.0704759404428847
"29",4.05811623246493,0.344875564517607,-4.09819639278557,0.125524059557115,-0.0704759404428847
"30",4.13827655310621,0.283935941490009,-4.09819639278557,0.125524059557115,-0.0704759404428847
