"","x","yplot","target","ftrue","fwrong"
"1",-3.87775551102204,0.191110285343528,4.69939879759519,0.40623830557611,0.21023830557611
"2",-2.85571142284569,-0.625447473914192,4.69939879759519,0.40623830557611,0.21023830557611
"3",-2.69539078156313,-0.753597376010078,4.69939879759519,0.40623830557611,0.21023830557611
"4",-2.27454909819639,-0.85487384952717,4.69939879759519,0.40623830557611,0.21023830557611
"5",-1.43286573146293,-0.830872613735318,4.69939879759519,0.40623830557611,0.21023830557611
"6",-0.711422845691383,-0.863285568803399,4.69939879759519,0.40623830557611,0.21023830557611
"7",-0.450901803607215,-0.463983672267885,4.69939879759519,0.40623830557611,0.21023830557611
"8",-0.290581162324649,-0.411633679422553,4.69939879759519,0.40623830557611,0.21023830557611
"9",0.230460921843687,-0.100400098372764,4.69939879759519,0.40623830557611,0.21023830557611
"10",0.350701402805611,-0.0134407818574698,4.69939879759519,0.40623830557611,0.21023830557611
"11",0.490981963927855,0.212969068688508,4.69939879759519,0.40623830557611,0.21023830557611
"12",1.45290581162325,0.589368177948294,4.69939879759519,0.40623830557611,0.21023830557611
"13",3.23647294589178,0.563593294175197,4.69939879759519,0.40623830557611,0.21023830557611
"14",3.35671342685371,0.497827656765138,4.69939879759519,0.40623830557611,0.21023830557611
"15",3.61723446893788,0.415115675211349,4.69939879759519,0.40623830557611,0.21023830557611
"16",3.75751503006012,0.304606010100366,4.69939879759519,0.40623830557611,0.21023830557611
"17",3.79759519038076,0.318491467825319,4.69939879759519,0.40623830557611,0.21023830557611
"18",3.8376753507014,0.347880316519452,4.69939879759519,0.40623830557611,0.21023830557611
"19",3.85771543086172,0.30769537959502,4.69939879759519,0.40623830557611,0.21023830557611
"20",3.87775551102204,0.3649660031824,4.69939879759519,0.40623830557611,0.21023830557611
"21",3.89779559118236,0.223503338417392,4.69939879759519,0.40623830557611,0.21023830557611
"22",3.91783567134268,0.428833289762542,4.69939879759519,0.40623830557611,0.21023830557611
"23",3.93787575150301,0.444344650697435,4.69939879759519,0.40623830557611,0.21023830557611
"24",3.97795591182365,0.336690932820417,4.69939879759519,0.40623830557611,0.21023830557611
"25",3.99799599198397,0.364521155170685,4.69939879759519,0.40623830557611,0.21023830557611
"26",4.03807615230461,0.334646822292468,4.69939879759519,0.40623830557611,0.21023830557611
"27",4.05811623246493,0.235884055086055,4.69939879759519,0.40623830557611,0.21023830557611
"28",4.07815631262525,0.318430794102335,4.69939879759519,0.40623830557611,0.21023830557611
"29",4.13827655310621,0.253063404934417,4.69939879759519,0.40623830557611,0.21023830557611
"30",4.19839679358717,0.315210314242944,4.69939879759519,0.40623830557611,0.21023830557611
"31",4.33867735470942,0.48800462898684,4.69939879759519,0.40623830557611,0.21023830557611
"32",4.39879759519038,0.266971487709927,4.69939879759519,0.40623830557611,0.21023830557611
"33",4.4188376753507,0.558992493156762,4.69939879759519,0.40623830557611,0.21023830557611
"34",4.43887775551102,0.327168498913757,4.69939879759519,0.40623830557611,0.21023830557611
"35",4.45891783567134,0.360502701418775,4.69939879759519,0.40623830557611,0.21023830557611
"36",4.47895791583166,0.380802257242455,4.69939879759519,0.40623830557611,0.21023830557611
"37",4.49899799599198,0.500941260182283,4.69939879759519,0.40623830557611,0.21023830557611
"38",4.55911823647295,0.354787799684251,4.69939879759519,0.40623830557611,0.21023830557611
"39",4.61923847695391,0.30577662270319,4.69939879759519,0.40623830557611,0.21023830557611
"40",4.63927855711423,0.445382525472255,4.69939879759519,0.40623830557611,0.21023830557611
"41",4.65931863727455,0.556645281187045,4.69939879759519,0.40623830557611,0.21023830557611
"42",4.69939879759519,0.241146024364492,4.69939879759519,0.40623830557611,0.21023830557611
"43",4.75951903807615,0.471995811675568,4.69939879759519,0.40623830557611,0.21023830557611
"44",4.77955911823647,0.242303096998312,4.69939879759519,0.40623830557611,0.21023830557611
"45",4.83967935871743,0.395234669142362,4.69939879759519,0.40623830557611,0.21023830557611
"46",4.85971943887776,0.387119303536501,4.69939879759519,0.40623830557611,0.21023830557611
"47",4.8997995991984,0.413368184476668,4.69939879759519,0.40623830557611,0.21023830557611
"48",4.93987975951904,0.615220293568559,4.69939879759519,0.40623830557611,0.21023830557611
"49",4.95991983967936,0.569866104013245,4.69939879759519,0.40623830557611,0.21023830557611
"50",5,0.4898824278302,4.69939879759519,0.40623830557611,0.21023830557611
