"","x","yplot","target","ftrue","fwrong"
"1",-4.35871743486974,-0.16803078370217,-2.49498997995992,0.388821627118141,0.192821627118141
"2",-4.15831663326653,-0.00731754740084302,-2.49498997995992,0.388821627118141,0.192821627118141
"3",-3.81763527054108,-0.0152976308199345,-2.49498997995992,0.388821627118141,0.192821627118141
"4",-3.45691382765531,0.153908330753296,-2.49498997995992,0.388821627118141,0.192821627118141
"5",-3.23647294589178,0.0934242599058271,-2.49498997995992,0.388821627118141,0.192821627118141
"6",-3.21643286573146,0.440353492003783,-2.49498997995992,0.388821627118141,0.192821627118141
"7",-3.17635270541082,0.174144257232423,-2.49498997995992,0.388821627118141,0.192821627118141
"8",-3.03607214428858,0.25632792156896,-2.49498997995992,0.388821627118141,0.192821627118141
"9",-2.87575150300601,0.175523331481963,-2.49498997995992,0.388821627118141,0.192821627118141
"10",-2.83567134268537,0.292604541132947,-2.49498997995992,0.388821627118141,0.192821627118141
"11",-2.79559118236473,0.143713241557775,-2.49498997995992,0.388821627118141,0.192821627118141
"12",-2.77555110220441,0.255387479769321,-2.49498997995992,0.388821627118141,0.192821627118141
"13",-2.75551102204409,0.382362781518653,-2.49498997995992,0.388821627118141,0.192821627118141
"14",-2.73547094188377,0.360545709282786,-2.49498997995992,0.388821627118141,0.192821627118141
"15",-2.67535070140281,0.548259642464507,-2.49498997995992,0.388821627118141,0.192821627118141
"16",-2.59519038076152,0.397440080106769,-2.49498997995992,0.388821627118141,0.192821627118141
"17",-2.51503006012024,0.439481499873585,-2.49498997995992,0.388821627118141,0.192821627118141
"18",-2.39478957915832,0.360532796969812,-2.49498997995992,0.388821627118141,0.192821627118141
"19",-2.374749498998,0.430066507288187,-2.49498997995992,0.388821627118141,0.192821627118141
"20",-2.25450901803607,0.481520673750145,-2.49498997995992,0.388821627118141,0.192821627118141
"21",-2.21442885771543,0.585374022823343,-2.49498997995992,0.388821627118141,0.192821627118141
"22",-2.17434869739479,0.582431347706479,-2.49498997995992,0.388821627118141,0.192821627118141
"23",-2.13426853707415,0.628922910955574,-2.49498997995992,0.388821627118141,0.192821627118141
"24",-2.11422845691383,0.471685332989892,-2.49498997995992,0.388821627118141,0.192821627118141
"25",-2.05410821643287,0.54539756642925,-2.49498997995992,0.388821627118141,0.192821627118141
"26",-2.01402805611222,0.627473332180522,-2.49498997995992,0.388821627118141,0.192821627118141
"27",-1.97394789579158,0.671243119783258,-2.49498997995992,0.388821627118141,0.192821627118141
"28",-1.87374749498998,0.598164829816736,-2.49498997995992,0.388821627118141,0.192821627118141
"29",-1.69338677354709,0.671620891293636,-2.49498997995992,0.388821627118141,0.192821627118141
"30",-1.57314629258517,0.632722672234516,-2.49498997995992,0.388821627118141,0.192821627118141
"31",-1.55310621242485,0.669944060352452,-2.49498997995992,0.388821627118141,0.192821627118141
"32",-1.15230460921844,0.582592468904545,-2.49498997995992,0.388821627118141,0.192821627118141
"33",0.490981963927855,1.09454027254332,-2.49498997995992,0.388821627118141,0.192821627118141
"34",0.6312625250501,0.914949342935544,-2.49498997995992,0.388821627118141,0.192821627118141
"35",2.05410821643287,0.932998546491535,-2.49498997995992,0.388821627118141,0.192821627118141
"36",2.11422845691383,0.90070748807305,-2.49498997995992,0.388821627118141,0.192821627118141
"37",2.23446893787575,0.806094513569791,-2.49498997995992,0.388821627118141,0.192821627118141
"38",2.77555110220441,1.01899645812202,-2.49498997995992,0.388821627118141,0.192821627118141
"39",3.31663326653307,0.84952657574177,-2.49498997995992,0.388821627118141,0.192821627118141
"40",4.43887775551102,0.694345721483823,-2.49498997995992,0.388821627118141,0.192821627118141
