"","x","yplot","target","ftrue","fwrong"
"1",-4.97995991983968,0.160597378379566,3.23647294589178,-0.346893941929018,-0.542893941929018
"2",-4.65931863727455,0.270177385680546,3.23647294589178,-0.346893941929018,-0.542893941929018
"3",-3.91783567134269,0.242553028956339,3.23647294589178,-0.346893941929018,-0.542893941929018
"4",-2.45490981963928,-0.343280852742914,3.23647294589178,-0.346893941929018,-0.542893941929018
"5",-1.73346693386774,-0.691635531290859,3.23647294589178,-0.346893941929018,-0.542893941929018
"6",-0.31062124248497,-0.917609023869388,3.23647294589178,-0.346893941929018,-0.542893941929018
"7",1.87374749498998,-0.743074740948761,3.23647294589178,-0.346893941929018,-0.542893941929018
"8",2.49498997995992,-0.582174760999467,3.23647294589178,-0.346893941929018,-0.542893941929018
"9",3.71743486973948,-0.184258982148551,3.23647294589178,-0.346893941929018,-0.542893941929018
"10",3.75751503006012,-0.110518679819189,3.23647294589178,-0.346893941929018,-0.542893941929018
