"","x","yplot","target","ftrue","fwrong"
"1",-4.85971943887776,-0.371896252956065,-4.27855711422846,-0.0730648701522587,-0.269064870152259
"2",-4.67935871743487,-0.343882920953725,-4.27855711422846,-0.0730648701522587,-0.269064870152259
"3",-4.3186372745491,-0.226049768346738,-4.27855711422846,-0.0730648701522587,-0.269064870152259
"4",-4.13827655310621,-0.0268536966965032,-4.27855711422846,-0.0730648701522587,-0.269064870152259
"5",-3.8376753507014,0.0529120343756915,-4.27855711422846,-0.0730648701522587,-0.269064870152259
"6",-3.75751503006012,0.0857764439941523,-4.27855711422846,-0.0730648701522587,-0.269064870152259
"7",-3.19639278557114,0.183700365623497,-4.27855711422846,-0.0730648701522587,-0.269064870152259
"8",-2.91583166332665,0.021349674555436,-4.27855711422846,-0.0730648701522587,-0.269064870152259
"9",-1.37274549098196,0.000925809198876026,-4.27855711422846,-0.0730648701522587,-0.269064870152259
"10",-1.312625250501,0.189134517995533,-4.27855711422846,-0.0730648701522587,-0.269064870152259
"11",-1.25250501002004,-0.0310250565320175,-4.27855711422846,-0.0730648701522587,-0.269064870152259
"12",0.490981963927855,0.609358340226242,-4.27855711422846,-0.0730648701522587,-0.269064870152259
"13",0.571142284569138,0.488151534204199,-4.27855711422846,-0.0730648701522587,-0.269064870152259
"14",0.611222444889779,0.562060310515992,-4.27855711422846,-0.0730648701522587,-0.269064870152259
"15",0.691382765531062,0.316288857917397,-4.27855711422846,-0.0730648701522587,-0.269064870152259
"16",1.8937875751503,-0.356954747836663,-4.27855711422846,-0.0730648701522587,-0.269064870152259
"17",2.27454909819639,-0.826992110024772,-4.27855711422846,-0.0730648701522587,-0.269064870152259
"18",3.45691382765531,-0.875288027435065,-4.27855711422846,-0.0730648701522587,-0.269064870152259
"19",3.55711422845691,-0.821884623490718,-4.27855711422846,-0.0730648701522587,-0.269064870152259
"20",4.15831663326653,-0.568488916518187,-4.27855711422846,-0.0730648701522587,-0.269064870152259
