"","x","yplot","target","ftrue","fwrong"
"1",-4.87975951903808,-0.72295887253759,-2.41482965931864,0.490992034209702,0.686992034209702
"2",-4.43887775551102,-0.500345828542467,-2.41482965931864,0.490992034209702,0.686992034209702
"3",-4.39879759519038,-0.736485714110638,-2.41482965931864,0.490992034209702,0.686992034209702
"4",-4.05811623246493,-0.529226938161245,-2.41482965931864,0.490992034209702,0.686992034209702
"5",-3.79759519038076,-0.560867217288449,-2.41482965931864,0.490992034209702,0.686992034209702
"6",-3.75751503006012,-0.493971040984242,-2.41482965931864,0.490992034209702,0.686992034209702
"7",-3.51703406813627,-0.432993738262368,-2.41482965931864,0.490992034209702,0.686992034209702
"8",-3.19639278557114,-0.146557130884186,-2.41482965931864,0.490992034209702,0.686992034209702
"9",-2.97595190380762,-0.0293758537763308,-2.41482965931864,0.490992034209702,0.686992034209702
"10",-2.89579158316633,-0.037296559457363,-2.41482965931864,0.490992034209702,0.686992034209702
"11",-2.69539078156313,0.272409209373657,-2.41482965931864,0.490992034209702,0.686992034209702
"12",-2.63527054108216,0.348827031561305,-2.41482965931864,0.490992034209702,0.686992034209702
"13",-2.53507014028056,0.327346118538373,-2.41482965931864,0.490992034209702,0.686992034209702
"14",-2.49498997995992,0.374909860558294,-2.41482965931864,0.490992034209702,0.686992034209702
"15",-2.31462925851703,0.462037765260778,-2.41482965931864,0.490992034209702,0.686992034209702
"16",-1.8937875751503,0.88130226221051,-2.41482965931864,0.490992034209702,0.686992034209702
"17",-1.73346693386774,0.92285157613208,-2.41482965931864,0.490992034209702,0.686992034209702
"18",-1.71342685370742,0.849264672648129,-2.41482965931864,0.490992034209702,0.686992034209702
"19",-1.63326653306613,0.91883052312539,-2.41482965931864,0.490992034209702,0.686992034209702
"20",-1.61322645290581,0.959179912716976,-2.41482965931864,0.490992034209702,0.686992034209702
"21",-1.59318637274549,0.830495854677021,-2.41482965931864,0.490992034209702,0.686992034209702
"22",-1.47294589178357,0.94212248701049,-2.41482965931864,0.490992034209702,0.686992034209702
"23",-1.37274549098196,0.983301053586687,-2.41482965931864,0.490992034209702,0.686992034209702
"24",-0.751503006012024,0.858933235779386,-2.41482965931864,0.490992034209702,0.686992034209702
"25",-0.390781563126253,0.976313839029568,-2.41482965931864,0.490992034209702,0.686992034209702
"26",-0.190380761523047,0.724779543425885,-2.41482965931864,0.490992034209702,0.686992034209702
"27",-0.0901803607214431,0.994193874704221,-2.41482965931864,0.490992034209702,0.686992034209702
"28",0.0100200400801604,0.861297408778099,-2.41482965931864,0.490992034209702,0.686992034209702
"29",0.470941883767535,0.453652024697526,-2.41482965931864,0.490992034209702,0.686992034209702
"30",0.771543086172344,0.404768227552846,-2.41482965931864,0.490992034209702,0.686992034209702
"31",1.2124248496994,0.235432134444483,-2.41482965931864,0.490992034209702,0.686992034209702
"32",1.25250501002004,0.43560825942397,-2.41482965931864,0.490992034209702,0.686992034209702
"33",1.39278557114228,0.0737218954520531,-2.41482965931864,0.490992034209702,0.686992034209702
"34",1.43286573146293,0.101579177252791,-2.41482965931864,0.490992034209702,0.686992034209702
"35",1.75350701402806,0.490594835990246,-2.41482965931864,0.490992034209702,0.686992034209702
"36",1.85370741482966,0.211803526992398,-2.41482965931864,0.490992034209702,0.686992034209702
"37",2.27454909819639,0.230890974374592,-2.41482965931864,0.490992034209702,0.686992034209702
"38",2.29458917835671,0.259065898913978,-2.41482965931864,0.490992034209702,0.686992034209702
"39",3.01603206412826,0.263990666052442,-2.41482965931864,0.490992034209702,0.686992034209702
"40",3.2565130260521,0.000635132098277577,-2.41482965931864,0.490992034209702,0.686992034209702
"41",3.45691382765531,-0.0200277251979334,-2.41482965931864,0.490992034209702,0.686992034209702
"42",3.59719438877755,-0.10889163621787,-2.41482965931864,0.490992034209702,0.686992034209702
"43",3.71743486973948,-0.150620311822165,-2.41482965931864,0.490992034209702,0.686992034209702
"44",3.87775551102204,-0.236891031465963,-2.41482965931864,0.490992034209702,0.686992034209702
"45",3.93787575150301,-0.250630292882369,-2.41482965931864,0.490992034209702,0.686992034209702
"46",4.05811623246493,-0.416972901189852,-2.41482965931864,0.490992034209702,0.686992034209702
"47",4.29859719438878,-0.295378037961201,-2.41482965931864,0.490992034209702,0.686992034209702
"48",4.37875751503006,-0.349290441952225,-2.41482965931864,0.490992034209702,0.686992034209702
"49",4.5190380761523,-0.449683246976744,-2.41482965931864,0.490992034209702,0.686992034209702
"50",4.71943887775551,-0.635097858469193,-2.41482965931864,0.490992034209702,0.686992034209702
