"","x","yplot","target","ftrue","fwrong"
"1",-4.77955911823647,-0.450825413489365,2.03406813627254,0.314221690711082,0.118221690711082
"2",-4.39879759519038,-0.47486365667779,2.03406813627254,0.314221690711082,0.118221690711082
"3",-3.97795591182365,-0.587918379041167,2.03406813627254,0.314221690711082,0.118221690711082
"4",-3.91783567134269,-0.529852566390675,2.03406813627254,0.314221690711082,0.118221690711082
"5",-2.83567134268537,-0.356040597834585,2.03406813627254,0.314221690711082,0.118221690711082
"6",1.93386773547094,0.179228729689143,2.03406813627254,0.314221690711082,0.118221690711082
"7",2.03406813627254,0.324203804959723,2.03406813627254,0.314221690711082,0.118221690711082
"8",2.97595190380761,-0.551299028553153,2.03406813627254,0.314221690711082,0.118221690711082
"9",3.33667334669339,-0.639624025201873,2.03406813627254,0.314221690711082,0.118221690711082
"10",4.13827655310621,-0.916642387016005,2.03406813627254,0.314221690711082,0.118221690711082
