"","x","yplot","target","ftrue","fwrong"
"1",-4.63927855711423,-0.836861647816771,-3.09619238476954,-0.853109631661207,-0.657109631661207
"2",-4.2184368737475,-0.85716863390811,-3.09619238476954,-0.853109631661207,-0.657109631661207
"3",-3.8376753507014,-0.821843719277697,-3.09619238476954,-0.853109631661207,-0.657109631661207
"4",-3.7374749498998,-0.819084420686008,-3.09619238476954,-0.853109631661207,-0.657109631661207
"5",-3.41683366733467,-0.987262077784464,-3.09619238476954,-0.853109631661207,-0.657109631661207
"6",-3.29659318637275,-0.858145026287554,-3.09619238476954,-0.853109631661207,-0.657109631661207
"7",-3.2565130260521,-0.85621058093188,-3.09619238476954,-0.853109631661207,-0.657109631661207
"8",-3.19639278557114,-1.03334587321172,-3.09619238476954,-0.853109631661207,-0.657109631661207
"9",-2.83567134268537,-0.69922077148485,-3.09619238476954,-0.853109631661207,-0.657109631661207
"10",-2.71543086172345,-0.880133847348478,-3.09619238476954,-0.853109631661207,-0.657109631661207
"11",-2.4749498997996,-0.839641010169906,-3.09619238476954,-0.853109631661207,-0.657109631661207
"12",-2.39478957915832,-0.760206175749579,-3.09619238476954,-0.853109631661207,-0.657109631661207
"13",-2.17434869739479,-0.846176774962293,-3.09619238476954,-0.853109631661207,-0.657109631661207
"14",-2.15430861723447,-0.71197586706324,-3.09619238476954,-0.853109631661207,-0.657109631661207
"15",-1.93386773547094,-0.688029569951465,-3.09619238476954,-0.853109631661207,-0.657109631661207
"16",-1.33266533066132,-0.679688187043085,-3.09619238476954,-0.853109631661207,-0.657109631661207
"17",-1.17234468937876,-0.572105605228161,-3.09619238476954,-0.853109631661207,-0.657109631661207
"18",-0.61122244488978,-0.538440002076141,-3.09619238476954,-0.853109631661207,-0.657109631661207
"19",-0.490981963927856,-0.603698149463956,-3.09619238476954,-0.853109631661207,-0.657109631661207
"20",-0.0901803607214431,-0.370702920658306,-3.09619238476954,-0.853109631661207,-0.657109631661207
"21",-0.0300601202404813,-0.366478780268283,-3.09619238476954,-0.853109631661207,-0.657109631661207
"22",0.210420841683367,-0.387719159773759,-3.09619238476954,-0.853109631661207,-0.657109631661207
"23",0.370741482965932,-0.372310788074223,-3.09619238476954,-0.853109631661207,-0.657109631661207
"24",0.531062124248497,-0.454797722133454,-3.09619238476954,-0.853109631661207,-0.657109631661207
"25",0.611222444889779,-0.289355110020169,-3.09619238476954,-0.853109631661207,-0.657109631661207
"26",0.811623246492986,-0.213645966879163,-3.09619238476954,-0.853109631661207,-0.657109631661207
"27",0.831663326653306,-0.180098193818625,-3.09619238476954,-0.853109631661207,-0.657109631661207
"28",1.05210420841683,-0.276842558566511,-3.09619238476954,-0.853109631661207,-0.657109631661207
"29",1.23246492985972,-0.199005925312916,-3.09619238476954,-0.853109631661207,-0.657109631661207
"30",1.83366733466934,-0.270779080931067,-3.09619238476954,-0.853109631661207,-0.657109631661207
"31",1.91382765531062,0.0402012390605837,-3.09619238476954,-0.853109631661207,-0.657109631661207
"32",2.39478957915832,0.213784845283906,-3.09619238476954,-0.853109631661207,-0.657109631661207
"33",2.51503006012024,0.0753222100336204,-3.09619238476954,-0.853109631661207,-0.657109631661207
"34",2.71543086172345,0.0759130541577104,-3.09619238476954,-0.853109631661207,-0.657109631661207
"35",2.75551102204409,0.12372152140501,-3.09619238476954,-0.853109631661207,-0.657109631661207
"36",2.95591182364729,0.0616780094953218,-3.09619238476954,-0.853109631661207,-0.657109631661207
"37",3.27655310621243,0.195038107147218,-3.09619238476954,-0.853109631661207,-0.657109631661207
"38",3.65731462925852,0.211484543734547,-3.09619238476954,-0.853109631661207,-0.657109631661207
"39",4.11823647294589,0.455195428511169,-3.09619238476954,-0.853109631661207,-0.657109631661207
"40",4.79959919839679,0.419113006226736,-3.09619238476954,-0.853109631661207,-0.657109631661207
