"","x","yplot","target","ftrue","fwrong"
"1",-4.61923847695391,0.0183797936290921,-3.65731462925852,-0.457718344187881,-0.653718344187881
"2",-4.55911823647295,-0.131928887760174,-3.65731462925852,-0.457718344187881,-0.653718344187881
"3",-4.53907815631263,-0.0401328218765757,-3.65731462925852,-0.457718344187881,-0.653718344187881
"4",-4.51903807615231,-0.00553577997892532,-3.65731462925852,-0.457718344187881,-0.653718344187881
"5",-4.3186372745491,-0.477875542922254,-3.65731462925852,-0.457718344187881,-0.653718344187881
"6",-4.29859719438878,-0.0966910322098795,-3.65731462925852,-0.457718344187881,-0.653718344187881
"7",-4.2184368737475,-0.248448219888331,-3.65731462925852,-0.457718344187881,-0.653718344187881
"8",-3.87775551102204,-0.451921768269337,-3.65731462925852,-0.457718344187881,-0.653718344187881
"9",-3.85771543086172,-0.229174236824002,-3.65731462925852,-0.457718344187881,-0.653718344187881
"10",-3.81763527054108,-0.308734630835921,-3.65731462925852,-0.457718344187881,-0.653718344187881
"11",-3.71743486973948,-0.460519720168529,-3.65731462925852,-0.457718344187881,-0.653718344187881
"12",-3.6372745490982,-0.49078882246239,-3.65731462925852,-0.457718344187881,-0.653718344187881
"13",-3.59719438877756,-0.327109558457314,-3.65731462925852,-0.457718344187881,-0.653718344187881
"14",-3.43687374749499,-0.814233618907505,-3.65731462925852,-0.457718344187881,-0.653718344187881
"15",-3.2565130260521,-0.65320559554332,-3.65731462925852,-0.457718344187881,-0.653718344187881
"16",-3.17635270541082,-0.585466170577752,-3.65731462925852,-0.457718344187881,-0.653718344187881
"17",-3.11623246492986,-0.558715906089725,-3.65731462925852,-0.457718344187881,-0.653718344187881
"18",-3.01603206412826,-0.546390503219749,-3.65731462925852,-0.457718344187881,-0.653718344187881
"19",-2.97595190380762,-0.638415062723873,-3.65731462925852,-0.457718344187881,-0.653718344187881
"20",-2.91583166332665,-0.762051929746289,-3.65731462925852,-0.457718344187881,-0.653718344187881
"21",-2.79559118236473,-0.565614890398767,-3.65731462925852,-0.457718344187881,-0.653718344187881
"22",-1.67334669338677,-0.187262586533289,-3.65731462925852,-0.457718344187881,-0.653718344187881
"23",-1.15230460921844,0.223062032892191,-3.65731462925852,-0.457718344187881,-0.653718344187881
"24",0.571142284569138,0.683710866973875,-3.65731462925852,-0.457718344187881,-0.653718344187881
"25",0.671342685370742,0.589362486156885,-3.65731462925852,-0.457718344187881,-0.653718344187881
"26",0.731462925851703,0.689859305959367,-3.65731462925852,-0.457718344187881,-0.653718344187881
"27",1.27254509018036,0.368652464778116,-3.65731462925852,-0.457718344187881,-0.653718344187881
"28",2.83567134268537,0.0578184914690846,-3.65731462925852,-0.457718344187881,-0.653718344187881
"29",3.77755511022044,-0.272147302657872,-3.65731462925852,-0.457718344187881,-0.653718344187881
"30",4.15831663326653,-0.383021114774476,-3.65731462925852,-0.457718344187881,-0.653718344187881
