"","x","yplot","target","ftrue","fwrong"
"1",-2.99599198396794,-0.207699615312902,3.61723446893788,0.595794929429878,0.791794929429878
"2",-0.390781563126253,0.227281183367885,3.61723446893788,0.595794929429878,0.791794929429878
"3",-0.0901803607214431,0.298218625448126,3.61723446893788,0.595794929429878,0.791794929429878
"4",0.6312625250501,0.574353078672102,3.61723446893788,0.595794929429878,0.791794929429878
"5",0.711422845691382,0.445039527948124,3.61723446893788,0.595794929429878,0.791794929429878
"6",1.43286573146293,0.474907554642522,3.61723446893788,0.595794929429878,0.791794929429878
"7",1.73346693386774,0.403187546557106,3.61723446893788,0.595794929429878,0.791794929429878
"8",2.85571142284569,0.637125921461922,3.61723446893788,0.595794929429878,0.791794929429878
"9",4.55911823647295,0.637727976531584,3.61723446893788,0.595794929429878,0.791794929429878
"10",4.57915831663327,0.766757644419007,3.61723446893788,0.595794929429878,0.791794929429878
