"","x","yplot","target","ftrue","fwrong"
"1",-4.11823647294589,-0.531331648342968,-1.7935871743487,-0.731004017015268,-0.927004017015268
"2",-3.89779559118236,-0.445548773115199,-1.7935871743487,-0.731004017015268,-0.927004017015268
"3",-3.75751503006012,-0.42189381977742,-1.7935871743487,-0.731004017015268,-0.927004017015268
"4",-3.31663326653307,-0.639383499059941,-1.7935871743487,-0.731004017015268,-0.927004017015268
"5",-2.73547094188377,-0.70689221782647,-1.7935871743487,-0.731004017015268,-0.927004017015268
"6",-2.71543086172345,-0.791391327334411,-1.7935871743487,-0.731004017015268,-0.927004017015268
"7",-2.49498997995992,-0.683206360922195,-1.7935871743487,-0.731004017015268,-0.927004017015268
"8",-2.4749498997996,-0.652428140758706,-1.7935871743487,-0.731004017015268,-0.927004017015268
"9",-2.31462925851703,-0.65505289257661,-1.7935871743487,-0.731004017015268,-0.927004017015268
"10",-2.05410821643287,-0.652043331247521,-1.7935871743487,-0.731004017015268,-0.927004017015268
"11",-1.9939879759519,-0.686198366882695,-1.7935871743487,-0.731004017015268,-0.927004017015268
"12",-1.97394789579158,-0.545203124410469,-1.7935871743487,-0.731004017015268,-0.927004017015268
"13",-1.83366733466934,-0.843582730697887,-1.7935871743487,-0.731004017015268,-0.927004017015268
"14",-0.61122244488978,-0.90705563235501,-1.7935871743487,-0.731004017015268,-0.927004017015268
"15",-0.511022044088176,-0.673410646451271,-1.7935871743487,-0.731004017015268,-0.927004017015268
"16",0.110220440881763,-0.717113961250121,-1.7935871743487,-0.731004017015268,-0.927004017015268
"17",0.851703406813627,-0.76681614492884,-1.7935871743487,-0.731004017015268,-0.927004017015268
"18",0.971943887775551,-0.514164860531477,-1.7935871743487,-0.731004017015268,-0.927004017015268
"19",1.09218436873747,-0.595457077850523,-1.7935871743487,-0.731004017015268,-0.927004017015268
"20",1.17234468937876,-0.44391961524571,-1.7935871743487,-0.731004017015268,-0.927004017015268
"21",1.37274549098196,-0.508985944760427,-1.7935871743487,-0.731004017015268,-0.927004017015268
"22",1.53306613226453,-0.440105434792515,-1.7935871743487,-0.731004017015268,-0.927004017015268
"23",1.63326653306613,-0.507589269896456,-1.7935871743487,-0.731004017015268,-0.927004017015268
"24",1.87374749498998,-0.337599607427066,-1.7935871743487,-0.731004017015268,-0.927004017015268
"25",1.91382765531062,-0.360783584637376,-1.7935871743487,-0.731004017015268,-0.927004017015268
"26",2.39478957915832,-0.30324546033813,-1.7935871743487,-0.731004017015268,-0.927004017015268
"27",3.01603206412826,-0.164371948085354,-1.7935871743487,-0.731004017015268,-0.927004017015268
"28",3.91783567134268,0.230959387169427,-1.7935871743487,-0.731004017015268,-0.927004017015268
"29",4.05811623246493,0.142990416217523,-1.7935871743487,-0.731004017015268,-0.927004017015268
"30",4.49899799599198,0.24228656369485,-1.7935871743487,-0.731004017015268,-0.927004017015268
