"","x","yplot","target","ftrue","fwrong"
"1",-4.4188376753507,-0.386614050770246,3.57715430861723,0.834665041259332,1.03066504125933
"2",-3.6372745490982,-0.178498313638264,3.57715430861723,0.834665041259332,1.03066504125933
"3",-3.2565130260521,-0.134898543287201,3.57715430861723,0.834665041259332,1.03066504125933
"4",-3.11623246492986,-0.154487011124419,3.57715430861723,0.834665041259332,1.03066504125933
"5",-2.85571142284569,-0.294995267248291,3.57715430861723,0.834665041259332,1.03066504125933
"6",-2.4749498997996,0.0768319878649291,3.57715430861723,0.834665041259332,1.03066504125933
"7",-2.33466933867735,0.0224963118729936,3.57715430861723,0.834665041259332,1.03066504125933
"8",-0.511022044088176,0.391370394934845,3.57715430861723,0.834665041259332,1.03066504125933
"9",0.0901803607214431,0.581130106474961,3.57715430861723,0.834665041259332,1.03066504125933
"10",0.290581162324649,0.607349575737132,3.57715430861723,0.834665041259332,1.03066504125933
"11",0.31062124248497,0.712189330352858,3.57715430861723,0.834665041259332,1.03066504125933
"12",0.991983967935871,0.830012000892595,3.57715430861723,0.834665041259332,1.03066504125933
"13",1.07214428857715,0.843476454994364,3.57715430861723,0.834665041259332,1.03066504125933
"14",1.15230460921844,0.788579320855498,3.57715430861723,0.834665041259332,1.03066504125933
"15",1.59318637274549,0.495012562430864,3.57715430861723,0.834665041259332,1.03066504125933
"16",2.11422845691383,0.835990325974248,3.57715430861723,0.834665041259332,1.03066504125933
"17",2.13426853707415,0.946361256520463,3.57715430861723,0.834665041259332,1.03066504125933
"18",2.35470941883768,0.717134128377807,3.57715430861723,0.834665041259332,1.03066504125933
"19",2.49498997995992,0.749013569870901,3.57715430861723,0.834665041259332,1.03066504125933
"20",2.87575150300601,0.828137334159803,3.57715430861723,0.834665041259332,1.03066504125933
"21",3.33667334669339,0.719261548941445,3.57715430861723,0.834665041259332,1.03066504125933
"22",3.43687374749499,0.856749195001594,3.57715430861723,0.834665041259332,1.03066504125933
"23",3.45691382765531,0.818806540159149,3.57715430861723,0.834665041259332,1.03066504125933
"24",3.67735470941884,1.03744929967446,3.57715430861723,0.834665041259332,1.03066504125933
"25",3.85771543086172,0.986152551007049,3.57715430861723,0.834665041259332,1.03066504125933
"26",3.95791583166333,0.849329251154336,3.57715430861723,0.834665041259332,1.03066504125933
"27",4.17835671342685,1.00803334301318,3.57715430861723,0.834665041259332,1.03066504125933
"28",4.3186372745491,0.765900780529473,3.57715430861723,0.834665041259332,1.03066504125933
"29",4.59919839679359,0.839919507122813,3.57715430861723,0.834665041259332,1.03066504125933
"30",4.63927855711423,1.01736439548966,3.57715430861723,0.834665041259332,1.03066504125933
