"","x","yplot","target","ftrue","fwrong"
"1",-4.93987975951904,0.521939425173871,4.3186372745491,-0.815470575544165,-0.619470575544165
"2",-3.93787575150301,0.622149794711135,4.3186372745491,-0.815470575544165,-0.619470575544165
"3",-3.71743486973948,0.739037099104567,4.3186372745491,-0.815470575544165,-0.619470575544165
"4",-3.57715430861723,0.804588600972015,4.3186372745491,-0.815470575544165,-0.619470575544165
"5",-1.7935871743487,0.463491288160756,4.3186372745491,-0.815470575544165,-0.619470575544165
"6",-1.41282565130261,0.365262259670828,4.3186372745491,-0.815470575544165,-0.619470575544165
"7",-0.891783567134269,0.331979902982425,4.3186372745491,-0.815470575544165,-0.619470575544165
"8",-0.190380761523047,0.466437663444464,4.3186372745491,-0.815470575544165,-0.619470575544165
"9",0.0701402805611222,-0.0463086120007977,4.3186372745491,-0.815470575544165,-0.619470575544165
"10",1.4128256513026,-0.0442644286934661,4.3186372745491,-0.815470575544165,-0.619470575544165
"11",1.57314629258517,-0.156267853803735,4.3186372745491,-0.815470575544165,-0.619470575544165
"12",1.93386773547094,-0.223544233301232,4.3186372745491,-0.815470575544165,-0.619470575544165
"13",2.05410821643287,-0.299611640572013,4.3186372745491,-0.815470575544165,-0.619470575544165
"14",3.0561122244489,-0.716075614038813,4.3186372745491,-0.815470575544165,-0.619470575544165
"15",3.33667334669339,-0.549586533033474,4.3186372745491,-0.815470575544165,-0.619470575544165
"16",3.49699398797595,-0.694065742061197,4.3186372745491,-0.815470575544165,-0.619470575544165
"17",3.51703406813627,-0.62469727557612,4.3186372745491,-0.815470575544165,-0.619470575544165
"18",3.6372745490982,-0.797320971633792,4.3186372745491,-0.815470575544165,-0.619470575544165
"19",4.17835671342685,-0.793283561682122,4.3186372745491,-0.815470575544165,-0.619470575544165
"20",4.29859719438878,-0.858876033250163,4.3186372745491,-0.815470575544165,-0.619470575544165
