"","x","yplot","target","ftrue","fwrong"
"1",-4.07815631262525,0.717876495853847,-3.19639278557114,0.815603623564754,1.01160362356475
"2",-3.93787575150301,0.591601233080225,-3.19639278557114,0.815603623564754,1.01160362356475
"3",-3.85771543086172,0.6220857289145,-3.19639278557114,0.815603623564754,1.01160362356475
"4",-3.81763527054108,0.648029016891199,-3.19639278557114,0.815603623564754,1.01160362356475
"5",-3.79759519038076,0.575238728602576,-3.19639278557114,0.815603623564754,1.01160362356475
"6",-3.61723446893788,0.654334602958806,-3.19639278557114,0.815603623564754,1.01160362356475
"7",-3.39679358717435,0.949400928744347,-3.19639278557114,0.815603623564754,1.01160362356475
"8",-3.33667334669339,0.650319328125284,-3.19639278557114,0.815603623564754,1.01160362356475
"9",-3.31663326653307,0.807362289928106,-3.19639278557114,0.815603623564754,1.01160362356475
"10",-3.29659318637275,0.75920866839529,-3.19639278557114,0.815603623564754,1.01160362356475
"11",-2.41482965931864,0.868523088314884,-3.19639278557114,0.815603623564754,1.01160362356475
"12",-2.374749498998,1.21891224303788,-3.19639278557114,0.815603623564754,1.01160362356475
"13",-2.29458917835671,0.930738000212397,-3.19639278557114,0.815603623564754,1.01160362356475
"14",-2.27454909819639,0.964383815434378,-3.19639278557114,0.815603623564754,1.01160362356475
"15",-1.05210420841683,0.92335352120608,-3.19639278557114,0.815603623564754,1.01160362356475
"16",0.110220440881763,0.905699693470758,-3.19639278557114,0.815603623564754,1.01160362356475
"17",0.270541082164328,0.897467516664494,-3.19639278557114,0.815603623564754,1.01160362356475
"18",0.571142284569138,0.74508723301133,-3.19639278557114,0.815603623564754,1.01160362356475
"19",1.51302605210421,0.27142192657709,-3.19639278557114,0.815603623564754,1.01160362356475
"20",4.15831663326653,-0.205111161929723,-3.19639278557114,0.815603623564754,1.01160362356475
