"","x","yplot","target","ftrue","fwrong"
"1",-4.81963927855711,-0.835246746013248,3.97795591182365,0.712139247407133,0.908139247407133
"2",-4.75951903807615,-0.700045356260372,3.97795591182365,0.712139247407133,0.908139247407133
"3",-0.370741482965932,-0.0859399232539155,3.97795591182365,0.712139247407133,0.908139247407133
"4",0.150300601202405,-0.0026875290741771,3.97795591182365,0.712139247407133,0.908139247407133
"5",0.410821643286573,-0.0469299958596281,3.97795591182365,0.712139247407133,0.908139247407133
"6",1.23246492985972,0.322073039054232,3.97795591182365,0.712139247407133,0.908139247407133
"7",1.55310621242485,0.323276789704997,3.97795591182365,0.712139247407133,0.908139247407133
"8",2.11422845691383,0.41504383771742,3.97795591182365,0.712139247407133,0.908139247407133
"9",2.55511022044088,0.364555871428132,3.97795591182365,0.712139247407133,0.908139247407133
"10",2.99599198396794,0.794389244201182,3.97795591182365,0.712139247407133,0.908139247407133
"11",3.11623246492986,0.703194253338805,3.97795591182365,0.712139247407133,0.908139247407133
"12",3.1563126252505,0.565734163847869,3.97795591182365,0.712139247407133,0.908139247407133
"13",3.21643286573146,0.713986399376442,3.97795591182365,0.712139247407133,0.908139247407133
"14",3.2565130260521,0.654199111108768,3.97795591182365,0.712139247407133,0.908139247407133
"15",3.31663326653307,0.500648651360158,3.97795591182365,0.712139247407133,0.908139247407133
"16",3.45691382765531,0.706832876108374,3.97795591182365,0.712139247407133,0.908139247407133
"17",3.51703406813627,0.867627613318765,3.97795591182365,0.712139247407133,0.908139247407133
"18",3.59719438877755,0.857156863056069,3.97795591182365,0.712139247407133,0.908139247407133
"19",3.8376753507014,0.757823539253699,3.97795591182365,0.712139247407133,0.908139247407133
"20",3.99799599198397,0.679114339286621,3.97795591182365,0.712139247407133,0.908139247407133
"21",4.11823647294589,0.672093493575243,3.97795591182365,0.712139247407133,0.908139247407133
"22",4.13827655310621,0.636588618159475,3.97795591182365,0.712139247407133,0.908139247407133
"23",4.25851703406814,0.653155040357462,3.97795591182365,0.712139247407133,0.908139247407133
"24",4.27855711422846,0.666753464334552,3.97795591182365,0.712139247407133,0.908139247407133
"25",4.43887775551102,0.669542431902636,3.97795591182365,0.712139247407133,0.908139247407133
"26",4.55911823647295,0.603651710589495,3.97795591182365,0.712139247407133,0.908139247407133
"27",4.67935871743487,0.695411630343189,3.97795591182365,0.712139247407133,0.908139247407133
"28",4.77955911823647,0.932147868560304,3.97795591182365,0.712139247407133,0.908139247407133
"29",4.85971943887776,0.863980513174224,3.97795591182365,0.712139247407133,0.908139247407133
"30",4.8997995991984,0.773329146498276,3.97795591182365,0.712139247407133,0.908139247407133
