"","x","yplot","target","ftrue","fwrong"
"1",-4.71943887775551,0.397393606509316,2.43486973947896,-0.327450488440018,-0.131450488440018
"2",-4.65931863727455,0.373720603425972,2.43486973947896,-0.327450488440018,-0.131450488440018
"3",-4.4188376753507,0.41659113809139,2.43486973947896,-0.327450488440018,-0.131450488440018
"4",-4.39879759519038,0.346239000718902,2.43486973947896,-0.327450488440018,-0.131450488440018
"5",-4.25851703406814,0.446536463028684,2.43486973947896,-0.327450488440018,-0.131450488440018
"6",-4.2184368737475,0.442540914957745,2.43486973947896,-0.327450488440018,-0.131450488440018
"7",-3.93787575150301,0.45918563518987,2.43486973947896,-0.327450488440018,-0.131450488440018
"8",-3.67735470941884,0.413862822541566,2.43486973947896,-0.327450488440018,-0.131450488440018
"9",-3.35671342685371,0.561851108512914,2.43486973947896,-0.327450488440018,-0.131450488440018
"10",-3.27655310621242,0.57339572872775,2.43486973947896,-0.327450488440018,-0.131450488440018
"11",-2.53507014028056,0.949146314541097,2.43486973947896,-0.327450488440018,-0.131450488440018
"12",-2.43486973947896,0.816052592704757,2.43486973947896,-0.327450488440018,-0.131450488440018
"13",-1.87374749498998,1.09888746412882,2.43486973947896,-0.327450488440018,-0.131450488440018
"14",-1.83366733466934,0.913147736266849,2.43486973947896,-0.327450488440018,-0.131450488440018
"15",-1.7935871743487,0.902149728755319,2.43486973947896,-0.327450488440018,-0.131450488440018
"16",-1.75350701402806,0.96112514503308,2.43486973947896,-0.327450488440018,-0.131450488440018
"17",-1.73346693386774,1.04670472330868,2.43486973947896,-0.327450488440018,-0.131450488440018
"18",-1.43286573146293,0.812770610815399,2.43486973947896,-0.327450488440018,-0.131450488440018
"19",-0.851703406813628,0.598422474595736,2.43486973947896,-0.327450488440018,-0.131450488440018
"20",-0.811623246492986,0.60526972353846,2.43486973947896,-0.327450488440018,-0.131450488440018
"21",-0.450901803607215,0.214200730259672,2.43486973947896,-0.327450488440018,-0.131450488440018
"22",-0.430861723446894,0.108793595944769,2.43486973947896,-0.327450488440018,-0.131450488440018
"23",-0.350701402805611,0.192832575719527,2.43486973947896,-0.327450488440018,-0.131450488440018
"24",-0.270541082164329,0.0378745956240196,2.43486973947896,-0.327450488440018,-0.131450488440018
"25",0.390781563126252,-0.269709973229768,2.43486973947896,-0.327450488440018,-0.131450488440018
"26",0.410821643286573,-0.44735353137325,2.43486973947896,-0.327450488440018,-0.131450488440018
"27",0.470941883767535,-0.179307523206162,2.43486973947896,-0.327450488440018,-0.131450488440018
"28",0.691382765531062,-0.473269746288387,2.43486973947896,-0.327450488440018,-0.131450488440018
"29",1.47294589178357,-0.570863811244546,2.43486973947896,-0.327450488440018,-0.131450488440018
"30",1.59318637274549,-0.608979002449448,2.43486973947896,-0.327450488440018,-0.131450488440018
"31",1.75350701402806,-0.388577612047034,2.43486973947896,-0.327450488440018,-0.131450488440018
"32",1.87374749498998,-0.528546688133437,2.43486973947896,-0.327450488440018,-0.131450488440018
"33",2.23446893787575,-0.469583126381242,2.43486973947896,-0.327450488440018,-0.131450488440018
"34",2.51503006012024,-0.454410431982168,2.43486973947896,-0.327450488440018,-0.131450488440018
"35",2.55511022044088,-0.261148641708397,2.43486973947896,-0.327450488440018,-0.131450488440018
"36",2.5751503006012,-0.26362266874444,2.43486973947896,-0.327450488440018,-0.131450488440018
"37",2.75551102204409,-0.328422736006524,2.43486973947896,-0.327450488440018,-0.131450488440018
"38",2.87575150300601,-0.369153698641713,2.43486973947896,-0.327450488440018,-0.131450488440018
"39",3.07615230460922,-0.00066595651327471,2.43486973947896,-0.327450488440018,-0.131450488440018
"40",3.19639278557114,0.0534698609401014,2.43486973947896,-0.327450488440018,-0.131450488440018
"41",3.23647294589178,0.049652605049094,2.43486973947896,-0.327450488440018,-0.131450488440018
"42",3.2565130260521,0.0642405369099463,2.43486973947896,-0.327450488440018,-0.131450488440018
"43",3.29659318637274,0.0248992311614387,2.43486973947896,-0.327450488440018,-0.131450488440018
"44",3.51703406813627,0.227980926127678,2.43486973947896,-0.327450488440018,-0.131450488440018
"45",3.59719438877755,0.282264627131053,2.43486973947896,-0.327450488440018,-0.131450488440018
"46",3.7374749498998,0.248743916517447,2.43486973947896,-0.327450488440018,-0.131450488440018
"47",3.89779559118236,0.359203765961634,2.43486973947896,-0.327450488440018,-0.131450488440018
"48",4.69939879759519,0.638980965532843,2.43486973947896,-0.327450488440018,-0.131450488440018
"49",4.91983967935872,0.731931891248214,2.43486973947896,-0.327450488440018,-0.131450488440018
"50",4.95991983967936,0.554314116771504,2.43486973947896,-0.327450488440018,-0.131450488440018
