"","x","yplot","target","ftrue","fwrong"
"1",-4.65931863727455,-0.576809818509789,-3.79759519038076,-0.678513236077119,-0.482513236077119
"2",-4.59919839679359,-0.44031838603806,-3.79759519038076,-0.678513236077119,-0.482513236077119
"3",-4.57915831663327,-0.56797899096947,-3.79759519038076,-0.678513236077119,-0.482513236077119
"4",-4.55911823647295,-0.582017336739161,-3.79759519038076,-0.678513236077119,-0.482513236077119
"5",-4.51903807615231,-0.717226842316144,-3.79759519038076,-0.678513236077119,-0.482513236077119
"6",-4.49899799599198,-0.589392380709212,-3.79759519038076,-0.678513236077119,-0.482513236077119
"7",-4.43887775551102,-0.759845569743706,-3.79759519038076,-0.678513236077119,-0.482513236077119
"8",-4.4188376753507,-0.647268972595895,-3.79759519038076,-0.678513236077119,-0.482513236077119
"9",-4.35871743486974,-0.385989574896708,-3.79759519038076,-0.678513236077119,-0.482513236077119
"10",-4.33867735470942,-0.469264649012486,-3.79759519038076,-0.678513236077119,-0.482513236077119
"11",-4.3186372745491,-0.698097242518021,-3.79759519038076,-0.678513236077119,-0.482513236077119
"12",-4.25851703406814,-0.503924269512699,-3.79759519038076,-0.678513236077119,-0.482513236077119
"13",-4.2184368737475,-0.710680360250991,-3.79759519038076,-0.678513236077119,-0.482513236077119
"14",-4.09819639278557,-0.721614188042051,-3.79759519038076,-0.678513236077119,-0.482513236077119
"15",-4.03807615230461,-0.64916479810797,-3.79759519038076,-0.678513236077119,-0.482513236077119
"16",-3.91783567134269,-0.646254363529691,-3.79759519038076,-0.678513236077119,-0.482513236077119
"17",-3.89779559118236,-0.725066764436336,-3.79759519038076,-0.678513236077119,-0.482513236077119
"18",-3.87775551102204,-0.560427036556723,-3.79759519038076,-0.678513236077119,-0.482513236077119
"19",-3.8376753507014,-0.706077256883333,-3.79759519038076,-0.678513236077119,-0.482513236077119
"20",-3.6372745490982,-0.591638180054593,-3.79759519038076,-0.678513236077119,-0.482513236077119
"21",-3.61723446893788,-0.530053437453523,-3.79759519038076,-0.678513236077119,-0.482513236077119
"22",-3.41683366733467,-0.707235429593617,-3.79759519038076,-0.678513236077119,-0.482513236077119
"23",-3.39679358717435,-0.676625582285677,-3.79759519038076,-0.678513236077119,-0.482513236077119
"24",-3.29659318637275,-0.808849083247402,-3.79759519038076,-0.678513236077119,-0.482513236077119
"25",-3.2565130260521,-0.731306933848307,-3.79759519038076,-0.678513236077119,-0.482513236077119
"26",-3.19639278557114,-0.671407812901707,-3.79759519038076,-0.678513236077119,-0.482513236077119
"27",-3.13627254509018,-0.760732086434757,-3.79759519038076,-0.678513236077119,-0.482513236077119
"28",-3.07615230460922,-0.731744063767632,-3.79759519038076,-0.678513236077119,-0.482513236077119
"29",-3.0561122244489,-0.728135165767082,-3.79759519038076,-0.678513236077119,-0.482513236077119
"30",-3.03607214428858,-0.761661098989112,-3.79759519038076,-0.678513236077119,-0.482513236077119
"31",-3.01603206412826,-0.856606687151177,-3.79759519038076,-0.678513236077119,-0.482513236077119
"32",-2.89579158316633,-0.732595710201501,-3.79759519038076,-0.678513236077119,-0.482513236077119
"33",-2.87575150300601,-0.826446844431873,-3.79759519038076,-0.678513236077119,-0.482513236077119
"34",-2.85571142284569,-0.851413528626413,-3.79759519038076,-0.678513236077119,-0.482513236077119
"35",-2.81563126252505,-0.792545415142191,-3.79759519038076,-0.678513236077119,-0.482513236077119
"36",-1.55310621242485,-0.914715188426735,-3.79759519038076,-0.678513236077119,-0.482513236077119
"37",-1.53306613226453,-0.791887610126294,-3.79759519038076,-0.678513236077119,-0.482513236077119
"38",-0.811623246492986,-0.673507282681064,-3.79759519038076,-0.678513236077119,-0.482513236077119
"39",-0.531062124248497,-0.802538439778002,-3.79759519038076,-0.678513236077119,-0.482513236077119
"40",0.390781563126252,-0.437259080485987,-3.79759519038076,-0.678513236077119,-0.482513236077119
"41",0.470941883767535,-0.452616159004631,-3.79759519038076,-0.678513236077119,-0.482513236077119
"42",1.43286573146293,-0.275709667750403,-3.79759519038076,-0.678513236077119,-0.482513236077119
"43",1.59318637274549,-0.110066162661515,-3.79759519038076,-0.678513236077119,-0.482513236077119
"44",2.69539078156313,0.154157286737194,-3.79759519038076,-0.678513236077119,-0.482513236077119
"45",2.97595190380761,0.290599549963014,-3.79759519038076,-0.678513236077119,-0.482513236077119
"46",3.13627254509018,0.0568025921895506,-3.79759519038076,-0.678513236077119,-0.482513236077119
"47",3.49699398797595,0.34147726893698,-3.79759519038076,-0.678513236077119,-0.482513236077119
"48",3.67735470941884,0.482355077240513,-3.79759519038076,-0.678513236077119,-0.482513236077119
"49",4.45891783567134,0.684655986399384,-3.79759519038076,-0.678513236077119,-0.482513236077119
"50",4.93987975951904,0.674159098345823,-3.79759519038076,-0.678513236077119,-0.482513236077119
