"","x","yplot","target","ftrue","fwrong"
"1",-4.8997995991984,0.637261796365787,-2.71543086172345,0.376761674128934,0.572761674128934
"2",-4.2184368737475,0.520764418385279,-2.71543086172345,0.376761674128934,0.572761674128934
"3",-3.99799599198397,0.305061123741724,-2.71543086172345,0.376761674128934,0.572761674128934
"4",-3.79759519038076,0.401835479527783,-2.71543086172345,0.376761674128934,0.572761674128934
"5",-3.41683366733467,0.183396315867746,-2.71543086172345,0.376761674128934,0.572761674128934
"6",-3.33667334669339,0.453226006378229,-2.71543086172345,0.376761674128934,0.572761674128934
"7",-2.97595190380762,0.337998710292422,-2.71543086172345,0.376761674128934,0.572761674128934
"8",-2.87575150300601,0.32665686512199,-2.71543086172345,0.376761674128934,0.572761674128934
"9",-2.85571142284569,0.402519209778697,-2.71543086172345,0.376761674128934,0.572761674128934
"10",-2.75551102204409,0.361146963600208,-2.71543086172345,0.376761674128934,0.572761674128934
"11",-2.71543086172345,0.434664020933439,-2.71543086172345,0.376761674128934,0.572761674128934
"12",-2.5751503006012,0.382453365731615,-2.71543086172345,0.376761674128934,0.572761674128934
"13",-2.29458917835671,0.372902525128895,-2.71543086172345,0.376761674128934,0.572761674128934
"14",-2.17434869739479,0.191301181897139,-2.71543086172345,0.376761674128934,0.572761674128934
"15",-1.8937875751503,0.322284661837739,-2.71543086172345,0.376761674128934,0.572761674128934
"16",-1.85370741482966,0.486710580949854,-2.71543086172345,0.376761674128934,0.572761674128934
"17",-1.53306613226453,0.240933822421881,-2.71543086172345,0.376761674128934,0.572761674128934
"18",-1.51302605210421,0.223904320955356,-2.71543086172345,0.376761674128934,0.572761674128934
"19",-0.851703406813628,-0.0336455503207364,-2.71543086172345,0.376761674128934,0.572761674128934
"20",-0.771543086172345,-0.282770031635272,-2.71543086172345,0.376761674128934,0.572761674128934
"21",-0.731462925851703,-0.247027472523451,-2.71543086172345,0.376761674128934,0.572761674128934
"22",0.130260521042084,-0.627250024087266,-2.71543086172345,0.376761674128934,0.572761674128934
"23",0.230460921843687,-0.607306879445845,-2.71543086172345,0.376761674128934,0.572761674128934
"24",0.31062124248497,-0.684907707724261,-2.71543086172345,0.376761674128934,0.572761674128934
"25",0.571142284569138,-0.893736754934059,-2.71543086172345,0.376761674128934,0.572761674128934
"26",0.791583166332665,-0.851184108763957,-2.71543086172345,0.376761674128934,0.572761674128934
"27",1.2124248496994,-1.00365420232389,-2.71543086172345,0.376761674128934,0.572761674128934
"28",1.23246492985972,-0.874551047497484,-2.71543086172345,0.376761674128934,0.572761674128934
"29",1.25250501002004,-0.823237228820181,-2.71543086172345,0.376761674128934,0.572761674128934
"30",1.59318637274549,-1.22872391188256,-2.71543086172345,0.376761674128934,0.572761674128934
"31",1.91382765531062,-0.821216330133882,-2.71543086172345,0.376761674128934,0.572761674128934
"32",2.05410821643287,-0.900812835424939,-2.71543086172345,0.376761674128934,0.572761674128934
"33",2.29458917835671,-0.872535684916347,-2.71543086172345,0.376761674128934,0.572761674128934
"34",2.55511022044088,-0.776061826849722,-2.71543086172345,0.376761674128934,0.572761674128934
"35",2.81563126252505,-0.717303163605299,-2.71543086172345,0.376761674128934,0.572761674128934
"36",3.55711422845691,-0.560349415417661,-2.71543086172345,0.376761674128934,0.572761674128934
"37",3.87775551102204,-0.507345198140957,-2.71543086172345,0.376761674128934,0.572761674128934
"38",4.19839679358717,-0.553337494055251,-2.71543086172345,0.376761674128934,0.572761674128934
"39",4.83967935871743,-0.579344535602082,-2.71543086172345,0.376761674128934,0.572761674128934
"40",4.8997995991984,-0.417757708625232,-2.71543086172345,0.376761674128934,0.572761674128934
