"","x","yplot","target","ftrue","fwrong"
"1",-3.71743486973948,0.696400704491315,3.61723446893788,-0.355396335799166,-0.159396335799166
"2",-3.65731462925852,0.510077881508938,3.61723446893788,-0.355396335799166,-0.159396335799166
"3",-3.13627254509018,0.710484131680673,3.61723446893788,-0.355396335799166,-0.159396335799166
"4",-3.01603206412826,0.548663341005919,3.61723446893788,-0.355396335799166,-0.159396335799166
"5",-2.65531062124249,0.790509547083093,3.61723446893788,-0.355396335799166,-0.159396335799166
"6",-2.49498997995992,0.849488839782179,3.61723446893788,-0.355396335799166,-0.159396335799166
"7",-1.35270541082164,0.983484702553038,3.61723446893788,-0.355396335799166,-0.159396335799166
"8",0.551102204408817,0.43819003920745,3.61723446893788,-0.355396335799166,-0.159396335799166
"9",1.29258517034068,0.339591176926986,3.61723446893788,-0.355396335799166,-0.159396335799166
"10",2.11422845691383,0.0985928529287536,3.61723446893788,-0.355396335799166,-0.159396335799166
"11",2.43486973947896,0.00373877180939328,3.61723446893788,-0.355396335799166,-0.159396335799166
"12",2.45490981963928,0.0899419210110906,3.61723446893788,-0.355396335799166,-0.159396335799166
"13",2.73547094188377,-0.0357576186806594,3.61723446893788,-0.355396335799166,-0.159396335799166
"14",2.77555110220441,-0.0627050007474655,3.61723446893788,-0.355396335799166,-0.159396335799166
"15",2.81563126252505,0.0477504421012628,3.61723446893788,-0.355396335799166,-0.159396335799166
"16",2.87575150300601,-0.113853022488792,3.61723446893788,-0.355396335799166,-0.159396335799166
"17",2.89579158316633,-0.132639143114126,3.61723446893788,-0.355396335799166,-0.159396335799166
"18",2.97595190380761,-0.216944745027128,3.61723446893788,-0.355396335799166,-0.159396335799166
"19",3.01603206412826,-0.246703436287664,3.61723446893788,-0.355396335799166,-0.159396335799166
"20",3.03607214428858,-0.0681982561569857,3.61723446893788,-0.355396335799166,-0.159396335799166
"21",3.07615230460922,-0.123670052775113,3.61723446893788,-0.355396335799166,-0.159396335799166
"22",3.13627254509018,-0.327803852413628,3.61723446893788,-0.355396335799166,-0.159396335799166
"23",3.21643286573146,-0.170009105016282,3.61723446893788,-0.355396335799166,-0.159396335799166
"24",3.33667334669339,-0.529628211097656,3.61723446893788,-0.355396335799166,-0.159396335799166
"25",3.39679358717435,-0.311773502819,3.61723446893788,-0.355396335799166,-0.159396335799166
"26",3.81763527054108,-0.546647632916083,3.61723446893788,-0.355396335799166,-0.159396335799166
"27",3.85771543086172,-0.382293614822427,3.61723446893788,-0.355396335799166,-0.159396335799166
"28",3.87775551102204,-0.467440659740234,3.61723446893788,-0.355396335799166,-0.159396335799166
"29",3.89779559118236,-0.580636328111849,3.61723446893788,-0.355396335799166,-0.159396335799166
"30",3.93787575150301,-0.391481705000302,3.61723446893788,-0.355396335799166,-0.159396335799166
"31",4.03807615230461,-0.440372297853619,3.61723446893788,-0.355396335799166,-0.159396335799166
"32",4.05811623246493,-0.377727485517778,3.61723446893788,-0.355396335799166,-0.159396335799166
"33",4.11823647294589,-0.539284851757333,3.61723446893788,-0.355396335799166,-0.159396335799166
"34",4.13827655310621,-0.550810775376561,3.61723446893788,-0.355396335799166,-0.159396335799166
"35",4.21843687374749,-0.631507857128315,3.61723446893788,-0.355396335799166,-0.159396335799166
"36",4.23847695390782,-0.672072149247394,3.61723446893788,-0.355396335799166,-0.159396335799166
"37",4.3186372745491,-0.431218630071324,3.61723446893788,-0.355396335799166,-0.159396335799166
"38",4.45891783567134,-0.67942353831277,3.61723446893788,-0.355396335799166,-0.159396335799166
"39",4.55911823647295,-0.57055723706436,3.61723446893788,-0.355396335799166,-0.159396335799166
"40",4.57915831663327,-0.434489543302914,3.61723446893788,-0.355396335799166,-0.159396335799166
