"","x","yplot","target","ftrue","fwrong"
"1",-0.671342685370742,0.000435643023239951,4.03807615230461,-0.908879323704071,-0.712879323704071
"2",2.19438877755511,-0.0580676346987761,4.03807615230461,-0.908879323704071,-0.712879323704071
"3",2.5751503006012,-0.274121024733573,4.03807615230461,-0.908879323704071,-0.712879323704071
"4",3.21643286573146,-0.763073019833075,4.03807615230461,-0.908879323704071,-0.712879323704071
"5",3.7374749498998,-0.857064512594175,4.03807615230461,-0.908879323704071,-0.712879323704071
"6",3.97795591182365,-0.986762271911176,4.03807615230461,-0.908879323704071,-0.712879323704071
"7",4.33867735470942,-0.752089274393002,4.03807615230461,-0.908879323704071,-0.712879323704071
"8",4.61923847695391,-1.00523240964126,4.03807615230461,-0.908879323704071,-0.712879323704071
"9",4.73947895791583,-0.962913927205034,4.03807615230461,-0.908879323704071,-0.712879323704071
"10",4.85971943887776,-0.854996111727982,4.03807615230461,-0.908879323704071,-0.712879323704071
