"","x","yplot","target","ftrue","fwrong"
"1",-4.97995991983968,0.442679279609665,-4.17835671342685,0.030707247946431,0.226707247946431
"2",-4.85971943887776,0.44386861166648,-4.17835671342685,0.030707247946431,0.226707247946431
"3",-4.63927855711423,-0.0103495950421714,-4.17835671342685,0.030707247946431,0.226707247946431
"4",-4.45891783567134,0.319591147854988,-4.17835671342685,0.030707247946431,0.226707247946431
"5",-4.43887775551102,0.233593308999385,-4.17835671342685,0.030707247946431,0.226707247946431
"6",-4.4188376753507,0.118577868066522,-4.17835671342685,0.030707247946431,0.226707247946431
"7",-4.33867735470942,0.111928831159919,-4.17835671342685,0.030707247946431,0.226707247946431
"8",-4.25851703406814,0.119484277915261,-4.17835671342685,0.030707247946431,0.226707247946431
"9",-4.23847695390782,0.0633296505264943,-4.17835671342685,0.030707247946431,0.226707247946431
"10",-4.15831663326653,-0.00907274316199765,-4.17835671342685,0.030707247946431,0.226707247946431
"11",-4.01803607214429,-0.191552803076906,-4.17835671342685,0.030707247946431,0.226707247946431
"12",-3.99799599198397,-0.195404324586747,-4.17835671342685,0.030707247946431,0.226707247946431
"13",-3.93787575150301,-0.145868887998172,-4.17835671342685,0.030707247946431,0.226707247946431
"14",-3.89779559118236,-0.142020600925497,-4.17835671342685,0.030707247946431,0.226707247946431
"15",-3.81763527054108,-0.272042736693878,-4.17835671342685,0.030707247946431,0.226707247946431
"16",-3.67735470941884,-0.165004844923639,-4.17835671342685,0.030707247946431,0.226707247946431
"17",-3.6372745490982,-0.294942597573523,-4.17835671342685,0.030707247946431,0.226707247946431
"18",-3.39679358717435,-0.590936920751588,-4.17835671342685,0.030707247946431,0.226707247946431
"19",-3.31663326653307,-0.495915698487811,-4.17835671342685,0.030707247946431,0.226707247946431
"20",-3.21643286573146,-0.581267322722347,-4.17835671342685,0.030707247946431,0.226707247946431
"21",-3.19639278557114,-0.653747583137495,-4.17835671342685,0.030707247946431,0.226707247946431
"22",-2.27454909819639,-0.83293618105353,-4.17835671342685,0.030707247946431,0.226707247946431
"23",-1.47294589178357,-0.739582953642539,-4.17835671342685,0.030707247946431,0.226707247946431
"24",-0.93186372745491,-0.549688460718472,-4.17835671342685,0.030707247946431,0.226707247946431
"25",-0.871743486973948,-0.409111408184725,-4.17835671342685,0.030707247946431,0.226707247946431
"26",0.250501002004007,0.11217045563049,-4.17835671342685,0.030707247946431,0.226707247946431
"27",0.511022044088176,0.210517042335287,-4.17835671342685,0.030707247946431,0.226707247946431
"28",2.15430861723447,0.851682363304871,-4.17835671342685,0.030707247946431,0.226707247946431
"29",3.03607214428858,0.922966925363931,-4.17835671342685,0.030707247946431,0.226707247946431
"30",3.85771543086172,0.816845623477282,-4.17835671342685,0.030707247946431,0.226707247946431
