"","x","yplot","target","ftrue","fwrong"
"1",-4.67935871743487,-0.664011379244364,1.57314629258517,0.31773519781076,0.12173519781076
"2",-3.37675350701403,-0.696332867422612,1.57314629258517,0.31773519781076,0.12173519781076
"3",-2.65531062124249,-0.828178292412912,1.57314629258517,0.31773519781076,0.12173519781076
"4",-2.49498997995992,-0.760142986934243,1.57314629258517,0.31773519781076,0.12173519781076
"5",-2.13426853707415,-0.873152761355922,1.57314629258517,0.31773519781076,0.12173519781076
"6",-1.61322645290581,-0.531580272219236,1.57314629258517,0.31773519781076,0.12173519781076
"7",-1.57314629258517,-0.665264295408266,1.57314629258517,0.31773519781076,0.12173519781076
"8",-0.95190380761523,-0.44386899062436,1.57314629258517,0.31773519781076,0.12173519781076
"9",-0.831663326653307,-0.32290104702375,1.57314629258517,0.31773519781076,0.12173519781076
"10",-0.430861723446894,-0.375904116234567,1.57314629258517,0.31773519781076,0.12173519781076
"11",-0.370741482965932,-0.209119775739896,1.57314629258517,0.31773519781076,0.12173519781076
"12",-0.330661322645291,-0.327111784596398,1.57314629258517,0.31773519781076,0.12173519781076
"13",-0.0100200400801604,-0.300404670206838,1.57314629258517,0.31773519781076,0.12173519781076
"14",0.370741482965932,-0.0564287194831687,1.57314629258517,0.31773519781076,0.12173519781076
"15",0.430861723446894,0.0296826283798234,1.57314629258517,0.31773519781076,0.12173519781076
"16",0.731462925851703,0.101837027081031,1.57314629258517,0.31773519781076,0.12173519781076
"17",1.09218436873747,0.140138869859044,1.57314629258517,0.31773519781076,0.12173519781076
"18",1.2124248496994,0.236679498385873,1.57314629258517,0.31773519781076,0.12173519781076
"19",1.25250501002004,0.246656695756751,1.57314629258517,0.31773519781076,0.12173519781076
"20",1.57314629258517,0.262239625603939,1.57314629258517,0.31773519781076,0.12173519781076
"21",1.73346693386774,0.371655994857279,1.57314629258517,0.31773519781076,0.12173519781076
"22",1.93386773547094,0.30304226565918,1.57314629258517,0.31773519781076,0.12173519781076
"23",1.97394789579158,0.429645715797194,1.57314629258517,0.31773519781076,0.12173519781076
"24",2.35470941883768,0.416487807747847,1.57314629258517,0.31773519781076,0.12173519781076
"25",2.99599198396794,0.419603699644125,1.57314629258517,0.31773519781076,0.12173519781076
"26",3.07615230460922,0.842463570369995,1.57314629258517,0.31773519781076,0.12173519781076
"27",3.23647294589178,0.72346228932249,1.57314629258517,0.31773519781076,0.12173519781076
"28",3.27655310621243,0.704289587510993,1.57314629258517,0.31773519781076,0.12173519781076
"29",4.65931863727455,0.920575428363514,1.57314629258517,0.31773519781076,0.12173519781076
"30",4.73947895791583,0.79917324451853,1.57314629258517,0.31773519781076,0.12173519781076
