"","x","yplot","target","ftrue","fwrong"
"1",-4.23847695390782,-0.877010740850511,0.831663326653306,0.24405606061784,0.0480560606178402
"2",-4.09819639278557,-0.774951579415545,0.831663326653306,0.24405606061784,0.0480560606178402
"3",-4.07815631262525,-0.691770349990169,0.831663326653306,0.24405606061784,0.0480560606178402
"4",-3.8376753507014,-0.583110737869259,0.831663326653306,0.24405606061784,0.0480560606178402
"5",-2.91583166332665,-0.829554298515934,0.831663326653306,0.24405606061784,0.0480560606178402
"6",-1.67334669338677,-0.426417167973807,0.831663326653306,0.24405606061784,0.0480560606178402
"7",-1.49298597194389,-0.417586389482781,0.831663326653306,0.24405606061784,0.0480560606178402
"8",-1.29258517034068,-0.340835435125728,0.831663326653306,0.24405606061784,0.0480560606178402
"9",-1.13226452905812,-0.328258468654868,0.831663326653306,0.24405606061784,0.0480560606178402
"10",-1.03206412825651,-0.406074147074265,0.831663326653306,0.24405606061784,0.0480560606178402
"11",-0.811623246492986,-0.162185378081071,0.831663326653306,0.24405606061784,0.0480560606178402
"12",-0.470941883767535,-0.373073878458662,0.831663326653306,0.24405606061784,0.0480560606178402
"13",0.0501002004008013,0.150044879442103,0.831663326653306,0.24405606061784,0.0480560606178402
"14",0.170340681362725,0.0761467905461948,0.831663326653306,0.24405606061784,0.0480560606178402
"15",0.611222444889779,0.141414412291899,0.831663326653306,0.24405606061784,0.0480560606178402
"16",0.651302605210421,0.112817439777191,0.831663326653306,0.24405606061784,0.0480560606178402
"17",0.731462925851703,0.173385273761327,0.831663326653306,0.24405606061784,0.0480560606178402
"18",0.93186372745491,0.501423700081321,0.831663326653306,0.24405606061784,0.0480560606178402
"19",1.09218436873747,0.0571331261270615,0.831663326653306,0.24405606061784,0.0480560606178402
"20",1.55310621242485,0.465947337352612,0.831663326653306,0.24405606061784,0.0480560606178402
"21",1.57314629258517,0.387856032516693,0.831663326653306,0.24405606061784,0.0480560606178402
"22",1.97394789579158,0.551400022946605,0.831663326653306,0.24405606061784,0.0480560606178402
"23",2.03406813627254,0.460301896933344,0.831663326653306,0.24405606061784,0.0480560606178402
"24",2.07414829659319,0.353822353588251,0.831663326653306,0.24405606061784,0.0480560606178402
"25",2.33466933867735,0.334069720909434,0.831663326653306,0.24405606061784,0.0480560606178402
"26",3.21643286573146,-0.129909049901146,0.831663326653306,0.24405606061784,0.0480560606178402
"27",3.31663326653307,-0.160182545734603,0.831663326653306,0.24405606061784,0.0480560606178402
"28",3.81763527054108,-0.427022574566813,0.831663326653306,0.24405606061784,0.0480560606178402
"29",4.37875751503006,-0.485464920535702,0.831663326653306,0.24405606061784,0.0480560606178402
"30",4.77955911823647,-0.266034082083259,0.831663326653306,0.24405606061784,0.0480560606178402
