"","x","yplot","target","ftrue","fwrong"
"1",-3.65731462925852,0.200474372955626,2.05410821643287,-0.0863343903498469,0.109665609650153
"2",-0.531062124248497,-0.430315565686572,2.05410821643287,-0.0863343903498469,0.109665609650153
"3",1.25250501002004,0.368352700650933,2.05410821643287,-0.0863343903498469,0.109665609650153
"4",1.312625250501,0.305712616061225,2.05410821643287,-0.0863343903498469,0.109665609650153
"5",1.71342685370741,0.163859503533671,2.05410821643287,-0.0863343903498469,0.109665609650153
"6",2.374749498998,-0.281650431840472,2.05410821643287,-0.0863343903498469,0.109665609650153
"7",2.51503006012024,-0.38136479041794,2.05410821643287,-0.0863343903498469,0.109665609650153
"8",2.81563126252505,-0.615391544106249,2.05410821643287,-0.0863343903498469,0.109665609650153
"9",2.99599198396794,-0.749531481954107,2.05410821643287,-0.0863343903498469,0.109665609650153
"10",3.27655310621243,-0.639267307729088,2.05410821643287,-0.0863343903498469,0.109665609650153
