"","x","yplot","target","ftrue","fwrong"
"1",-5,0.612291797439518,0.651302605210421,-0.360493585308864,-0.164493585308864
"2",-4.53907815631263,0.357378881401837,0.651302605210421,-0.360493585308864,-0.164493585308864
"3",-4.3186372745491,0.183672807148754,0.651302605210421,-0.360493585308864,-0.164493585308864
"4",-3.89779559118236,0.17456420970863,0.651302605210421,-0.360493585308864,-0.164493585308864
"5",-2.374749498998,-0.838499131774656,0.651302605210421,-0.360493585308864,-0.164493585308864
"6",-2.01402805611222,-0.690080306347788,0.651302605210421,-0.360493585308864,-0.164493585308864
"7",-1.51302605210421,-0.673898787602033,0.651302605210421,-0.360493585308864,-0.164493585308864
"8",-1.35270541082164,-0.798966101315998,0.651302605210421,-0.360493585308864,-0.164493585308864
"9",-0.991983967935872,-0.617052475004269,0.651302605210421,-0.360493585308864,-0.164493585308864
"10",-0.571142284569138,-0.383736589810994,0.651302605210421,-0.360493585308864,-0.164493585308864
"11",-0.290581162324649,-0.535101179709225,0.651302605210421,-0.360493585308864,-0.164493585308864
"12",-0.250501002004008,-0.445711658006687,0.651302605210421,-0.360493585308864,-0.164493585308864
"13",-0.210420841683367,-0.701051672392285,0.651302605210421,-0.360493585308864,-0.164493585308864
"14",-0.170340681362726,-0.256257672560881,0.651302605210421,-0.360493585308864,-0.164493585308864
"15",0.0100200400801604,-0.515738264125462,0.651302605210421,-0.360493585308864,-0.164493585308864
"16",0.0300601202404804,-0.354072821379574,0.651302605210421,-0.360493585308864,-0.164493585308864
"17",0.130260521042084,-0.43162789982148,0.651302605210421,-0.360493585308864,-0.164493585308864
"18",0.150300601202405,-0.426922749336086,0.651302605210421,-0.360493585308864,-0.164493585308864
"19",0.270541082164328,-0.437157129305026,0.651302605210421,-0.360493585308864,-0.164493585308864
"20",0.31062124248497,-0.34984412798235,0.651302605210421,-0.360493585308864,-0.164493585308864
"21",0.350701402805611,-0.16080536695466,0.651302605210421,-0.360493585308864,-0.164493585308864
"22",0.410821643286573,-0.389014836429176,0.651302605210421,-0.360493585308864,-0.164493585308864
"23",0.450901803607215,-0.516153726949917,0.651302605210421,-0.360493585308864,-0.164493585308864
"24",0.470941883767535,-0.518015415690603,0.651302605210421,-0.360493585308864,-0.164493585308864
"25",0.531062124248497,-0.414256464174913,0.651302605210421,-0.360493585308864,-0.164493585308864
"26",0.591182364729459,-0.283920567584485,0.651302605210421,-0.360493585308864,-0.164493585308864
"27",0.691382765531062,-0.318448024398262,0.651302605210421,-0.360493585308864,-0.164493585308864
"28",0.811623246492986,-0.270479516058639,0.651302605210421,-0.360493585308864,-0.164493585308864
"29",0.93186372745491,-0.285745088647636,0.651302605210421,-0.360493585308864,-0.164493585308864
"30",0.971943887775551,-0.334097501061484,0.651302605210421,-0.360493585308864,-0.164493585308864
"31",0.991983967935871,-0.334936741715822,0.651302605210421,-0.360493585308864,-0.164493585308864
"32",1.01202404809619,-0.315670293031068,0.651302605210421,-0.360493585308864,-0.164493585308864
"33",1.07214428857715,-0.405782571586165,0.651302605210421,-0.360493585308864,-0.164493585308864
"34",1.13226452905812,-0.286235424156404,0.651302605210421,-0.360493585308864,-0.164493585308864
"35",1.17234468937876,-0.243127229179266,0.651302605210421,-0.360493585308864,-0.164493585308864
"36",1.19238476953908,-0.355308834006646,0.651302605210421,-0.360493585308864,-0.164493585308864
"37",1.2124248496994,-0.382295760672881,0.651302605210421,-0.360493585308864,-0.164493585308864
"38",1.23246492985972,-0.384224040716818,0.651302605210421,-0.360493585308864,-0.164493585308864
"39",1.312625250501,-0.327517276342525,0.651302605210421,-0.360493585308864,-0.164493585308864
"40",1.43286573146293,-0.363562800012653,0.651302605210421,-0.360493585308864,-0.164493585308864
"41",1.45290581162325,-0.30743839186791,0.651302605210421,-0.360493585308864,-0.164493585308864
"42",1.47294589178357,-0.463560884277389,0.651302605210421,-0.360493585308864,-0.164493585308864
"43",1.49298597194389,-0.405361010691914,0.651302605210421,-0.360493585308864,-0.164493585308864
"44",1.51302605210421,-0.219562207130429,0.651302605210421,-0.360493585308864,-0.164493585308864
"45",1.57314629258517,-0.463071343611623,0.651302605210421,-0.360493585308864,-0.164493585308864
"46",3.91783567134268,-0.153030563826065,0.651302605210421,-0.360493585308864,-0.164493585308864
"47",4.05811623246493,-0.0932667454396062,0.651302605210421,-0.360493585308864,-0.164493585308864
"48",4.49899799599198,-0.535784511765555,0.651302605210421,-0.360493585308864,-0.164493585308864
"49",4.61923847695391,-0.54835701393148,0.651302605210421,-0.360493585308864,-0.164493585308864
"50",4.71943887775551,-0.694374382207008,0.651302605210421,-0.360493585308864,-0.164493585308864
