"","x","yplot","target","ftrue","fwrong"
"1",-3.87775551102204,-0.451562195113766,-1.01202404809619,0.44017966959624,0.24417966959624
"2",-3.55711422845691,-0.219576213003491,-1.01202404809619,0.44017966959624,0.24417966959624
"3",-2.5751503006012,0.0205763763491942,-1.01202404809619,0.44017966959624,0.24417966959624
"4",-1.19238476953908,0.606243436411144,-1.01202404809619,0.44017966959624,0.24417966959624
"5",-1.03206412825651,0.389557640804289,-1.01202404809619,0.44017966959624,0.24417966959624
"6",-0.771543086172345,0.57450845640409,-1.01202404809619,0.44017966959624,0.24417966959624
"7",-0.470941883767535,0.591533439813353,-1.01202404809619,0.44017966959624,0.24417966959624
"8",-0.450901803607215,0.631541957669114,-1.01202404809619,0.44017966959624,0.24417966959624
"9",-0.150300601202405,0.469550844734865,-1.01202404809619,0.44017966959624,0.24417966959624
"10",0.250501002004007,0.645928558730854,-1.01202404809619,0.44017966959624,0.24417966959624
"11",0.95190380761523,0.562040239399733,-1.01202404809619,0.44017966959624,0.24417966959624
"12",1.19238476953908,0.629414486447498,-1.01202404809619,0.44017966959624,0.24417966959624
"13",1.71342685370741,0.592194315215682,-1.01202404809619,0.44017966959624,0.24417966959624
"14",1.7935871743487,0.861618527305124,-1.01202404809619,0.44017966959624,0.24417966959624
"15",2.13426853707415,0.805225149961193,-1.01202404809619,0.44017966959624,0.24417966959624
"16",2.35470941883768,0.834072310119077,-1.01202404809619,0.44017966959624,0.24417966959624
"17",2.91583166332665,0.905071484633129,-1.01202404809619,0.44017966959624,0.24417966959624
"18",3.17635270541082,0.946495774326165,-1.01202404809619,0.44017966959624,0.24417966959624
"19",3.47695390781563,0.817788633949513,-1.01202404809619,0.44017966959624,0.24417966959624
"20",4.97995991983968,0.76059781530162,-1.01202404809619,0.44017966959624,0.24417966959624
