"","x","yplot","target","ftrue","fwrong"
"1",-2.87575150300601,-0.150553994865789,1.81362725450902,-0.652755434044676,-0.456755434044676
"2",-2.31462925851703,0.0680912898290213,1.81362725450902,-0.652755434044676,-0.456755434044676
"3",-0.410821643286574,0.226232930795551,1.81362725450902,-0.652755434044676,-0.456755434044676
"4",1.13226452905812,-0.603515291354534,1.81362725450902,-0.652755434044676,-0.456755434044676
"5",2.35470941883768,-0.280722159128078,1.81362725450902,-0.652755434044676,-0.456755434044676
"6",2.69539078156313,-0.17265442089658,1.81362725450902,-0.652755434044676,-0.456755434044676
"7",3.43687374749499,0.186758996329892,1.81362725450902,-0.652755434044676,-0.456755434044676
"8",3.93787575150301,0.414494383149447,1.81362725450902,-0.652755434044676,-0.456755434044676
"9",4.13827655310621,0.497479390759146,1.81362725450902,-0.652755434044676,-0.456755434044676
"10",4.55911823647295,0.32280226990962,1.81362725450902,-0.652755434044676,-0.456755434044676
