"","x","yplot","target","ftrue","fwrong"
"1",-4.97995991983968,-0.756264568489934,-4.4188376753507,-0.711786939495768,-0.907786939495768
"2",-4.85971943887776,-0.503050399147339,-4.4188376753507,-0.711786939495768,-0.907786939495768
"3",-4.73947895791583,-0.78875044970508,-4.4188376753507,-0.711786939495768,-0.907786939495768
"4",-4.59919839679359,-0.774708132121317,-4.4188376753507,-0.711786939495768,-0.907786939495768
"5",-4.55911823647295,-0.717464669276415,-4.4188376753507,-0.711786939495768,-0.907786939495768
"6",-4.53907815631263,-0.650677340668676,-4.4188376753507,-0.711786939495768,-0.907786939495768
"7",-4.49899799599198,-0.749822078350649,-4.4188376753507,-0.711786939495768,-0.907786939495768
"8",-4.45891783567134,-0.786637377578164,-4.4188376753507,-0.711786939495768,-0.907786939495768
"9",-4.3186372745491,-0.667216571771238,-4.4188376753507,-0.711786939495768,-0.907786939495768
"10",-4.27855711422846,-0.853590005382094,-4.4188376753507,-0.711786939495768,-0.907786939495768
"11",-4.2184368737475,-0.761714194832686,-4.4188376753507,-0.711786939495768,-0.907786939495768
"12",-4.19839679358717,-0.69967982322623,-4.4188376753507,-0.711786939495768,-0.907786939495768
"13",-4.17835671342685,-0.677421364973696,-4.4188376753507,-0.711786939495768,-0.907786939495768
"14",-4.13827655310621,-0.645147912662821,-4.4188376753507,-0.711786939495768,-0.907786939495768
"15",-3.93787575150301,-0.661150681725469,-4.4188376753507,-0.711786939495768,-0.907786939495768
"16",-3.89779559118236,-0.688946372751383,-4.4188376753507,-0.711786939495768,-0.907786939495768
"17",-3.8376753507014,-0.751915580530077,-4.4188376753507,-0.711786939495768,-0.907786939495768
"18",-3.71743486973948,-0.718524118419206,-4.4188376753507,-0.711786939495768,-0.907786939495768
"19",-3.67735470941884,-0.905680475532649,-4.4188376753507,-0.711786939495768,-0.907786939495768
"20",-3.61723446893788,-0.81721305171885,-4.4188376753507,-0.711786939495768,-0.907786939495768
"21",-3.57715430861723,-0.898623753239541,-4.4188376753507,-0.711786939495768,-0.907786939495768
"22",-1.67334669338677,-0.61625119330123,-4.4188376753507,-0.711786939495768,-0.907786939495768
"23",-1.45290581162325,-0.31138026977783,-4.4188376753507,-0.711786939495768,-0.907786939495768
"24",-0.210420841683367,-0.0406626945174287,-4.4188376753507,-0.711786939495768,-0.907786939495768
"25",1.4128256513026,0.193569896390961,-4.4188376753507,-0.711786939495768,-0.907786939495768
"26",2.03406813627254,0.20909442279908,-4.4188376753507,-0.711786939495768,-0.907786939495768
"27",2.81563126252505,0.144139773202601,-4.4188376753507,-0.711786939495768,-0.907786939495768
"28",3.7374749498998,0.666908759773163,-4.4188376753507,-0.711786939495768,-0.907786939495768
"29",4.3186372745491,0.739546838038732,-4.4188376753507,-0.711786939495768,-0.907786939495768
"30",4.43887775551102,0.936218360703003,-4.4188376753507,-0.711786939495768,-0.907786939495768
