"","x","yplot","target","ftrue","fwrong"
"1",-4.35871743486974,0.492807958357646,1.03206412825651,-0.640913870815144,-0.836913870815144
"2",-4.11823647294589,0.516370408230168,1.03206412825651,-0.640913870815144,-0.836913870815144
"3",-3.67735470941884,0.190702768975642,1.03206412825651,-0.640913870815144,-0.836913870815144
"4",-3.53707414829659,0.318659845407704,1.03206412825651,-0.640913870815144,-0.836913870815144
"5",-3.31663326653307,0.010142579857601,1.03206412825651,-0.640913870815144,-0.836913870815144
"6",-2.95591182364729,0.176375269493902,1.03206412825651,-0.640913870815144,-0.836913870815144
"7",-2.73547094188377,0.0559052955448604,1.03206412825651,-0.640913870815144,-0.836913870815144
"8",-2.21442885771543,-0.0174696287823501,1.03206412825651,-0.640913870815144,-0.836913870815144
"9",-1.51302605210421,-0.152621489524076,1.03206412825651,-0.640913870815144,-0.836913870815144
"10",-1.47294589178357,0.0014243641544695,1.03206412825651,-0.640913870815144,-0.836913870815144
"11",-0.61122244488978,-0.344317842995717,1.03206412825651,-0.640913870815144,-0.836913870815144
"12",0.0300601202404804,-0.472967374056767,1.03206412825651,-0.640913870815144,-0.836913870815144
"13",0.551102204408817,-0.586894422329014,1.03206412825651,-0.640913870815144,-0.836913870815144
"14",0.6312625250501,-0.514440435829636,1.03206412825651,-0.640913870815144,-0.836913870815144
"15",0.711422845691382,-0.558908117639838,1.03206412825651,-0.640913870815144,-0.836913870815144
"16",0.891783567134269,-0.515426756562289,1.03206412825651,-0.640913870815144,-0.836913870815144
"17",1.25250501002004,-0.75054528539163,1.03206412825651,-0.640913870815144,-0.836913870815144
"18",1.312625250501,-0.537037248158272,1.03206412825651,-0.640913870815144,-0.836913870815144
"19",1.73346693386774,-0.551355968816059,1.03206412825651,-0.640913870815144,-0.836913870815144
"20",1.83366733466934,-0.721085090220103,1.03206412825651,-0.640913870815144,-0.836913870815144
"21",2.01402805611222,-0.624509026856291,1.03206412825651,-0.640913870815144,-0.836913870815144
"22",2.33466933867735,-0.804941755216689,1.03206412825651,-0.640913870815144,-0.836913870815144
"23",2.67535070140281,-0.686897127763527,1.03206412825651,-0.640913870815144,-0.836913870815144
"24",2.89579158316633,-0.636576284423058,1.03206412825651,-0.640913870815144,-0.836913870815144
"25",3.03607214428858,-0.839446469545888,1.03206412825651,-0.640913870815144,-0.836913870815144
"26",3.1563126252505,-0.706924782917972,1.03206412825651,-0.640913870815144,-0.836913870815144
"27",3.37675350701403,-0.784607081927309,1.03206412825651,-0.640913870815144,-0.836913870815144
"28",3.51703406813627,-0.546147567577933,1.03206412825651,-0.640913870815144,-0.836913870815144
"29",4.71943887775551,-0.506547366000525,1.03206412825651,-0.640913870815144,-0.836913870815144
"30",4.83967935871743,-0.518470551492831,1.03206412825651,-0.640913870815144,-0.836913870815144
