"","x","yplot","target","ftrue","fwrong"
"1",-4.93987975951904,-0.44002404530644,4.77955911823647,0.836174862717567,0.640174862717567
"2",-4.67935871743487,-0.509652291872156,4.77955911823647,0.836174862717567,0.640174862717567
"3",-4.2184368737475,-0.426885113680434,4.77955911823647,0.836174862717567,0.640174862717567
"4",-3.55711422845691,-0.688596241274798,4.77955911823647,0.836174862717567,0.640174862717567
"5",-3.53707414829659,-0.881060464516652,4.77955911823647,0.836174862717567,0.640174862717567
"6",-3.49699398797595,-0.890820723991824,4.77955911823647,0.836174862717567,0.640174862717567
"7",-2.41482965931864,-0.880599250943621,4.77955911823647,0.836174862717567,0.640174862717567
"8",-2.374749498998,-0.94472698397789,4.77955911823647,0.836174862717567,0.640174862717567
"9",-2.33466933867735,-0.752290711930623,4.77955911823647,0.836174862717567,0.640174862717567
"10",-1.93386773547094,-0.782777691013213,4.77955911823647,0.836174862717567,0.640174862717567
"11",-1.2124248496994,-0.890253911659184,4.77955911823647,0.836174862717567,0.640174862717567
"12",-1.1122244488978,-0.672861321505891,4.77955911823647,0.836174862717567,0.640174862717567
"13",-1.01202404809619,-0.722884391453909,4.77955911823647,0.836174862717567,0.640174862717567
"14",-0.270541082164329,-0.652480748318628,4.77955911823647,0.836174862717567,0.640174862717567
"15",0.230460921843687,-0.528027342407436,4.77955911823647,0.836174862717567,0.640174862717567
"16",0.511022044088176,-0.572884109992974,4.77955911823647,0.836174862717567,0.640174862717567
"17",0.531062124248497,-0.371210734330149,4.77955911823647,0.836174862717567,0.640174862717567
"18",0.791583166332665,-0.433964133340388,4.77955911823647,0.836174862717567,0.640174862717567
"19",2.09418837675351,0.0698238189259544,4.77955911823647,0.836174862717567,0.640174862717567
"20",2.31462925851703,0.21050963640275,4.77955911823647,0.836174862717567,0.640174862717567
"21",3.03607214428858,0.443215261495035,4.77955911823647,0.836174862717567,0.640174862717567
"22",3.89779559118236,0.615362713927655,4.77955911823647,0.836174862717567,0.640174862717567
"23",4.21843687374749,0.854512326015864,4.77955911823647,0.836174862717567,0.640174862717567
"24",4.29859719438878,0.609291617361926,4.77955911823647,0.836174862717567,0.640174862717567
"25",4.39879759519038,0.751565828129601,4.77955911823647,0.836174862717567,0.640174862717567
"26",4.4188376753507,0.885874925635878,4.77955911823647,0.836174862717567,0.640174862717567
"27",4.49899799599198,0.843322672158182,4.77955911823647,0.836174862717567,0.640174862717567
"28",4.71943887775551,0.855053128743683,4.77955911823647,0.836174862717567,0.640174862717567
"29",4.95991983967936,0.918471059720516,4.77955911823647,0.836174862717567,0.640174862717567
"30",5,0.755297116194982,4.77955911823647,0.836174862717567,0.640174862717567
