"","x","yplot","target","ftrue","fwrong"
"1",-3.7374749498998,0.594636483864047,0.130260521042084,-0.0099315932127715,-0.205931593212772
"2",-3.41683366733467,0.719064744179657,0.130260521042084,-0.0099315932127715,-0.205931593212772
"3",-2.63527054108216,0.414607561188539,0.130260521042084,-0.0099315932127715,-0.205931593212772
"4",-2.39478957915832,0.287418716207188,0.130260521042084,-0.0099315932127715,-0.205931593212772
"5",-1.41282565130261,0.169368001848277,0.130260521042084,-0.0099315932127715,-0.205931593212772
"6",-0.61122244488978,0.177942414770083,0.130260521042084,-0.0099315932127715,-0.205931593212772
"7",-0.150300601202405,-0.00963413657754952,0.130260521042084,-0.0099315932127715,-0.205931593212772
"8",0.611222444889779,-0.230891862265809,0.130260521042084,-0.0099315932127715,-0.205931593212772
"9",2.67535070140281,-0.640542008405152,0.130260521042084,-0.0099315932127715,-0.205931593212772
"10",2.81563126252505,-0.490034326767451,0.130260521042084,-0.0099315932127715,-0.205931593212772
