"","x","yplot","target","ftrue","fwrong"
"1",-2.374749498998,-0.156052897781309,4.8997995991984,-0.672354560769468,-0.868354560769468
"2",-2.21442885771543,-0.176589771742548,4.8997995991984,-0.672354560769468,-0.868354560769468
"3",0.270541082164328,-0.477779935361673,4.8997995991984,-0.672354560769468,-0.868354560769468
"4",0.911823647294589,-0.531508953301544,4.8997995991984,-0.672354560769468,-0.868354560769468
"5",2.61523046092184,-0.274540592642004,4.8997995991984,-0.672354560769468,-0.868354560769468
"6",3.31663326653307,-0.491153982560545,4.8997995991984,-0.672354560769468,-0.868354560769468
"7",3.91783567134268,-0.652716867506207,4.8997995991984,-0.672354560769468,-0.868354560769468
"8",3.97795591182365,-0.468809631729818,4.8997995991984,-0.672354560769468,-0.868354560769468
"9",4.01803607214429,-0.551320667261196,4.8997995991984,-0.672354560769468,-0.868354560769468
"10",4.09819639278557,-0.639530526372457,4.8997995991984,-0.672354560769468,-0.868354560769468
"11",4.33867735470942,-0.616059622643465,4.8997995991984,-0.672354560769468,-0.868354560769468
"12",4.4188376753507,-0.630101844107556,4.8997995991984,-0.672354560769468,-0.868354560769468
"13",4.5190380761523,-0.746961631656676,4.8997995991984,-0.672354560769468,-0.868354560769468
"14",4.53907815631263,-0.638744968784486,4.8997995991984,-0.672354560769468,-0.868354560769468
"15",4.73947895791583,-0.518156264732133,4.8997995991984,-0.672354560769468,-0.868354560769468
"16",4.81963927855711,-0.687990062480496,4.8997995991984,-0.672354560769468,-0.868354560769468
"17",4.91983967935872,-0.667440482968904,4.8997995991984,-0.672354560769468,-0.868354560769468
"18",4.93987975951904,-0.628617851408355,4.8997995991984,-0.672354560769468,-0.868354560769468
"19",4.97995991983968,-0.636146911086605,4.8997995991984,-0.672354560769468,-0.868354560769468
"20",5,-0.655961516961158,4.8997995991984,-0.672354560769468,-0.868354560769468
