"","x","yplot","target","ftrue","fwrong"
"1",-4.91983967935872,-0.699030034966315,-3.95791583166333,-0.304289177267396,-0.108289177267396
"2",-4.85971943887776,-0.736056948806609,-3.95791583166333,-0.304289177267396,-0.108289177267396
"3",-4.81963927855711,-0.792954146667418,-3.95791583166333,-0.304289177267396,-0.108289177267396
"4",-4.79959919839679,-0.654755548722222,-3.95791583166333,-0.304289177267396,-0.108289177267396
"5",-4.77955911823647,-0.736802427539891,-3.95791583166333,-0.304289177267396,-0.108289177267396
"6",-4.67935871743487,-0.663511479397252,-3.95791583166333,-0.304289177267396,-0.108289177267396
"7",-4.57915831663327,-0.68129888301861,-3.95791583166333,-0.304289177267396,-0.108289177267396
"8",-4.51903807615231,-0.537826503011786,-3.95791583166333,-0.304289177267396,-0.108289177267396
"9",-4.49899799599198,-0.734456997807797,-3.95791583166333,-0.304289177267396,-0.108289177267396
"10",-4.43887775551102,-0.639652901702284,-3.95791583166333,-0.304289177267396,-0.108289177267396
"11",-4.39879759519038,-0.490753003889263,-3.95791583166333,-0.304289177267396,-0.108289177267396
"12",-4.29859719438878,-0.461480085605145,-3.95791583166333,-0.304289177267396,-0.108289177267396
"13",-4.27855711422846,-0.433479133125697,-3.95791583166333,-0.304289177267396,-0.108289177267396
"14",-4.25851703406814,-0.674215662439212,-3.95791583166333,-0.304289177267396,-0.108289177267396
"15",-4.2184368737475,-0.450072116662408,-3.95791583166333,-0.304289177267396,-0.108289177267396
"16",-4.19839679358717,-0.30063734257882,-3.95791583166333,-0.304289177267396,-0.108289177267396
"17",-4.09819639278557,-0.451466761450047,-3.95791583166333,-0.304289177267396,-0.108289177267396
"18",-4.05811623246493,-0.494852423156897,-3.95791583166333,-0.304289177267396,-0.108289177267396
"19",-4.01803607214429,-0.338610890442783,-3.95791583166333,-0.304289177267396,-0.108289177267396
"20",-3.93787575150301,-0.43263057084661,-3.95791583166333,-0.304289177267396,-0.108289177267396
"21",-3.8376753507014,-0.333957187512982,-3.95791583166333,-0.304289177267396,-0.108289177267396
"22",-3.81763527054108,-0.131554077097534,-3.95791583166333,-0.304289177267396,-0.108289177267396
"23",-3.71743486973948,-0.225211407348342,-3.95791583166333,-0.304289177267396,-0.108289177267396
"24",-3.61723446893788,-0.166532978639638,-3.95791583166333,-0.304289177267396,-0.108289177267396
"25",-3.51703406813627,-0.171975746981598,-3.95791583166333,-0.304289177267396,-0.108289177267396
"26",-3.49699398797595,0.0212124387526873,-3.95791583166333,-0.304289177267396,-0.108289177267396
"27",-3.41683366733467,-0.181249095191882,-3.95791583166333,-0.304289177267396,-0.108289177267396
"28",-3.39679358717435,-0.187950181478685,-3.95791583166333,-0.304289177267396,-0.108289177267396
"29",-3.31663326653307,-0.00809752526090658,-3.95791583166333,-0.304289177267396,-0.108289177267396
"30",-3.2565130260521,-0.355104794867906,-3.95791583166333,-0.304289177267396,-0.108289177267396
"31",-3.1563126252505,-0.106680556096418,-3.95791583166333,-0.304289177267396,-0.108289177267396
"32",-3.11623246492986,0.124036152148962,-3.95791583166333,-0.304289177267396,-0.108289177267396
"33",-3.09619238476954,-0.247043843811792,-3.95791583166333,-0.304289177267396,-0.108289177267396
"34",-2.99599198396794,0.132766304895324,-3.95791583166333,-0.304289177267396,-0.108289177267396
"35",-2.97595190380762,-0.00919815431872864,-3.95791583166333,-0.304289177267396,-0.108289177267396
"36",-0.691382765531062,0.277361958164755,-3.95791583166333,-0.304289177267396,-0.108289177267396
"37",-0.571142284569138,0.336437454035596,-3.95791583166333,-0.304289177267396,-0.108289177267396
"38",0.0701402805611222,0.543681880269498,-3.95791583166333,-0.304289177267396,-0.108289177267396
"39",0.871743486973948,0.373845187553658,-3.95791583166333,-0.304289177267396,-0.108289177267396
"40",0.93186372745491,0.194717611194296,-3.95791583166333,-0.304289177267396,-0.108289177267396
"41",2.05410821643287,0.121673709510344,-3.95791583166333,-0.304289177267396,-0.108289177267396
"42",2.09418837675351,-0.0584277603286938,-3.95791583166333,-0.304289177267396,-0.108289177267396
"43",2.17434869739479,-0.175595678717815,-3.95791583166333,-0.304289177267396,-0.108289177267396
"44",2.55511022044088,-0.355191759849591,-3.95791583166333,-0.304289177267396,-0.108289177267396
"45",2.63527054108216,-0.211746174969196,-3.95791583166333,-0.304289177267396,-0.108289177267396
"46",2.73547094188377,-0.137522294739681,-3.95791583166333,-0.304289177267396,-0.108289177267396
"47",3.31663326653307,-0.381763257247126,-3.95791583166333,-0.304289177267396,-0.108289177267396
"48",4.13827655310621,-0.810140448854326,-3.95791583166333,-0.304289177267396,-0.108289177267396
"49",4.4188376753507,-0.979282645109394,-3.95791583166333,-0.304289177267396,-0.108289177267396
"50",4.73947895791583,-0.718715697623168,-3.95791583166333,-0.304289177267396,-0.108289177267396
