"","x","yplot","target","ftrue","fwrong"
"1",-4.23847695390782,-0.604530562828425,-1.05210420841683,0.920252291666629,0.724252291666629
"2",-3.77755511022044,-0.353628888369479,-1.05210420841683,0.920252291666629,0.724252291666629
"3",-2.5751503006012,0.0475368725894565,-1.05210420841683,0.920252291666629,0.724252291666629
"4",-2.01402805611222,0.467949853492996,-1.05210420841683,0.920252291666629,0.724252291666629
"5",-1.93386773547094,0.471354713032016,-1.05210420841683,0.920252291666629,0.724252291666629
"6",-1.87374749498998,0.798873776830198,-1.05210420841683,0.920252291666629,0.724252291666629
"7",-1.83366733466934,0.524952689742512,-1.05210420841683,0.920252291666629,0.724252291666629
"8",-1.75350701402806,0.683652387819214,-1.05210420841683,0.920252291666629,0.724252291666629
"9",-1.73346693386774,0.607838178533595,-1.05210420841683,0.920252291666629,0.724252291666629
"10",-1.71342685370742,0.698923067743105,-1.05210420841683,0.920252291666629,0.724252291666629
"11",-1.69338677354709,0.730104331336963,-1.05210420841683,0.920252291666629,0.724252291666629
"12",-1.67334669338677,0.847643580079384,-1.05210420841683,0.920252291666629,0.724252291666629
"13",-1.63326653306613,0.774109202050147,-1.05210420841683,0.920252291666629,0.724252291666629
"14",-1.55310621242485,0.644284284107669,-1.05210420841683,0.920252291666629,0.724252291666629
"15",-1.53306613226453,0.78813198577469,-1.05210420841683,0.920252291666629,0.724252291666629
"16",-1.51302605210421,0.943613115894447,-1.05210420841683,0.920252291666629,0.724252291666629
"17",-1.45290581162325,0.883922358239153,-1.05210420841683,0.920252291666629,0.724252291666629
"18",-1.43286573146293,0.79286297420529,-1.05210420841683,0.920252291666629,0.724252291666629
"19",-1.37274549098196,0.865206016661912,-1.05210420841683,0.920252291666629,0.724252291666629
"20",-1.312625250501,0.848240795844128,-1.05210420841683,0.920252291666629,0.724252291666629
"21",-1.17234468937876,0.910327229459936,-1.05210420841683,0.920252291666629,0.724252291666629
"22",-1.1122244488978,0.910569656249654,-1.05210420841683,0.920252291666629,0.724252291666629
"23",-1.09218436873748,0.841079992218647,-1.05210420841683,0.920252291666629,0.724252291666629
"24",-1.07214428857715,1.170365748194,-1.05210420841683,0.920252291666629,0.724252291666629
"25",-1.05210420841683,1.17603852109475,-1.05210420841683,0.920252291666629,0.724252291666629
"26",-1.03206412825651,0.649214280685312,-1.05210420841683,0.920252291666629,0.724252291666629
"27",-0.93186372745491,0.943582160945318,-1.05210420841683,0.920252291666629,0.724252291666629
"28",-0.871743486973948,0.865110986760482,-1.05210420841683,0.920252291666629,0.724252291666629
"29",-0.831663326653307,0.845965258662989,-1.05210420841683,0.920252291666629,0.724252291666629
"30",-0.791583166332665,0.842031470273888,-1.05210420841683,0.920252291666629,0.724252291666629
"31",-0.731462925851703,0.827525834930672,-1.05210420841683,0.920252291666629,0.724252291666629
"32",-0.711422845691383,1.05866475852709,-1.05210420841683,0.920252291666629,0.724252291666629
"33",-0.591182364729459,0.667781410750638,-1.05210420841683,0.920252291666629,0.724252291666629
"34",-0.31062124248497,0.845746278604897,-1.05210420841683,0.920252291666629,0.724252291666629
"35",-0.170340681362726,0.567224718439617,-1.05210420841683,0.920252291666629,0.724252291666629
"36",-0.130260521042084,0.742073802938836,-1.05210420841683,0.920252291666629,0.724252291666629
"37",-0.110220440881764,0.755651698740306,-1.05210420841683,0.920252291666629,0.724252291666629
"38",-0.0901803607214431,0.799045637189934,-1.05210420841683,0.920252291666629,0.724252291666629
"39",0.250501002004007,0.544288853031049,-1.05210420841683,0.920252291666629,0.724252291666629
"40",0.490981963927855,0.337392569534989,-1.05210420841683,0.920252291666629,0.724252291666629
"41",0.911823647294589,0.00587541060705869,-1.05210420841683,0.920252291666629,0.724252291666629
"42",0.991983967935871,-0.269369374659794,-1.05210420841683,0.920252291666629,0.724252291666629
"43",1.03206412825651,-0.254836952044721,-1.05210420841683,0.920252291666629,0.724252291666629
"44",1.35270541082164,-0.469156892040744,-1.05210420841683,0.920252291666629,0.724252291666629
"45",2.374749498998,-0.563017944114582,-1.05210420841683,0.920252291666629,0.724252291666629
"46",2.55511022044088,-0.380178135269974,-1.05210420841683,0.920252291666629,0.724252291666629
"47",2.5751503006012,-0.443660343982272,-1.05210420841683,0.920252291666629,0.724252291666629
"48",3.95791583166333,0.0407851044082295,-1.05210420841683,0.920252291666629,0.724252291666629
"49",4.65931863727455,0.247057366927846,-1.05210420841683,0.920252291666629,0.724252291666629
"50",4.95991983967936,0.29150133302957,-1.05210420841683,0.920252291666629,0.724252291666629
