"","x","yplot","target","ftrue","fwrong"
"1",-4.57915831663327,0.937576626628584,2.31462925851703,-0.115208763748397,0.0807912362516029
"2",-1.51302605210421,0.512251024595509,2.31462925851703,-0.115208763748397,0.0807912362516029
"3",-1.19238476953908,0.209310421183987,2.31462925851703,-0.115208763748397,0.0807912362516029
"4",-0.91182364729459,0.374396383009627,2.31462925851703,-0.115208763748397,0.0807912362516029
"5",0.170340681362725,0.186960750382929,2.31462925851703,-0.115208763748397,0.0807912362516029
"6",0.250501002004007,0.228391345878476,2.31462925851703,-0.115208763748397,0.0807912362516029
"7",1.35270541082164,0.0862010105719266,2.31462925851703,-0.115208763748397,0.0807912362516029
"8",1.69338677354709,-0.027088880266214,2.31462925851703,-0.115208763748397,0.0807912362516029
"9",1.85370741482966,0.027991222272146,2.31462925851703,-0.115208763748397,0.0807912362516029
"10",1.93386773547094,-0.239316275527367,2.31462925851703,-0.115208763748397,0.0807912362516029
"11",1.9939879759519,-0.0558008318672164,2.31462925851703,-0.115208763748397,0.0807912362516029
"12",2.35470941883768,-0.128335360222475,2.31462925851703,-0.115208763748397,0.0807912362516029
"13",2.45490981963928,0.0603182382709435,2.31462925851703,-0.115208763748397,0.0807912362516029
"14",2.51503006012024,-0.0598080286838891,2.31462925851703,-0.115208763748397,0.0807912362516029
"15",2.67535070140281,-0.189993915703301,2.31462925851703,-0.115208763748397,0.0807912362516029
"16",2.75551102204409,-0.0421428484099162,2.31462925851703,-0.115208763748397,0.0807912362516029
"17",2.77555110220441,0.0415350490529013,2.31462925851703,-0.115208763748397,0.0807912362516029
"18",2.81563126252505,-0.050427650773676,2.31462925851703,-0.115208763748397,0.0807912362516029
"19",3.17635270541082,-0.189461266545979,2.31462925851703,-0.115208763748397,0.0807912362516029
"20",3.27655310621243,-0.242149669110543,2.31462925851703,-0.115208763748397,0.0807912362516029
