"","x","yplot","target","ftrue","fwrong"
"1",-4.65931863727455,-0.533772210649766,2.53507014028056,0.394186468083958,0.590186468083958
"2",-4.33867735470942,-0.391187485034545,2.53507014028056,0.394186468083958,0.590186468083958
"3",-3.17635270541082,0.253011629471745,2.53507014028056,0.394186468083958,0.590186468083958
"4",-2.65531062124249,0.34384699751356,2.53507014028056,0.394186468083958,0.590186468083958
"5",-1.93386773547094,0.562303176937297,2.53507014028056,0.394186468083958,0.590186468083958
"6",-1.8937875751503,0.373383242664375,2.53507014028056,0.394186468083958,0.590186468083958
"7",1.71342685370741,0.771034337909383,2.53507014028056,0.394186468083958,0.590186468083958
"8",1.7935871743487,0.580565820117577,2.53507014028056,0.394186468083958,0.590186468083958
"9",2.65531062124249,0.267139393241145,2.53507014028056,0.394186468083958,0.590186468083958
"10",3.89779559118236,-0.0656748830676454,2.53507014028056,0.394186468083958,0.590186468083958
