"","x","yplot","target","ftrue","fwrong"
"1",-4.79959919839679,-0.168478598130853,0.991983967935871,0.667342799316363,0.863342799316363
"2",-4.17835671342685,-0.148875071526767,0.991983967935871,0.667342799316363,0.863342799316363
"3",-3.85771543086172,-0.278945732045882,0.991983967935871,0.667342799316363,0.863342799316363
"4",-3.11623246492986,-0.0133524709951003,0.991983967935871,0.667342799316363,0.863342799316363
"5",-2.53507014028056,-0.211269609458568,0.991983967935871,0.667342799316363,0.863342799316363
"6",-1.91382765531062,-0.453957143961889,0.991983967935871,0.667342799316363,0.863342799316363
"7",0.891783567134269,0.793593417103331,0.991983967935871,0.667342799316363,0.863342799316363
"8",0.95190380761523,0.824513645174555,0.991983967935871,0.667342799316363,0.863342799316363
"9",1.4128256513026,0.704136890931785,0.991983967935871,0.667342799316363,0.863342799316363
"10",3.21643286573146,0.593173421262396,0.991983967935871,0.667342799316363,0.863342799316363
