"","x","yplot","target","ftrue","fwrong"
"1",-4.37875751503006,-0.850627753697649,-1.47294589178357,-0.551162311511937,-0.747162311511937
"2",-3.49699398797595,-1.01253140809019,-1.47294589178357,-0.551162311511937,-0.747162311511937
"3",-3.41683366733467,-0.808071662020756,-1.47294589178357,-0.551162311511937,-0.747162311511937
"4",-2.45490981963928,-0.640477954399376,-1.47294589178357,-0.551162311511937,-0.747162311511937
"5",-2.19438877755511,-0.791686391750577,-1.47294589178357,-0.551162311511937,-0.747162311511937
"6",-2.11422845691383,-0.668508578089974,-1.47294589178357,-0.551162311511937,-0.747162311511937
"7",-2.09418837675351,-0.763195909371008,-1.47294589178357,-0.551162311511937,-0.747162311511937
"8",-1.95390781563126,-0.479782095012247,-1.47294589178357,-0.551162311511937,-0.747162311511937
"9",-1.91382765531062,-0.542123067703441,-1.47294589178357,-0.551162311511937,-0.747162311511937
"10",-1.7935871743487,-0.541096177529695,-1.47294589178357,-0.551162311511937,-0.747162311511937
"11",-1.59318637274549,-0.544720958000972,-1.47294589178357,-0.551162311511937,-0.747162311511937
"12",-1.53306613226453,-0.382375617504278,-1.47294589178357,-0.551162311511937,-0.747162311511937
"13",-1.33266533066132,-0.639662023091529,-1.47294589178357,-0.551162311511937,-0.747162311511937
"14",-1.17234468937876,-0.27994711047977,-1.47294589178357,-0.551162311511937,-0.747162311511937
"15",-0.871743486973948,-0.52111346555349,-1.47294589178357,-0.551162311511937,-0.747162311511937
"16",-0.731462925851703,-0.432269612304087,-1.47294589178357,-0.551162311511937,-0.747162311511937
"17",-0.711422845691383,-0.367897241568157,-1.47294589178357,-0.551162311511937,-0.747162311511937
"18",-0.250501002004008,-0.321036552364003,-1.47294589178357,-0.551162311511937,-0.747162311511937
"19",2.21442885771543,0.427848832874323,-1.47294589178357,-0.551162311511937,-0.747162311511937
"20",2.33466933867735,0.511554328405481,-1.47294589178357,-0.551162311511937,-0.747162311511937
