"","x","yplot","target","ftrue","fwrong"
"1",-4.87975951903808,0.648963096233705,3.27655310621243,-0.785133493834289,-0.589133493834289
"2",-4.57915831663327,0.52259657878289,3.27655310621243,-0.785133493834289,-0.589133493834289
"3",-3.01603206412826,-0.0881803866559836,3.27655310621243,-0.785133493834289,-0.589133493834289
"4",-1.75350701402806,-0.386083452048722,3.27655310621243,-0.785133493834289,-0.589133493834289
"5",-1.65330661322645,-0.348712902586653,3.27655310621243,-0.785133493834289,-0.589133493834289
"6",-0.430861723446894,-0.690440036725686,3.27655310621243,-0.785133493834289,-0.589133493834289
"7",-0.0701402805611222,-0.775185324438925,3.27655310621243,-0.785133493834289,-0.589133493834289
"8",1.05210420841683,-0.896543266684044,3.27655310621243,-0.785133493834289,-0.589133493834289
"9",1.07214428857715,-0.573687115603996,3.27655310621243,-0.785133493834289,-0.589133493834289
"10",1.4128256513026,-0.765308221813367,3.27655310621243,-0.785133493834289,-0.589133493834289
"11",2.15430861723447,-0.776233330701456,3.27655310621243,-0.785133493834289,-0.589133493834289
"12",2.374749498998,-0.976022043981761,3.27655310621243,-0.785133493834289,-0.589133493834289
"13",2.43486973947896,-0.861560227915586,3.27655310621243,-0.785133493834289,-0.589133493834289
"14",2.49498997995992,-1.09663169104918,3.27655310621243,-0.785133493834289,-0.589133493834289
"15",2.95591182364729,-0.59981894736713,3.27655310621243,-0.785133493834289,-0.589133493834289
"16",2.99599198396794,-0.879913885017459,3.27655310621243,-0.785133493834289,-0.589133493834289
"17",3.19639278557114,-0.918815407687717,3.27655310621243,-0.785133493834289,-0.589133493834289
"18",3.23647294589178,-0.719723135291476,3.27655310621243,-0.785133493834289,-0.589133493834289
"19",3.2565130260521,-0.79498615029619,3.27655310621243,-0.785133493834289,-0.589133493834289
"20",3.27655310621243,-0.784465399397998,3.27655310621243,-0.785133493834289,-0.589133493834289
"21",3.31663326653307,-0.893547161080745,3.27655310621243,-0.785133493834289,-0.589133493834289
"22",3.39679358717435,-0.707194970469219,3.27655310621243,-0.785133493834289,-0.589133493834289
"23",3.41683366733467,-0.531732676230671,3.27655310621243,-0.785133493834289,-0.589133493834289
"24",3.45691382765531,-0.827489503096907,3.27655310621243,-0.785133493834289,-0.589133493834289
"25",3.47695390781563,-0.900758806339208,3.27655310621243,-0.785133493834289,-0.589133493834289
"26",3.57715430861723,-0.842598627298316,3.27655310621243,-0.785133493834289,-0.589133493834289
"27",3.6372745490982,-0.70243136134006,3.27655310621243,-0.785133493834289,-0.589133493834289
"28",3.65731462925852,-0.705332192476019,3.27655310621243,-0.785133493834289,-0.589133493834289
"29",3.67735470941884,-0.911802550303189,3.27655310621243,-0.785133493834289,-0.589133493834289
"30",3.7374749498998,-0.63848835670968,3.27655310621243,-0.785133493834289,-0.589133493834289
"31",3.81763527054108,-0.561412868954123,3.27655310621243,-0.785133493834289,-0.589133493834289
"32",3.8376753507014,-0.824136988845748,3.27655310621243,-0.785133493834289,-0.589133493834289
"33",3.89779559118236,-0.803979581377765,3.27655310621243,-0.785133493834289,-0.589133493834289
"34",3.91783567134268,-0.743991292531839,3.27655310621243,-0.785133493834289,-0.589133493834289
"35",3.95791583166333,-0.524656852128466,3.27655310621243,-0.785133493834289,-0.589133493834289
"36",3.97795591182365,-0.767819782943798,3.27655310621243,-0.785133493834289,-0.589133493834289
"37",4.03807615230461,-0.660261173902682,3.27655310621243,-0.785133493834289,-0.589133493834289
"38",4.07815631262525,-0.772061968960986,3.27655310621243,-0.785133493834289,-0.589133493834289
"39",4.11823647294589,-0.734070199209057,3.27655310621243,-0.785133493834289,-0.589133493834289
"40",4.67935871743487,-0.49046345802658,3.27655310621243,-0.785133493834289,-0.589133493834289
