"","x","yplot","target","ftrue","fwrong"
"1",-4.49899799599198,0.229005331428119,-3.57715430861723,0.315120305638342,0.511120305638342
"2",-4.47895791583166,0.184022308044644,-3.57715430861723,0.315120305638342,0.511120305638342
"3",-4.45891783567134,0.0316279977799545,-3.57715430861723,0.315120305638342,0.511120305638342
"4",-4.43887775551102,0.108803980859639,-3.57715430861723,0.315120305638342,0.511120305638342
"5",-4.39879759519038,0.142776458322264,-3.57715430861723,0.315120305638342,0.511120305638342
"6",-4.37875751503006,0.149980845871622,-3.57715430861723,0.315120305638342,0.511120305638342
"7",-4.3186372745491,0.239040083778999,-3.57715430861723,0.315120305638342,0.511120305638342
"8",-4.23847695390782,0.198597192922182,-3.57715430861723,0.315120305638342,0.511120305638342
"9",-4.09819639278557,0.173331072377441,-3.57715430861723,0.315120305638342,0.511120305638342
"10",-4.03807615230461,0.150608869008111,-3.57715430861723,0.315120305638342,0.511120305638342
"11",-3.77755511022044,0.356064266316503,-3.57715430861723,0.315120305638342,0.511120305638342
"12",-3.71743486973948,0.38155340621117,-3.57715430861723,0.315120305638342,0.511120305638342
"13",-3.69739478957916,0.138693063024806,-3.57715430861723,0.315120305638342,0.511120305638342
"14",-3.65731462925852,0.309618490702785,-3.57715430861723,0.315120305638342,0.511120305638342
"15",-3.55711422845691,0.213172924444622,-3.57715430861723,0.315120305638342,0.511120305638342
"16",-3.51703406813627,0.30236223787805,-3.57715430861723,0.315120305638342,0.511120305638342
"17",-3.45691382765531,0.307165934913796,-3.57715430861723,0.315120305638342,0.511120305638342
"18",-3.41683366733467,0.273482919816419,-3.57715430861723,0.315120305638342,0.511120305638342
"19",-3.33667334669339,0.282468659236865,-3.57715430861723,0.315120305638342,0.511120305638342
"20",-3.31663326653307,0.537750420231819,-3.57715430861723,0.315120305638342,0.511120305638342
"21",-3.21643286573146,0.322370872575308,-3.57715430861723,0.315120305638342,0.511120305638342
"22",-3.19639278557114,0.473282815614996,-3.57715430861723,0.315120305638342,0.511120305638342
"23",-3.11623246492986,0.478582028857348,-3.57715430861723,0.315120305638342,0.511120305638342
"24",-2.95591182364729,0.313591561008561,-3.57715430861723,0.315120305638342,0.511120305638342
"25",-2.81563126252505,0.668158171465479,-3.57715430861723,0.315120305638342,0.511120305638342
"26",-2.75551102204409,0.55786546618521,-3.57715430861723,0.315120305638342,0.511120305638342
"27",-2.73547094188377,0.517841697061082,-3.57715430861723,0.315120305638342,0.511120305638342
"28",-2.67535070140281,0.353506317149037,-3.57715430861723,0.315120305638342,0.511120305638342
"29",-2.17434869739479,0.531672882403527,-3.57715430861723,0.315120305638342,0.511120305638342
"30",-1.9939879759519,0.709838039412433,-3.57715430861723,0.315120305638342,0.511120305638342
"31",-1.49298597194389,0.394463051478985,-3.57715430861723,0.315120305638342,0.511120305638342
"32",-0.971943887775551,0.677587382139989,-3.57715430861723,0.315120305638342,0.511120305638342
"33",-0.230460921843687,0.355181185864542,-3.57715430861723,0.315120305638342,0.511120305638342
"34",0.150300601202405,0.432065726742864,-3.57715430861723,0.315120305638342,0.511120305638342
"35",0.490981963927855,0.464071559111093,-3.57715430861723,0.315120305638342,0.511120305638342
"36",2.11422845691383,-0.120046474703727,-3.57715430861723,0.315120305638342,0.511120305638342
"37",2.35470941883768,-0.123376780818229,-3.57715430861723,0.315120305638342,0.511120305638342
"38",2.43486973947896,-0.151347781934352,-3.57715430861723,0.315120305638342,0.511120305638342
"39",2.79559118236473,-0.345264677735143,-3.57715430861723,0.315120305638342,0.511120305638342
"40",4.01803607214429,-0.630740269258587,-3.57715430861723,0.315120305638342,0.511120305638342
