"","x","yplot","target","ftrue","fwrong"
"1",-4.77955911823647,-0.118572087736547,-3.37675350701403,-0.363064435484987,-0.167064435484987
"2",-4.73947895791583,-0.290233911324382,-3.37675350701403,-0.363064435484987,-0.167064435484987
"3",-4.35871743486974,-0.307659804974132,-3.37675350701403,-0.363064435484987,-0.167064435484987
"4",-4.33867735470942,-0.37618863489008,-3.37675350701403,-0.363064435484987,-0.167064435484987
"5",-4.19839679358717,-0.32571278258588,-3.37675350701403,-0.363064435484987,-0.167064435484987
"6",-4.09819639278557,-0.272133256328461,-3.37675350701403,-0.363064435484987,-0.167064435484987
"7",-4.05811623246493,-0.385003709133782,-3.37675350701403,-0.363064435484987,-0.167064435484987
"8",-4.03807615230461,-0.199538149913716,-3.37675350701403,-0.363064435484987,-0.167064435484987
"9",-3.97795591182365,-0.321253715141454,-3.37675350701403,-0.363064435484987,-0.167064435484987
"10",-3.93787575150301,-0.347947467807496,-3.37675350701403,-0.363064435484987,-0.167064435484987
"11",-3.77755511022044,-0.350298378558352,-3.37675350701403,-0.363064435484987,-0.167064435484987
"12",-3.69739478957916,-0.485659872677666,-3.37675350701403,-0.363064435484987,-0.167064435484987
"13",-3.65731462925852,-0.273692798306772,-3.37675350701403,-0.363064435484987,-0.167064435484987
"14",-3.59719438877756,-0.38019257683542,-3.37675350701403,-0.363064435484987,-0.167064435484987
"15",-3.55711422845691,-0.343126770110115,-3.37675350701403,-0.363064435484987,-0.167064435484987
"16",-3.49699398797595,-0.2899200066036,-3.37675350701403,-0.363064435484987,-0.167064435484987
"17",-3.41683366733467,-0.389014545569157,-3.37675350701403,-0.363064435484987,-0.167064435484987
"18",-3.37675350701403,-0.411929426553743,-3.37675350701403,-0.363064435484987,-0.167064435484987
"19",-3.33667334669339,-0.268840274454178,-3.37675350701403,-0.363064435484987,-0.167064435484987
"20",-3.31663326653307,-0.260832220645547,-3.37675350701403,-0.363064435484987,-0.167064435484987
"21",-3.27655310621242,-0.41389964322087,-3.37675350701403,-0.363064435484987,-0.167064435484987
"22",-3.19639278557114,-0.492797327846072,-3.37675350701403,-0.363064435484987,-0.167064435484987
"23",-3.1563126252505,-0.330955304641301,-3.37675350701403,-0.363064435484987,-0.167064435484987
"24",-3.09619238476954,-0.43573280751634,-3.37675350701403,-0.363064435484987,-0.167064435484987
"25",-3.0561122244489,-0.382810380385482,-3.37675350701403,-0.363064435484987,-0.167064435484987
"26",-3.03607214428858,-0.265969736558477,-3.37675350701403,-0.363064435484987,-0.167064435484987
"27",-2.97595190380762,-0.279463661911351,-3.37675350701403,-0.363064435484987,-0.167064435484987
"28",-2.85571142284569,-0.286019118116971,-3.37675350701403,-0.363064435484987,-0.167064435484987
"29",-2.79559118236473,-0.348014600544799,-3.37675350701403,-0.363064435484987,-0.167064435484987
"30",-2.69539078156313,-0.396115811429775,-3.37675350701403,-0.363064435484987,-0.167064435484987
"31",-2.65531062124249,-0.513603289474088,-3.37675350701403,-0.363064435484987,-0.167064435484987
"32",-2.61523046092184,-0.420048604513244,-3.37675350701403,-0.363064435484987,-0.167064435484987
"33",-2.5751503006012,-0.381195457701211,-3.37675350701403,-0.363064435484987,-0.167064435484987
"34",-2.55511022044088,-0.38102390732219,-3.37675350701403,-0.363064435484987,-0.167064435484987
"35",-2.51503006012024,-0.16785213554764,-3.37675350701403,-0.363064435484987,-0.167064435484987
"36",-2.49498997995992,-0.357437078687307,-3.37675350701403,-0.363064435484987,-0.167064435484987
"37",-2.41482965931864,-0.421164013642827,-3.37675350701403,-0.363064435484987,-0.167064435484987
"38",-2.15430861723447,-0.487752596008302,-3.37675350701403,-0.363064435484987,-0.167064435484987
"39",-2.09418837675351,-0.310865662164485,-3.37675350701403,-0.363064435484987,-0.167064435484987
"40",-1.85370741482966,-0.36247590413416,-3.37675350701403,-0.363064435484987,-0.167064435484987
"41",-1.77354709418838,-0.422492822692756,-3.37675350701403,-0.363064435484987,-0.167064435484987
"42",-1.13226452905812,-0.232155281356407,-3.37675350701403,-0.363064435484987,-0.167064435484987
"43",-0.230460921843687,-0.287832823065179,-3.37675350701403,-0.363064435484987,-0.167064435484987
"44",0.33066132264529,0.0207122048176731,-3.37675350701403,-0.363064435484987,-0.167064435484987
"45",1.65330661322645,-0.00384803568965687,-3.37675350701403,-0.363064435484987,-0.167064435484987
"46",2.23446893787575,0.14256531429885,-3.37675350701403,-0.363064435484987,-0.167064435484987
"47",3.31663326653307,0.393035539643904,-3.37675350701403,-0.363064435484987,-0.167064435484987
"48",3.51703406813627,0.420006508342362,-3.37675350701403,-0.363064435484987,-0.167064435484987
"49",4.05811623246493,0.649045163496486,-3.37675350701403,-0.363064435484987,-0.167064435484987
"50",4.65931863727455,0.421809936932325,-3.37675350701403,-0.363064435484987,-0.167064435484987
