"","x","yplot","target","ftrue","fwrong"
"1",-4.75951903807615,-0.484568769926579,-4.03807615230461,0.234163572020893,0.0381635720208934
"2",-4.73947895791583,-0.439445785919611,-4.03807615230461,0.234163572020893,0.0381635720208934
"3",-4.71943887775551,-0.163559590318439,-4.03807615230461,0.234163572020893,0.0381635720208934
"4",-4.51903807615231,0.0273014025245733,-4.03807615230461,0.234163572020893,0.0381635720208934
"5",-4.37875751503006,-0.0268756891463645,-4.03807615230461,0.234163572020893,0.0381635720208934
"6",-4.3186372745491,0.0536231707021319,-4.03807615230461,0.234163572020893,0.0381635720208934
"7",-4.25851703406814,0.132577927080993,-4.03807615230461,0.234163572020893,0.0381635720208934
"8",-4.2184368737475,0.104352931390016,-4.03807615230461,0.234163572020893,0.0381635720208934
"9",-4.05811623246493,0.235226131479796,-4.03807615230461,0.234163572020893,0.0381635720208934
"10",-3.97795591182365,0.13557149507237,-4.03807615230461,0.234163572020893,0.0381635720208934
"11",-3.79759519038076,0.254032959869438,-4.03807615230461,0.234163572020893,0.0381635720208934
"12",-3.77755511022044,0.338009400833593,-4.03807615230461,0.234163572020893,0.0381635720208934
"13",-3.57715430861723,0.481120140535798,-4.03807615230461,0.234163572020893,0.0381635720208934
"14",-3.2565130260521,0.431282966988264,-4.03807615230461,0.234163572020893,0.0381635720208934
"15",-3.0561122244489,0.692013277044034,-4.03807615230461,0.234163572020893,0.0381635720208934
"16",-2.91583166332665,0.662805646147274,-4.03807615230461,0.234163572020893,0.0381635720208934
"17",-2.75551102204409,0.758207027240296,-4.03807615230461,0.234163572020893,0.0381635720208934
"18",-2.05410821643287,0.393961066416422,-4.03807615230461,0.234163572020893,0.0381635720208934
"19",-1.65330661322645,0.0316586344916813,-4.03807615230461,0.234163572020893,0.0381635720208934
"20",-1.39278557114228,0.172247283822644,-4.03807615230461,0.234163572020893,0.0381635720208934
"21",-1.33266533066132,0.111344073878413,-4.03807615230461,0.234163572020893,0.0381635720208934
"22",-0.991983967935872,-0.053012928956227,-4.03807615230461,0.234163572020893,0.0381635720208934
"23",-0.971943887775551,-0.293023767319457,-4.03807615230461,0.234163572020893,0.0381635720208934
"24",-0.891783567134269,-0.102309754705654,-4.03807615230461,0.234163572020893,0.0381635720208934
"25",-0.430861723446894,-0.23450540586781,-4.03807615230461,0.234163572020893,0.0381635720208934
"26",-0.410821643286574,-0.238358405592008,-4.03807615230461,0.234163572020893,0.0381635720208934
"27",-0.0501002004008022,-0.427127892431005,-4.03807615230461,0.234163572020893,0.0381635720208934
"28",0.390781563126252,-0.432433287042635,-4.03807615230461,0.234163572020893,0.0381635720208934
"29",0.871743486973948,-0.550046485663169,-4.03807615230461,0.234163572020893,0.0381635720208934
"30",1.03206412825651,-0.399420382191698,-4.03807615230461,0.234163572020893,0.0381635720208934
"31",1.29258517034068,-0.333683319596574,-4.03807615230461,0.234163572020893,0.0381635720208934
"32",1.61322645290581,-0.0876723627223543,-4.03807615230461,0.234163572020893,0.0381635720208934
"33",1.69338677354709,-0.139333798644658,-4.03807615230461,0.234163572020893,0.0381635720208934
"34",1.91382765531062,-0.0175125743255766,-4.03807615230461,0.234163572020893,0.0381635720208934
"35",2.35470941883768,0.132304250937693,-4.03807615230461,0.234163572020893,0.0381635720208934
"36",2.41482965931864,0.265087905087482,-4.03807615230461,0.234163572020893,0.0381635720208934
"37",2.55511022044088,0.0478212537449509,-4.03807615230461,0.234163572020893,0.0381635720208934
"38",2.59519038076152,0.213403063371652,-4.03807615230461,0.234163572020893,0.0381635720208934
"39",3.0561122244489,0.29477912739032,-4.03807615230461,0.234163572020893,0.0381635720208934
"40",3.23647294589178,0.396653948389845,-4.03807615230461,0.234163572020893,0.0381635720208934
"41",3.43687374749499,0.607133766018592,-4.03807615230461,0.234163572020893,0.0381635720208934
"42",3.6372745490982,0.467720512788062,-4.03807615230461,0.234163572020893,0.0381635720208934
"43",3.71743486973948,0.524691778521272,-4.03807615230461,0.234163572020893,0.0381635720208934
"44",3.79759519038076,0.661869740006009,-4.03807615230461,0.234163572020893,0.0381635720208934
"45",3.97795591182365,0.583687919250201,-4.03807615230461,0.234163572020893,0.0381635720208934
"46",4.07815631262525,0.726351939548206,-4.03807615230461,0.234163572020893,0.0381635720208934
"47",4.3186372745491,0.753510418459862,-4.03807615230461,0.234163572020893,0.0381635720208934
"48",4.77955911823647,0.944329580961583,-4.03807615230461,0.234163572020893,0.0381635720208934
"49",4.87975951903808,0.883615941678507,-4.03807615230461,0.234163572020893,0.0381635720208934
"50",4.97995991983968,0.873491052723529,-4.03807615230461,0.234163572020893,0.0381635720208934
