"","x","yplot","target","ftrue","fwrong"
"1",-5,0.593663385051077,-4.91983967935872,0.52891903879552,0.72491903879552
"2",-4.97995991983968,0.619685011958373,-4.91983967935872,0.52891903879552,0.72491903879552
"3",-4.95991983967936,0.615559007537378,-4.91983967935872,0.52891903879552,0.72491903879552
"4",-4.93987975951904,0.486554207360434,-4.91983967935872,0.52891903879552,0.72491903879552
"5",-4.91983967935872,0.34908229415834,-4.91983967935872,0.52891903879552,0.72491903879552
"6",-4.8997995991984,0.810912350561213,-4.91983967935872,0.52891903879552,0.72491903879552
"7",-4.87975951903808,0.412615607792866,-4.91983967935872,0.52891903879552,0.72491903879552
"8",-4.85971943887776,0.532511941492378,-4.91983967935872,0.52891903879552,0.72491903879552
"9",-4.81963927855711,0.733941420071034,-4.91983967935872,0.52891903879552,0.72491903879552
"10",-4.77955911823647,0.684488320910148,-4.91983967935872,0.52891903879552,0.72491903879552
"11",-4.73947895791583,0.586687179158021,-4.91983967935872,0.52891903879552,0.72491903879552
"12",-4.67935871743487,0.604788663137358,-4.91983967935872,0.52891903879552,0.72491903879552
"13",-4.63927855711423,0.386236052386697,-4.91983967935872,0.52891903879552,0.72491903879552
"14",-4.61923847695391,0.621529076986116,-4.91983967935872,0.52891903879552,0.72491903879552
"15",-4.59919839679359,0.640902890438315,-4.91983967935872,0.52891903879552,0.72491903879552
"16",-4.57915831663327,0.484205719574312,-4.91983967935872,0.52891903879552,0.72491903879552
"17",-4.55911823647295,0.49301022055087,-4.91983967935872,0.52891903879552,0.72491903879552
"18",-4.53907815631263,0.546652893865072,-4.91983967935872,0.52891903879552,0.72491903879552
"19",-4.47895791583166,0.589493463486932,-4.91983967935872,0.52891903879552,0.72491903879552
"20",-4.45891783567134,0.665075305998775,-4.91983967935872,0.52891903879552,0.72491903879552
"21",-4.43887775551102,0.374317197123508,-4.91983967935872,0.52891903879552,0.72491903879552
"22",-4.37875751503006,0.508893369695131,-4.91983967935872,0.52891903879552,0.72491903879552
"23",-4.3186372745491,0.550380296287373,-4.91983967935872,0.52891903879552,0.72491903879552
"24",-4.29859719438878,0.306746670067162,-4.91983967935872,0.52891903879552,0.72491903879552
"25",-4.25851703406814,0.479578278803601,-4.91983967935872,0.52891903879552,0.72491903879552
"26",-4.23847695390782,0.551750740924594,-4.91983967935872,0.52891903879552,0.72491903879552
"27",-4.2184368737475,0.451595496860265,-4.91983967935872,0.52891903879552,0.72491903879552
"28",-4.19839679358717,0.500852991469129,-4.91983967935872,0.52891903879552,0.72491903879552
"29",-4.15831663326653,0.642175504043651,-4.91983967935872,0.52891903879552,0.72491903879552
"30",-4.13827655310621,0.404677481635523,-4.91983967935872,0.52891903879552,0.72491903879552
"31",-4.09819639278557,0.545134938494007,-4.91983967935872,0.52891903879552,0.72491903879552
"32",-4.03807615230461,0.442652335165643,-4.91983967935872,0.52891903879552,0.72491903879552
"33",-4.01803607214429,0.480349431730145,-4.91983967935872,0.52891903879552,0.72491903879552
"34",-3.95791583166333,0.290644673904771,-4.91983967935872,0.52891903879552,0.72491903879552
"35",-3.93787575150301,0.441086304693395,-4.91983967935872,0.52891903879552,0.72491903879552
"36",-3.35671342685371,0.392086592838938,-4.91983967935872,0.52891903879552,0.72491903879552
"37",-2.81563126252505,0.431712523902424,-4.91983967935872,0.52891903879552,0.72491903879552
"38",-2.11422845691383,0.239741003621597,-4.91983967935872,0.52891903879552,0.72491903879552
"39",-1.91382765531062,0.199570552157712,-4.91983967935872,0.52891903879552,0.72491903879552
"40",-1.83366733466934,0.244268320568873,-4.91983967935872,0.52891903879552,0.72491903879552
"41",-1.51302605210421,0.174960038920259,-4.91983967935872,0.52891903879552,0.72491903879552
"42",-0.551102204408818,-0.0188274747467691,-4.91983967935872,0.52891903879552,0.72491903879552
"43",0.0300601202404804,0.0132290337037822,-4.91983967935872,0.52891903879552,0.72491903879552
"44",0.0701402805611222,-0.165930173696333,-4.91983967935872,0.52891903879552,0.72491903879552
"45",0.130260521042084,0.150049658886244,-4.91983967935872,0.52891903879552,0.72491903879552
"46",1.45290581162325,-0.13430498420797,-4.91983967935872,0.52891903879552,0.72491903879552
"47",2.05410821643287,-0.358248710303899,-4.91983967935872,0.52891903879552,0.72491903879552
"48",2.83567134268537,-0.471595458622511,-4.91983967935872,0.52891903879552,0.72491903879552
"49",3.33667334669339,-0.438135087755999,-4.91983967935872,0.52891903879552,0.72491903879552
"50",3.65731462925852,-0.610533180722198,-4.91983967935872,0.52891903879552,0.72491903879552
