"","x","yplot","target","ftrue","fwrong"
"1",-4.97995991983968,-0.0972717991311701,-2.35470941883768,-0.0682505190689129,0.127749480931087
"2",-3.23647294589178,-0.171466933534933,-2.35470941883768,-0.0682505190689129,0.127749480931087
"3",-3.1563126252505,-0.330109476549736,-2.35470941883768,-0.0682505190689129,0.127749480931087
"4",-3.13627254509018,-0.144181531182206,-2.35470941883768,-0.0682505190689129,0.127749480931087
"5",-2.91583166332665,-0.086648830247804,-2.35470941883768,-0.0682505190689129,0.127749480931087
"6",-1.95390781563126,0.0145264561526514,-2.35470941883768,-0.0682505190689129,0.127749480931087
"7",-1.7935871743487,0.157482544029596,-2.35470941883768,-0.0682505190689129,0.127749480931087
"8",-1.09218436873748,0.152523765845362,-2.35470941883768,-0.0682505190689129,0.127749480931087
"9",-1.01202404809619,0.276318053587294,-2.35470941883768,-0.0682505190689129,0.127749480931087
"10",0.0701402805611222,0.403872121086191,-2.35470941883768,-0.0682505190689129,0.127749480931087
"11",0.130260521042084,0.339099699004442,-2.35470941883768,-0.0682505190689129,0.127749480931087
"12",1.69338677354709,0.773669893184106,-2.35470941883768,-0.0682505190689129,0.127749480931087
"13",1.7935871743487,0.966295499942635,-2.35470941883768,-0.0682505190689129,0.127749480931087
"14",2.15430861723447,0.888483404850849,-2.35470941883768,-0.0682505190689129,0.127749480931087
"15",2.17434869739479,0.981622551860163,-2.35470941883768,-0.0682505190689129,0.127749480931087
"16",3.97795591182365,0.156057655299459,-2.35470941883768,-0.0682505190689129,0.127749480931087
"17",4.25851703406814,-0.0987384358129138,-2.35470941883768,-0.0682505190689129,0.127749480931087
"18",4.83967935871743,-0.670896407977608,-2.35470941883768,-0.0682505190689129,0.127749480931087
"19",4.8997995991984,-0.932496884721014,-2.35470941883768,-0.0682505190689129,0.127749480931087
"20",4.97995991983968,-0.933859346182672,-2.35470941883768,-0.0682505190689129,0.127749480931087
