"","x","yplot","target","ftrue","fwrong"
"1",-4.43887775551102,-0.689082247144948,4.8997995991984,0.502811197925584,0.698811197925584
"2",-4.35871743486974,-0.616503921250775,4.8997995991984,0.502811197925584,0.698811197925584
"3",-3.99799599198397,-0.800146471959954,4.8997995991984,0.502811197925584,0.698811197925584
"4",-3.8376753507014,-0.666399948975633,4.8997995991984,0.502811197925584,0.698811197925584
"5",-3.81763527054108,-0.756517979595681,4.8997995991984,0.502811197925584,0.698811197925584
"6",-3.71743486973948,-0.840087083699885,4.8997995991984,0.502811197925584,0.698811197925584
"7",-3.61723446893788,-0.89202230139095,4.8997995991984,0.502811197925584,0.698811197925584
"8",-2.39478957915832,-0.801660764089409,4.8997995991984,0.502811197925584,0.698811197925584
"9",-2.33466933867735,-0.759042106862974,4.8997995991984,0.502811197925584,0.698811197925584
"10",-2.21442885771543,-0.939911226038558,4.8997995991984,0.502811197925584,0.698811197925584
"11",-2.01402805611222,-0.753814892754866,4.8997995991984,0.502811197925584,0.698811197925584
"12",-1.87374749498998,-0.756875410963954,4.8997995991984,0.502811197925584,0.698811197925584
"13",-1.69338677354709,-0.459971292742111,4.8997995991984,0.502811197925584,0.698811197925584
"14",-1.61322645290581,-0.530873260556346,4.8997995991984,0.502811197925584,0.698811197925584
"15",-1.43286573146293,-0.606339043500257,4.8997995991984,0.502811197925584,0.698811197925584
"16",-1.13226452905812,-0.887386366204114,4.8997995991984,0.502811197925584,0.698811197925584
"17",-0.851703406813628,-0.737828637728622,4.8997995991984,0.502811197925584,0.698811197925584
"18",-0.571142284569138,-0.698005420705099,4.8997995991984,0.502811197925584,0.698811197925584
"19",-0.290581162324649,-0.773950248832274,4.8997995991984,0.502811197925584,0.698811197925584
"20",-0.250501002004008,-0.640354221683798,4.8997995991984,0.502811197925584,0.698811197925584
"21",0.33066132264529,-0.453471321701081,4.8997995991984,0.502811197925584,0.698811197925584
"22",0.811623246492986,-0.361469671211002,4.8997995991984,0.502811197925584,0.698811197925584
"23",0.871743486973948,-0.396271941471276,4.8997995991984,0.502811197925584,0.698811197925584
"24",1.07214428857715,-0.314408634004404,4.8997995991984,0.502811197925584,0.698811197925584
"25",1.13226452905812,-0.349315787123615,4.8997995991984,0.502811197925584,0.698811197925584
"26",2.07414829659319,-0.104464471375225,4.8997995991984,0.502811197925584,0.698811197925584
"27",2.13426853707415,-0.0383929773715335,4.8997995991984,0.502811197925584,0.698811197925584
"28",2.75551102204409,0.0917938469110721,4.8997995991984,0.502811197925584,0.698811197925584
"29",3.95791583166333,0.365591702998416,4.8997995991984,0.502811197925584,0.698811197925584
"30",3.99799599198397,0.31314943882418,4.8997995991984,0.502811197925584,0.698811197925584
"31",4.27855711422846,0.384829474088619,4.8997995991984,0.502811197925584,0.698811197925584
"32",4.5190380761523,0.343040987037603,4.8997995991984,0.502811197925584,0.698811197925584
"33",4.53907815631263,0.404520160110857,4.8997995991984,0.502811197925584,0.698811197925584
"34",4.59919839679359,0.2372039202902,4.8997995991984,0.502811197925584,0.698811197925584
"35",4.75951903807615,0.325480188247181,4.8997995991984,0.502811197925584,0.698811197925584
"36",4.85971943887776,0.508687473560569,4.8997995991984,0.502811197925584,0.698811197925584
"37",4.87975951903808,0.523711950135495,4.8997995991984,0.502811197925584,0.698811197925584
"38",4.8997995991984,0.663137264756863,4.8997995991984,0.502811197925584,0.698811197925584
"39",4.95991983967936,0.60065172537669,4.8997995991984,0.502811197925584,0.698811197925584
"40",4.97995991983968,0.546353733132799,4.8997995991984,0.502811197925584,0.698811197925584
