"","x","yplot","target","ftrue","fwrong"
"1",-4.91983967935872,0.649228917841432,-3.29659318637275,0.726373820769879,0.92237382076988
"2",-4.79959919839679,0.53149312037478,-3.29659318637275,0.726373820769879,0.92237382076988
"3",-4.61923847695391,0.661407932060547,-3.29659318637275,0.726373820769879,0.92237382076988
"4",-4.05811623246493,0.792519198467793,-3.29659318637275,0.726373820769879,0.92237382076988
"5",-3.93787575150301,0.751231269425043,-3.29659318637275,0.726373820769879,0.92237382076988
"6",-3.61723446893788,0.925491754368064,-3.29659318637275,0.726373820769879,0.92237382076988
"7",-3.47695390781563,0.865199632014494,-3.29659318637275,0.726373820769879,0.92237382076988
"8",-3.35671342685371,0.862729719750976,-3.29659318637275,0.726373820769879,0.92237382076988
"9",-3.01603206412826,0.720956739803206,-3.29659318637275,0.726373820769879,0.92237382076988
"10",-2.97595190380762,0.573500259964499,-3.29659318637275,0.726373820769879,0.92237382076988
"11",-2.4749498997996,0.750653241932265,-3.29659318637275,0.726373820769879,0.92237382076988
"12",-2.39478957915832,0.358662552512935,-3.29659318637275,0.726373820769879,0.92237382076988
"13",-1.77354709418838,0.440349728072349,-3.29659318637275,0.726373820769879,0.92237382076988
"14",-1.39278557114228,0.575388056229073,-3.29659318637275,0.726373820769879,0.92237382076988
"15",-1.03206412825651,0.646122308043247,-3.29659318637275,0.726373820769879,0.92237382076988
"16",-0.791583166332665,0.6960667905383,-3.29659318637275,0.726373820769879,0.92237382076988
"17",-0.250501002004008,0.853631530456117,-3.29659318637275,0.726373820769879,0.92237382076988
"18",0.430861723446894,0.851650776077423,-3.29659318637275,0.726373820769879,0.92237382076988
"19",1.4128256513026,0.317766734023491,-3.29659318637275,0.726373820769879,0.92237382076988
"20",1.59318637274549,0.143784638694151,-3.29659318637275,0.726373820769879,0.92237382076988
"21",1.69338677354709,-0.135494382082174,-3.29659318637275,0.726373820769879,0.92237382076988
"22",1.71342685370741,-0.136873163478413,-3.29659318637275,0.726373820769879,0.92237382076988
"23",3.07615230460922,-0.993222049858762,-3.29659318637275,0.726373820769879,0.92237382076988
"24",3.11623246492986,-0.829660017466847,-3.29659318637275,0.726373820769879,0.92237382076988
"25",3.1563126252505,-0.96701665591065,-3.29659318637275,0.726373820769879,0.92237382076988
"26",3.39679358717435,-0.895346977166166,-3.29659318637275,0.726373820769879,0.92237382076988
"27",3.87775551102204,-0.860297802034788,-3.29659318637275,0.726373820769879,0.92237382076988
"28",3.97795591182365,-0.519515096745233,-3.29659318637275,0.726373820769879,0.92237382076988
"29",4.03807615230461,-0.380017272324265,-3.29659318637275,0.726373820769879,0.92237382076988
"30",4.37875751503006,-0.215263225067501,-3.29659318637275,0.726373820769879,0.92237382076988
