"","x","yplot","target","ftrue","fwrong"
"1",-4.87975951903808,0.74082966260648,-4.81963927855711,0.801727320099918,0.605727320099918
"2",-4.77955911823647,0.805574412666983,-4.81963927855711,0.801727320099918,0.605727320099918
"3",-4.69939879759519,0.840036317942567,-4.81963927855711,0.801727320099918,0.605727320099918
"4",-4.65931863727455,0.680012369266861,-4.81963927855711,0.801727320099918,0.605727320099918
"5",-4.57915831663327,0.589638257244471,-4.81963927855711,0.801727320099918,0.605727320099918
"6",-4.47895791583166,0.654048604505624,-4.81963927855711,0.801727320099918,0.605727320099918
"7",-4.39879759519038,0.594185192474114,-4.81963927855711,0.801727320099918,0.605727320099918
"8",-4.13827655310621,0.438267624807386,-4.81963927855711,0.801727320099918,0.605727320099918
"9",-4.11823647294589,0.48390916733241,-4.81963927855711,0.801727320099918,0.605727320099918
"10",-3.99799599198397,0.35160561845478,-4.81963927855711,0.801727320099918,0.605727320099918
"11",-3.93787575150301,0.41282012198202,-4.81963927855711,0.801727320099918,0.605727320099918
"12",-3.87775551102204,0.572139941099423,-4.81963927855711,0.801727320099918,0.605727320099918
"13",-3.79759519038076,0.509973953980464,-4.81963927855711,0.801727320099918,0.605727320099918
"14",-3.49699398797595,0.486043384757834,-4.81963927855711,0.801727320099918,0.605727320099918
"15",-3.07615230460922,0.117308278356711,-4.81963927855711,0.801727320099918,0.605727320099918
"16",-2.75551102204409,0.137972011490265,-4.81963927855711,0.801727320099918,0.605727320099918
"17",-1.7935871743487,-0.143460531777917,-4.81963927855711,0.801727320099918,0.605727320099918
"18",-1.73346693386774,-0.342910575020147,-4.81963927855711,0.801727320099918,0.605727320099918
"19",-1.69338677354709,-0.405489704163291,-4.81963927855711,0.801727320099918,0.605727320099918
"20",-1.25250501002004,-0.291539071971623,-4.81963927855711,0.801727320099918,0.605727320099918
"21",-0.791583166332665,-0.50415650641569,-4.81963927855711,0.801727320099918,0.605727320099918
"22",-0.651302605210421,-0.594267078575922,-4.81963927855711,0.801727320099918,0.605727320099918
"23",-0.531062124248497,-0.479511009934347,-4.81963927855711,0.801727320099918,0.605727320099918
"24",0.170340681362725,-0.67573442035194,-4.81963927855711,0.801727320099918,0.605727320099918
"25",0.490981963927855,-0.460227066073007,-4.81963927855711,0.801727320099918,0.605727320099918
"26",0.591182364729459,-0.773133325066385,-4.81963927855711,0.801727320099918,0.605727320099918
"27",0.671342685370742,-0.622429429073429,-4.81963927855711,0.801727320099918,0.605727320099918
"28",0.831663326653306,-0.773110629024873,-4.81963927855711,0.801727320099918,0.605727320099918
"29",1.15230460921844,-0.634178203431831,-4.81963927855711,0.801727320099918,0.605727320099918
"30",2.17434869739479,-0.386355638322544,-4.81963927855711,0.801727320099918,0.605727320099918
"31",2.4749498997996,-0.267290923184914,-4.81963927855711,0.801727320099918,0.605727320099918
"32",2.91583166332665,-0.310207260372081,-4.81963927855711,0.801727320099918,0.605727320099918
"33",3.21643286573146,-0.0487318647057773,-4.81963927855711,0.801727320099918,0.605727320099918
"34",3.87775551102204,0.118076903803723,-4.81963927855711,0.801727320099918,0.605727320099918
"35",3.97795591182365,0.222658007008328,-4.81963927855711,0.801727320099918,0.605727320099918
"36",4.11823647294589,0.375640280650389,-4.81963927855711,0.801727320099918,0.605727320099918
"37",4.29859719438878,0.398272321305121,-4.81963927855711,0.801727320099918,0.605727320099918
"38",4.39879759519038,0.308697894692615,-4.81963927855711,0.801727320099918,0.605727320099918
"39",4.5190380761523,0.442789255370308,-4.81963927855711,0.801727320099918,0.605727320099918
"40",4.53907815631263,0.308242506342323,-4.81963927855711,0.801727320099918,0.605727320099918
