"","x","yplot","target","ftrue","fwrong"
"1",-4.69939879759519,0.81029145783815,-4.4188376753507,0.824324095475379,0.628324095475379
"2",-4.61923847695391,0.74504880192364,-4.4188376753507,0.824324095475379,0.628324095475379
"3",-4.59919839679359,0.840704916678241,-4.4188376753507,0.824324095475379,0.628324095475379
"4",-4.57915831663327,0.805155540128612,-4.4188376753507,0.824324095475379,0.628324095475379
"5",-4.47895791583166,0.719534898934923,-4.4188376753507,0.824324095475379,0.628324095475379
"6",-4.37875751503006,0.636980969123035,-4.4188376753507,0.824324095475379,0.628324095475379
"7",-4.3186372745491,0.759162888702303,-4.4188376753507,0.824324095475379,0.628324095475379
"8",-4.25851703406814,0.747626459381563,-4.4188376753507,0.824324095475379,0.628324095475379
"9",-4.23847695390782,0.85672349260778,-4.4188376753507,0.824324095475379,0.628324095475379
"10",-4.15831663326653,0.697230828142196,-4.4188376753507,0.824324095475379,0.628324095475379
"11",-3.79759519038076,0.67403055241793,-4.4188376753507,0.824324095475379,0.628324095475379
"12",-3.75751503006012,0.601924997795002,-4.4188376753507,0.824324095475379,0.628324095475379
"13",-3.71743486973948,0.666041547259623,-4.4188376753507,0.824324095475379,0.628324095475379
"14",-3.61723446893788,0.5006658203873,-4.4188376753507,0.824324095475379,0.628324095475379
"15",-3.57715430861723,0.738959853091192,-4.4188376753507,0.824324095475379,0.628324095475379
"16",-3.19639278557114,0.48067005422097,-4.4188376753507,0.824324095475379,0.628324095475379
"17",-2.95591182364729,0.243047931129664,-4.4188376753507,0.824324095475379,0.628324095475379
"18",-2.75551102204409,0.223511429096639,-4.4188376753507,0.824324095475379,0.628324095475379
"19",-2.39478957915832,0.0819530468407372,-4.4188376753507,0.824324095475379,0.628324095475379
"20",-2.13426853707415,0.188600248167841,-4.4188376753507,0.824324095475379,0.628324095475379
"21",-2.09418837675351,0.0792518031097751,-4.4188376753507,0.824324095475379,0.628324095475379
"22",-1.85370741482966,-0.0518139549493152,-4.4188376753507,0.824324095475379,0.628324095475379
"23",-1.2124248496994,-0.176109068912141,-4.4188376753507,0.824324095475379,0.628324095475379
"24",-1.07214428857715,-0.160975629944339,-4.4188376753507,0.824324095475379,0.628324095475379
"25",-0.91182364729459,-0.029436747550345,-4.4188376753507,0.824324095475379,0.628324095475379
"26",-0.891783567134269,-0.128756930666348,-4.4188376753507,0.824324095475379,0.628324095475379
"27",-0.490981963927856,-0.360248273987632,-4.4188376753507,0.824324095475379,0.628324095475379
"28",-0.0901803607214431,-0.640638710768263,-4.4188376753507,0.824324095475379,0.628324095475379
"29",-0.0100200400801604,-0.427961633579586,-4.4188376753507,0.824324095475379,0.628324095475379
"30",0.0701402805611222,-0.482700556885299,-4.4188376753507,0.824324095475379,0.628324095475379
"31",0.130260521042084,-0.57849160137866,-4.4188376753507,0.824324095475379,0.628324095475379
"32",0.350701402805611,-0.488028726311365,-4.4188376753507,0.824324095475379,0.628324095475379
"33",0.791583166332665,-0.833252882438407,-4.4188376753507,0.824324095475379,0.628324095475379
"34",0.93186372745491,-0.517715621414781,-4.4188376753507,0.824324095475379,0.628324095475379
"35",0.971943887775551,-0.628047334436919,-4.4188376753507,0.824324095475379,0.628324095475379
"36",1.07214428857715,-0.647792463406877,-4.4188376753507,0.824324095475379,0.628324095475379
"37",1.37274549098196,-0.810738519069423,-4.4188376753507,0.824324095475379,0.628324095475379
"38",1.57314629258517,-0.655438462232435,-4.4188376753507,0.824324095475379,0.628324095475379
"39",2.21442885771543,-0.889472447613642,-4.4188376753507,0.824324095475379,0.628324095475379
"40",2.33466933867735,-0.819888614080717,-4.4188376753507,0.824324095475379,0.628324095475379
"41",2.61523046092184,-0.865940447663929,-4.4188376753507,0.824324095475379,0.628324095475379
"42",2.73547094188377,-0.965471845258968,-4.4188376753507,0.824324095475379,0.628324095475379
"43",3.09619238476954,-0.921116114280895,-4.4188376753507,0.824324095475379,0.628324095475379
"44",3.11623246492986,-0.781765220716387,-4.4188376753507,0.824324095475379,0.628324095475379
"45",3.27655310621243,-0.937950963111203,-4.4188376753507,0.824324095475379,0.628324095475379
"46",3.49699398797595,-0.774236458599562,-4.4188376753507,0.824324095475379,0.628324095475379
"47",3.69739478957916,-0.895533100272705,-4.4188376753507,0.824324095475379,0.628324095475379
"48",4.19839679358717,-0.8710175526184,-4.4188376753507,0.824324095475379,0.628324095475379
"49",4.47895791583166,-0.900127608357672,-4.4188376753507,0.824324095475379,0.628324095475379
"50",4.81963927855711,-0.905278921554678,-4.4188376753507,0.824324095475379,0.628324095475379
