"","x","yplot","target","ftrue","fwrong"
"1",-4.05811623246493,0.293059670981232,-0.470941883767535,0.343997478960669,0.147997478960669
"2",-2.07414829659319,0.395143514040619,-0.470941883767535,0.343997478960669,0.147997478960669
"3",-1.312625250501,0.372915830286062,-0.470941883767535,0.343997478960669,0.147997478960669
"4",-1.27254509018036,0.222055695160938,-0.470941883767535,0.343997478960669,0.147997478960669
"5",-1.25250501002004,0.440963580109946,-0.470941883767535,0.343997478960669,0.147997478960669
"6",-1.19238476953908,0.432751789181387,-0.470941883767535,0.343997478960669,0.147997478960669
"7",-1.1122244488978,0.279295158527957,-0.470941883767535,0.343997478960669,0.147997478960669
"8",-1.07214428857715,0.40133031031164,-0.470941883767535,0.343997478960669,0.147997478960669
"9",-1.05210420841683,0.373271477750805,-0.470941883767535,0.343997478960669,0.147997478960669
"10",-0.95190380761523,0.196740584436866,-0.470941883767535,0.343997478960669,0.147997478960669
"11",-0.811623246492986,0.265475301301686,-0.470941883767535,0.343997478960669,0.147997478960669
"12",-0.791583166332665,0.593194921564565,-0.470941883767535,0.343997478960669,0.147997478960669
"13",-0.490981963927856,0.322433181043394,-0.470941883767535,0.343997478960669,0.147997478960669
"14",-0.450901803607215,0.402345551266463,-0.470941883767535,0.343997478960669,0.147997478960669
"15",-0.390781563126253,0.143061754753163,-0.470941883767535,0.343997478960669,0.147997478960669
"16",-0.190380761523047,0.341450135910137,-0.470941883767535,0.343997478960669,0.147997478960669
"17",-0.130260521042084,0.196214337170192,-0.470941883767535,0.343997478960669,0.147997478960669
"18",-0.0300601202404813,0.329589257448828,-0.470941883767535,0.343997478960669,0.147997478960669
"19",0.0901803607214431,0.259209445765181,-0.470941883767535,0.343997478960669,0.147997478960669
"20",0.130260521042084,0.0148054006383476,-0.470941883767535,0.343997478960669,0.147997478960669
"21",0.170340681362725,0.214986345480171,-0.470941883767535,0.343997478960669,0.147997478960669
"22",0.190380761523046,0.419822071274979,-0.470941883767535,0.343997478960669,0.147997478960669
"23",0.270541082164328,0.50825979185048,-0.470941883767535,0.343997478960669,0.147997478960669
"24",1.03206412825651,0.0641847451509915,-0.470941883767535,0.343997478960669,0.147997478960669
"25",2.87575150300601,-0.440731670576068,-0.470941883767535,0.343997478960669,0.147997478960669
"26",3.6372745490982,-0.547831914232729,-0.470941883767535,0.343997478960669,0.147997478960669
"27",3.69739478957916,-0.751793451460644,-0.470941883767535,0.343997478960669,0.147997478960669
"28",3.97795591182365,-0.385236631526844,-0.470941883767535,0.343997478960669,0.147997478960669
"29",4.93987975951904,-0.893340273631961,-0.470941883767535,0.343997478960669,0.147997478960669
"30",5,-0.823726686410675,-0.470941883767535,0.343997478960669,0.147997478960669
