"","x","yplot","target","ftrue","fwrong"
"1",-5,0.74385621883704,-4.65931863727455,0.67067503872866,0.86667503872866
"2",-4.97995991983968,0.556242738057354,-4.65931863727455,0.67067503872866,0.86667503872866
"3",-4.93987975951904,0.460691506533893,-4.65931863727455,0.67067503872866,0.86667503872866
"4",-4.91983967935872,0.708044702660943,-4.65931863727455,0.67067503872866,0.86667503872866
"5",-4.8997995991984,0.776664255163334,-4.65931863727455,0.67067503872866,0.86667503872866
"6",-4.87975951903808,0.846430426741753,-4.65931863727455,0.67067503872866,0.86667503872866
"7",-4.71943887775551,0.738839610443368,-4.65931863727455,0.67067503872866,0.86667503872866
"8",-4.63927855711423,0.712930107774092,-4.65931863727455,0.67067503872866,0.86667503872866
"9",-4.59919839679359,0.881457785829842,-4.65931863727455,0.67067503872866,0.86667503872866
"10",-4.45891783567134,0.704038919778945,-4.65931863727455,0.67067503872866,0.86667503872866
"11",-4.35871743486974,0.776598522075589,-4.65931863727455,0.67067503872866,0.86667503872866
"12",-4.33867735470942,0.735183869024384,-4.65931863727455,0.67067503872866,0.86667503872866
"13",-4.27855711422846,0.692555572809895,-4.65931863727455,0.67067503872866,0.86667503872866
"14",-4.25851703406814,0.686516028874893,-4.65931863727455,0.67067503872866,0.86667503872866
"15",-4.23847695390782,0.75510965150928,-4.65931863727455,0.67067503872866,0.86667503872866
"16",-4.17835671342685,0.737485184029887,-4.65931863727455,0.67067503872866,0.86667503872866
"17",-4.13827655310621,0.739227700462068,-4.65931863727455,0.67067503872866,0.86667503872866
"18",-4.11823647294589,0.722867176496088,-4.65931863727455,0.67067503872866,0.86667503872866
"19",-4.09819639278557,0.646334069608105,-4.65931863727455,0.67067503872866,0.86667503872866
"20",-4.01803607214429,0.67562105503973,-4.65931863727455,0.67067503872866,0.86667503872866
"21",-3.99799599198397,0.573361703677875,-4.65931863727455,0.67067503872866,0.86667503872866
"22",-3.95791583166333,0.782422633747588,-4.65931863727455,0.67067503872866,0.86667503872866
"23",-3.91783567134269,0.687673807115134,-4.65931863727455,0.67067503872866,0.86667503872866
"24",-3.89779559118236,0.995526509060818,-4.65931863727455,0.67067503872866,0.86667503872866
"25",-3.8376753507014,0.939095789173124,-4.65931863727455,0.67067503872866,0.86667503872866
"26",-3.79759519038076,0.834353545521376,-4.65931863727455,0.67067503872866,0.86667503872866
"27",-3.77755511022044,0.604460206144672,-4.65931863727455,0.67067503872866,0.86667503872866
"28",-3.69739478957916,0.789249271110021,-4.65931863727455,0.67067503872866,0.86667503872866
"29",-3.65731462925852,0.915323323413304,-4.65931863727455,0.67067503872866,0.86667503872866
"30",-3.55711422845691,0.719215313070626,-4.65931863727455,0.67067503872866,0.86667503872866
"31",-1.63326653306613,0.721991843153597,-4.65931863727455,0.67067503872866,0.86667503872866
"32",-0.871743486973948,0.678059586417985,-4.65931863727455,0.67067503872866,0.86667503872866
"33",-0.831663326653307,0.718930716677646,-4.65931863727455,0.67067503872866,0.86667503872866
"34",-0.230460921843687,0.507920200651417,-4.65931863727455,0.67067503872866,0.86667503872866
"35",1.47294589178357,0.255223054936969,-4.65931863727455,0.67067503872866,0.86667503872866
"36",2.03406813627254,0.127960149237865,-4.65931863727455,0.67067503872866,0.86667503872866
"37",3.65731462925852,-0.377275626626781,-4.65931863727455,0.67067503872866,0.86667503872866
"38",3.97795591182365,-0.506499898107424,-4.65931863727455,0.67067503872866,0.86667503872866
"39",4.21843687374749,-0.485500771334378,-4.65931863727455,0.67067503872866,0.86667503872866
"40",4.49899799599198,-0.520606925235013,-4.65931863727455,0.67067503872866,0.86667503872866
