"","x","yplot","target","ftrue","fwrong"
"1",-4.97995991983968,0.812811886456617,3.27655310621243,-0.955204743531201,-0.759204743531201
"2",-4.87975951903808,0.548139435890166,3.27655310621243,-0.955204743531201,-0.759204743531201
"3",-4.75951903807615,0.625550865932324,3.27655310621243,-0.955204743531201,-0.759204743531201
"4",-4.07815631262525,0.361735021539677,3.27655310621243,-0.955204743531201,-0.759204743531201
"5",-3.6372745490982,0.224130609331335,3.27655310621243,-0.955204743531201,-0.759204743531201
"6",-3.01603206412826,0.177265078793958,3.27655310621243,-0.955204743531201,-0.759204743531201
"7",-2.65531062124249,0.0588958343109217,3.27655310621243,-0.955204743531201,-0.759204743531201
"8",-2.5751503006012,0.0200377742272688,3.27655310621243,-0.955204743531201,-0.759204743531201
"9",-1.95390781563126,-0.400373226938503,3.27655310621243,-0.955204743531201,-0.759204743531201
"10",-1.57314629258517,-0.392287581976378,3.27655310621243,-0.955204743531201,-0.759204743531201
"11",-1.53306613226453,-0.506165957715276,3.27655310621243,-0.955204743531201,-0.759204743531201
"12",-0.91182364729459,-0.673191747550635,3.27655310621243,-0.955204743531201,-0.759204743531201
"13",-0.671342685370742,-0.835054147963845,3.27655310621243,-0.955204743531201,-0.759204743531201
"14",-0.110220440881764,-0.902704799669557,3.27655310621243,-0.955204743531201,-0.759204743531201
"15",-0.0901803607214431,-0.977400938819895,3.27655310621243,-0.955204743531201,-0.759204743531201
"16",-0.0100200400801604,-0.922238457002903,3.27655310621243,-0.955204743531201,-0.759204743531201
"17",0.651302605210421,-0.732317267512951,3.27655310621243,-0.955204743531201,-0.759204743531201
"18",1.69338677354709,-0.938530539411364,3.27655310621243,-0.955204743531201,-0.759204743531201
"19",1.83366733466934,-0.917314162171094,3.27655310621243,-0.955204743531201,-0.759204743531201
"20",2.45490981963928,-0.847399742948796,3.27655310621243,-0.955204743531201,-0.759204743531201
"21",2.73547094188377,-0.945288411937092,3.27655310621243,-0.955204743531201,-0.759204743531201
"22",3.37675350701403,-1.02640629011245,3.27655310621243,-0.955204743531201,-0.759204743531201
"23",3.41683366733467,-0.895562456727732,3.27655310621243,-0.955204743531201,-0.759204743531201
"24",3.45691382765531,-0.875966588872771,3.27655310621243,-0.955204743531201,-0.759204743531201
"25",3.71743486973948,-1.01408395063393,3.27655310621243,-0.955204743531201,-0.759204743531201
"26",3.99799599198397,-0.688611167323717,3.27655310621243,-0.955204743531201,-0.759204743531201
"27",4.03807615230461,-0.926985903325797,3.27655310621243,-0.955204743531201,-0.759204743531201
"28",4.19839679358717,-0.734621552843997,3.27655310621243,-0.955204743531201,-0.759204743531201
"29",4.49899799599198,-0.702719607522675,3.27655310621243,-0.955204743531201,-0.759204743531201
"30",4.59919839679359,-0.785132405372424,3.27655310621243,-0.955204743531201,-0.759204743531201
