"","x","yplot","target","ftrue","fwrong"
"1",-4.17835671342685,0.601057973565857,-0.651302605210421,0.279006690845352,0.0830066908453521
"2",-3.95791583166333,0.656256535270054,-0.651302605210421,0.279006690845352,0.0830066908453521
"3",-3.65731462925852,0.669859970596169,-0.651302605210421,0.279006690845352,0.0830066908453521
"4",-3.49699398797595,0.581850106209448,-0.651302605210421,0.279006690845352,0.0830066908453521
"5",-3.45691382765531,0.377156336196166,-0.651302605210421,0.279006690845352,0.0830066908453521
"6",-2.93587174348697,0.813834483130231,-0.651302605210421,0.279006690845352,0.0830066908453521
"7",-2.87575150300601,0.813459426379347,-0.651302605210421,0.279006690845352,0.0830066908453521
"8",-2.25450901803607,0.720313878486024,-0.651302605210421,0.279006690845352,0.0830066908453521
"9",-1.97394789579158,0.825274913272333,-0.651302605210421,0.279006690845352,0.0830066908453521
"10",-1.57314629258517,0.685371553605563,-0.651302605210421,0.279006690845352,0.0830066908453521
"11",-1.43286573146293,0.727677242352882,-0.651302605210421,0.279006690845352,0.0830066908453521
"12",-1.39278557114228,0.801657142214918,-0.651302605210421,0.279006690845352,0.0830066908453521
"13",-1.05210420841683,0.573200703493407,-0.651302605210421,0.279006690845352,0.0830066908453521
"14",-0.95190380761523,0.405481481131151,-0.651302605210421,0.279006690845352,0.0830066908453521
"15",-0.891783567134269,0.353433652867682,-0.651302605210421,0.279006690845352,0.0830066908453521
"16",-0.751503006012024,0.304265541486349,-0.651302605210421,0.279006690845352,0.0830066908453521
"17",-0.551102204408818,0.189003690749045,-0.651302605210421,0.279006690845352,0.0830066908453521
"18",-0.490981963927856,0.273424208758211,-0.651302605210421,0.279006690845352,0.0830066908453521
"19",-0.370741482965932,0.222234560876533,-0.651302605210421,0.279006690845352,0.0830066908453521
"20",-0.330661322645291,0.0588397781259526,-0.651302605210421,0.279006690845352,0.0830066908453521
"21",0.110220440881763,-0.33363461414242,-0.651302605210421,0.279006690845352,0.0830066908453521
"22",1.19238476953908,-0.702516086407531,-0.651302605210421,0.279006690845352,0.0830066908453521
"23",1.39278557114228,-0.53929743224794,-0.651302605210421,0.279006690845352,0.0830066908453521
"24",1.49298597194389,-0.538168390388807,-0.651302605210421,0.279006690845352,0.0830066908453521
"25",1.67334669338677,-0.863968195597863,-0.651302605210421,0.279006690845352,0.0830066908453521
"26",1.95390781563126,-0.732218227724649,-0.651302605210421,0.279006690845352,0.0830066908453521
"27",2.11422845691383,-0.582218575058932,-0.651302605210421,0.279006690845352,0.0830066908453521
"28",2.15430861723447,-0.315057988721322,-0.651302605210421,0.279006690845352,0.0830066908453521
"29",2.27454909819639,-0.432573120265097,-0.651302605210421,0.279006690845352,0.0830066908453521
"30",2.61523046092184,-0.406278788690004,-0.651302605210421,0.279006690845352,0.0830066908453521
"31",2.67535070140281,-0.211180104175105,-0.651302605210421,0.279006690845352,0.0830066908453521
"32",2.79559118236473,-0.258534763086787,-0.651302605210421,0.279006690845352,0.0830066908453521
"33",3.13627254509018,-0.226498419495742,-0.651302605210421,0.279006690845352,0.0830066908453521
"34",3.49699398797595,-0.223643949210564,-0.651302605210421,0.279006690845352,0.0830066908453521
"35",3.67735470941884,-0.143136300366014,-0.651302605210421,0.279006690845352,0.0830066908453521
"36",4.01803607214429,-0.108096069904576,-0.651302605210421,0.279006690845352,0.0830066908453521
"37",4.3186372745491,-0.303318658150235,-0.651302605210421,0.279006690845352,0.0830066908453521
"38",4.4188376753507,-0.0780845702142249,-0.651302605210421,0.279006690845352,0.0830066908453521
"39",4.43887775551102,-0.0758575303452144,-0.651302605210421,0.279006690845352,0.0830066908453521
"40",4.79959919839679,-0.196448068374755,-0.651302605210421,0.279006690845352,0.0830066908453521
