"","x","yplot","target","ftrue","fwrong"
"1",-3.75751503006012,0.677129126360375,1.13226452905812,-0.30006322706312,-0.10406322706312
"2",-3.21643286573146,0.625625851001628,1.13226452905812,-0.30006322706312,-0.10406322706312
"3",-1.7935871743487,0.137904977185453,1.13226452905812,-0.30006322706312,-0.10406322706312
"4",0.270541082164328,-0.661451010874483,1.13226452905812,-0.30006322706312,-0.10406322706312
"5",1.71342685370741,-0.021189815688449,1.13226452905812,-0.30006322706312,-0.10406322706312
"6",1.9939879759519,0.303796852640369,1.13226452905812,-0.30006322706312,-0.10406322706312
"7",2.87575150300601,0.541800898918695,1.13226452905812,-0.30006322706312,-0.10406322706312
"8",3.55711422845691,0.321057463368894,1.13226452905812,-0.30006322706312,-0.10406322706312
"9",3.67735470941884,0.40898670206462,1.13226452905812,-0.30006322706312,-0.10406322706312
"10",4.17835671342685,0.0603520222943847,1.13226452905812,-0.30006322706312,-0.10406322706312
