"","x","yplot","target","ftrue","fwrong"
"1",-4.47895791583166,-0.557514730327563,4.09819639278557,0.0690083926733588,-0.126991607326641
"2",-4.39879759519038,-0.358988796209156,4.09819639278557,0.0690083926733588,-0.126991607326641
"3",-4.25851703406814,-0.071021068659174,4.09819639278557,0.0690083926733588,-0.126991607326641
"4",-3.93787575150301,0.0178870077661169,4.09819639278557,0.0690083926733588,-0.126991607326641
"5",-3.91783567134269,-0.0488291495052637,4.09819639278557,0.0690083926733588,-0.126991607326641
"6",-3.87775551102204,0.0126584948909612,4.09819639278557,0.0690083926733588,-0.126991607326641
"7",-3.67735470941884,-0.0549130732604921,4.09819639278557,0.0690083926733588,-0.126991607326641
"8",-3.19639278557114,0.177944267890854,4.09819639278557,0.0690083926733588,-0.126991607326641
"9",-2.31462925851703,0.196001649710702,4.09819639278557,0.0690083926733588,-0.126991607326641
"10",-1.43286573146293,0.483637356064496,4.09819639278557,0.0690083926733588,-0.126991607326641
"11",-1.312625250501,0.491534192525332,4.09819639278557,0.0690083926733588,-0.126991607326641
"12",-0.771543086172345,0.66002957861998,4.09819639278557,0.0690083926733588,-0.126991607326641
"13",-0.571142284569138,0.782154955383319,4.09819639278557,0.0690083926733588,-0.126991607326641
"14",-0.531062124248497,0.686240149503569,4.09819639278557,0.0690083926733588,-0.126991607326641
"15",-0.430861723446894,0.694132069376624,4.09819639278557,0.0690083926733588,-0.126991607326641
"16",-0.0501002004008022,0.88641194493554,4.09819639278557,0.0690083926733588,-0.126991607326641
"17",0.0100200400801604,0.984071298484008,4.09819639278557,0.0690083926733588,-0.126991607326641
"18",0.0701402805611222,0.810865467503206,4.09819639278557,0.0690083926733588,-0.126991607326641
"19",1.19238476953908,0.60740531366779,4.09819639278557,0.0690083926733588,-0.126991607326641
"20",1.2124248496994,0.737933334235958,4.09819639278557,0.0690083926733588,-0.126991607326641
"21",1.25250501002004,0.569172372018847,4.09819639278557,0.0690083926733588,-0.126991607326641
"22",1.35270541082164,0.583509781437427,4.09819639278557,0.0690083926733588,-0.126991607326641
"23",1.83366733466934,0.205789431116911,4.09819639278557,0.0690083926733588,-0.126991607326641
"24",1.87374749498998,0.294154048580423,4.09819639278557,0.0690083926733588,-0.126991607326641
"25",2.07414829659319,0.32387991934098,4.09819639278557,0.0690083926733588,-0.126991607326641
"26",2.45490981963928,-0.0323110885739469,4.09819639278557,0.0690083926733588,-0.126991607326641
"27",2.5751503006012,-0.0310016881875772,4.09819639278557,0.0690083926733588,-0.126991607326641
"28",2.95591182364729,-0.283123029992818,4.09819639278557,0.0690083926733588,-0.126991607326641
"29",3.17635270541082,-0.0739607211332331,4.09819639278557,0.0690083926733588,-0.126991607326641
"30",3.2565130260521,-0.313358686938761,4.09819639278557,0.0690083926733588,-0.126991607326641
"31",3.55711422845691,-0.128898358133081,4.09819639278557,0.0690083926733588,-0.126991607326641
"32",3.87775551102204,-0.0951374161189045,4.09819639278557,0.0690083926733588,-0.126991607326641
"33",3.99799599198397,-0.0464741464805267,4.09819639278557,0.0690083926733588,-0.126991607326641
"34",4.11823647294589,0.0242061250411457,4.09819639278557,0.0690083926733588,-0.126991607326641
"35",4.19839679358717,0.265094338889877,4.09819639278557,0.0690083926733588,-0.126991607326641
"36",4.35871743486974,0.114790266286604,4.09819639278557,0.0690083926733588,-0.126991607326641
"37",4.4188376753507,0.052360125700942,4.09819639278557,0.0690083926733588,-0.126991607326641
"38",4.57915831663327,0.102968407148971,4.09819639278557,0.0690083926733588,-0.126991607326641
"39",4.85971943887776,0.383836029974477,4.09819639278557,0.0690083926733588,-0.126991607326641
"40",4.97995991983968,0.328921718107924,4.09819639278557,0.0690083926733588,-0.126991607326641
