"","x","yplot","target","ftrue","fwrong"
"1",-4.71943887775551,0.619802788577176,-0.230460921843687,0.382595433482471,0.578595433482471
"2",-4.49899799599198,0.875159920028175,-0.230460921843687,0.382595433482471,0.578595433482471
"3",-4.19839679358717,0.812614325762598,-0.230460921843687,0.382595433482471,0.578595433482471
"4",-3.91783567134269,0.752921703750782,-0.230460921843687,0.382595433482471,0.578595433482471
"5",-3.51703406813627,0.74250192140057,-0.230460921843687,0.382595433482471,0.578595433482471
"6",-2.95591182364729,0.630815304060372,-0.230460921843687,0.382595433482471,0.578595433482471
"7",-1.83366733466934,0.150681729781899,-0.230460921843687,0.382595433482471,0.578595433482471
"8",-1.05210420841683,0.314352116572582,-0.230460921843687,0.382595433482471,0.578595433482471
"9",-1.03206412825651,0.262130150390083,-0.230460921843687,0.382595433482471,0.578595433482471
"10",-0.991983967935872,0.307575911136109,-0.230460921843687,0.382595433482471,0.578595433482471
"11",-0.891783567134269,0.295265134345164,-0.230460921843687,0.382595433482471,0.578595433482471
"12",-0.871743486973948,0.335317654778113,-0.230460921843687,0.382595433482471,0.578595433482471
"13",-0.751503006012024,0.429977893310625,-0.230460921843687,0.382595433482471,0.578595433482471
"14",-0.711422845691383,0.437262855157161,-0.230460921843687,0.382595433482471,0.578595433482471
"15",-0.691382765531062,0.231808214259853,-0.230460921843687,0.382595433482471,0.578595433482471
"16",-0.631262525050101,0.269309638420224,-0.230460921843687,0.382595433482471,0.578595433482471
"17",-0.61122244488978,0.312809256124142,-0.230460921843687,0.382595433482471,0.578595433482471
"18",-0.591182364729459,0.246294047320781,-0.230460921843687,0.382595433482471,0.578595433482471
"19",-0.571142284569138,0.290614118408511,-0.230460921843687,0.382595433482471,0.578595433482471
"20",-0.551102204408818,0.384019573951897,-0.230460921843687,0.382595433482471,0.578595433482471
"21",-0.490981963927856,0.158509049461717,-0.230460921843687,0.382595433482471,0.578595433482471
"22",-0.410821643286574,0.409317435980466,-0.230460921843687,0.382595433482471,0.578595433482471
"23",-0.390781563126253,0.489943256185234,-0.230460921843687,0.382595433482471,0.578595433482471
"24",-0.370741482965932,0.163891130712123,-0.230460921843687,0.382595433482471,0.578595433482471
"25",-0.330661322645291,0.324304144359645,-0.230460921843687,0.382595433482471,0.578595433482471
"26",-0.190380761523047,0.128437212936763,-0.230460921843687,0.382595433482471,0.578595433482471
"27",-0.170340681362726,0.372405227682336,-0.230460921843687,0.382595433482471,0.578595433482471
"28",-0.0901803607214431,0.424603466822515,-0.230460921843687,0.382595433482471,0.578595433482471
"29",-0.0501002004008022,0.291693738191857,-0.230460921843687,0.382595433482471,0.578595433482471
"30",-0.0300601202404813,0.250769688375815,-0.230460921843687,0.382595433482471,0.578595433482471
"31",0.0300601202404804,0.305427879762936,-0.230460921843687,0.382595433482471,0.578595433482471
"32",0.110220440881763,0.380597498814959,-0.230460921843687,0.382595433482471,0.578595433482471
"33",0.130260521042084,0.355424770037351,-0.230460921843687,0.382595433482471,0.578595433482471
"34",0.230460921843687,0.282308178884733,-0.230460921843687,0.382595433482471,0.578595433482471
"35",0.250501002004007,0.389077714397244,-0.230460921843687,0.382595433482471,0.578595433482471
"36",0.270541082164328,0.394360096045318,-0.230460921843687,0.382595433482471,0.578595433482471
"37",0.430861723446894,0.140388888212883,-0.230460921843687,0.382595433482471,0.578595433482471
"38",0.450901803607215,0.253923615270451,-0.230460921843687,0.382595433482471,0.578595433482471
"39",0.591182364729459,0.253794475950241,-0.230460921843687,0.382595433482471,0.578595433482471
"40",0.671342685370742,0.0678864391978954,-0.230460921843687,0.382595433482471,0.578595433482471
"41",0.691382765531062,0.208225507842664,-0.230460921843687,0.382595433482471,0.578595433482471
"42",0.711422845691382,0.234678265261345,-0.230460921843687,0.382595433482471,0.578595433482471
"43",0.95190380761523,0.0939953663809984,-0.230460921843687,0.382595433482471,0.578595433482471
"44",0.991983967935871,-0.0154522958335685,-0.230460921843687,0.382595433482471,0.578595433482471
"45",1.03206412825651,0.028055851708117,-0.230460921843687,0.382595433482471,0.578595433482471
"46",1.45290581162325,-0.449885497405723,-0.230460921843687,0.382595433482471,0.578595433482471
"47",1.97394789579158,-0.559215520208738,-0.230460921843687,0.382595433482471,0.578595433482471
"48",4.55911823647295,-0.44525657527227,-0.230460921843687,0.382595433482471,0.578595433482471
"49",4.61923847695391,-0.414219787508728,-0.230460921843687,0.382595433482471,0.578595433482471
"50",4.8997995991984,-0.219426167873132,-0.230460921843687,0.382595433482471,0.578595433482471
