"","x","yplot","target","ftrue","fwrong"
"1",-4.73947895791583,0.425875514226823,3.65731462925852,-0.42506928593774,-0.62106928593774
"2",-4.15831663326653,0.239780542813781,3.65731462925852,-0.42506928593774,-0.62106928593774
"3",-3.6372745490982,0.118508619654298,3.65731462925852,-0.42506928593774,-0.62106928593774
"4",-3.23647294589178,0.0407262127286547,3.65731462925852,-0.42506928593774,-0.62106928593774
"5",-2.374749498998,-0.367660013551146,3.65731462925852,-0.42506928593774,-0.62106928593774
"6",-2.35470941883768,-0.349149808343544,3.65731462925852,-0.42506928593774,-0.62106928593774
"7",-2.01402805611222,-0.38250238660402,3.65731462925852,-0.42506928593774,-0.62106928593774
"8",-0.531062124248497,-0.777436002487925,3.65731462925852,-0.42506928593774,-0.62106928593774
"9",-0.130260521042084,-0.576439704761693,3.65731462925852,-0.42506928593774,-0.62106928593774
"10",0.511022044088176,-0.658531686978147,3.65731462925852,-0.42506928593774,-0.62106928593774
"11",1.17234468937876,-0.686745190732415,3.65731462925852,-0.42506928593774,-0.62106928593774
"12",1.49298597194389,-0.729209063566843,3.65731462925852,-0.42506928593774,-0.62106928593774
"13",1.7935871743487,-0.760260683830171,3.65731462925852,-0.42506928593774,-0.62106928593774
"14",2.29458917835671,-0.500537118000022,3.65731462925852,-0.42506928593774,-0.62106928593774
"15",2.85571142284569,-0.428281012510196,3.65731462925852,-0.42506928593774,-0.62106928593774
"16",3.0561122244489,-0.335645250042188,3.65731462925852,-0.42506928593774,-0.62106928593774
"17",3.17635270541082,-0.513136131211772,3.65731462925852,-0.42506928593774,-0.62106928593774
"18",3.27655310621243,-0.35215607902082,3.65731462925852,-0.42506928593774,-0.62106928593774
"19",3.81763527054108,-0.430482270161889,3.65731462925852,-0.42506928593774,-0.62106928593774
"20",3.91783567134268,-0.251031914651528,3.65731462925852,-0.42506928593774,-0.62106928593774
