"","x","yplot","target","ftrue","fwrong"
"1",-4.87975951903808,-0.199659299749225,2.63527054108216,-0.175870732513088,0.0201292674869115
"2",-4.51903807615231,-0.129025390817135,2.63527054108216,-0.175870732513088,0.0201292674869115
"3",-2.79559118236473,-0.43393753441246,2.63527054108216,-0.175870732513088,0.0201292674869115
"4",-2.5751503006012,-0.583159099890709,2.63527054108216,-0.175870732513088,0.0201292674869115
"5",-0.91182364729459,-0.241174045991109,2.63527054108216,-0.175870732513088,0.0201292674869115
"6",1.4128256513026,-0.0266358002660868,2.63527054108216,-0.175870732513088,0.0201292674869115
"7",1.71342685370741,-0.23466871310082,2.63527054108216,-0.175870732513088,0.0201292674869115
"8",2.55511022044088,-0.14249196480812,2.63527054108216,-0.175870732513088,0.0201292674869115
"9",3.0561122244489,-0.0158436098134977,2.63527054108216,-0.175870732513088,0.0201292674869115
"10",4.95991983967936,0.878750459747405,2.63527054108216,-0.175870732513088,0.0201292674869115
