"","x","yplot","target","ftrue","fwrong"
"1",-4.13827655310621,0.948082249975889,-0.0100200400801604,-0.731768277205209,-0.927768277205209
"2",-3.7374749498998,0.844245292903997,-0.0100200400801604,-0.731768277205209,-0.927768277205209
"3",-2.4749498997996,-0.0955616298205941,-0.0100200400801604,-0.731768277205209,-0.927768277205209
"4",-1.39278557114228,-0.399269452337447,-0.0100200400801604,-0.731768277205209,-0.927768277205209
"5",-1.33266533066132,-0.586051885297098,-0.0100200400801604,-0.731768277205209,-0.927768277205209
"6",-0.91182364729459,-0.779594430247309,-0.0100200400801604,-0.731768277205209,-0.927768277205209
"7",-0.891783567134269,-0.612269970344148,-0.0100200400801604,-0.731768277205209,-0.927768277205209
"8",-0.751503006012024,-0.8928575152749,-0.0100200400801604,-0.731768277205209,-0.927768277205209
"9",-0.711422845691383,-0.634491202380209,-0.0100200400801604,-0.731768277205209,-0.927768277205209
"10",-0.691382765531062,-0.827301873506261,-0.0100200400801604,-0.731768277205209,-0.927768277205209
"11",-0.631262525050101,-0.643125486925577,-0.0100200400801604,-0.731768277205209,-0.927768277205209
"12",-0.531062124248497,-0.875249012966391,-0.0100200400801604,-0.731768277205209,-0.927768277205209
"13",-0.430861723446894,-0.941688934098321,-0.0100200400801604,-0.731768277205209,-0.927768277205209
"14",-0.350701402805611,-0.836919066258851,-0.0100200400801604,-0.731768277205209,-0.927768277205209
"15",-0.31062124248497,-0.714799555654636,-0.0100200400801604,-0.731768277205209,-0.927768277205209
"16",-0.130260521042084,-0.716912292476563,-0.0100200400801604,-0.731768277205209,-0.927768277205209
"17",-0.0300601202404813,-0.769129603442365,-0.0100200400801604,-0.731768277205209,-0.927768277205209
"18",-0.0100200400801604,-0.789174987295949,-0.0100200400801604,-0.731768277205209,-0.927768277205209
"19",0.0501002004008013,-0.733927386617837,-0.0100200400801604,-0.731768277205209,-0.927768277205209
"20",0.0901803607214431,-0.704184551404767,-0.0100200400801604,-0.731768277205209,-0.927768277205209
"21",0.130260521042084,-0.78144824785421,-0.0100200400801604,-0.731768277205209,-0.927768277205209
"22",0.150300601202405,-0.701284587326734,-0.0100200400801604,-0.731768277205209,-0.927768277205209
"23",0.270541082164328,-0.535989191169472,-0.0100200400801604,-0.731768277205209,-0.927768277205209
"24",0.290581162324649,-0.447955459515551,-0.0100200400801604,-0.731768277205209,-0.927768277205209
"25",0.31062124248497,-0.563696196174971,-0.0100200400801604,-0.731768277205209,-0.927768277205209
"26",0.430861723446894,-0.665599594494441,-0.0100200400801604,-0.731768277205209,-0.927768277205209
"27",0.470941883767535,-0.567376739110342,-0.0100200400801604,-0.731768277205209,-0.927768277205209
"28",0.551102204408817,-0.502598035862663,-0.0100200400801604,-0.731768277205209,-0.927768277205209
"29",0.591182364729459,-0.622302357658879,-0.0100200400801604,-0.731768277205209,-0.927768277205209
"30",0.6312625250501,-0.442620944027814,-0.0100200400801604,-0.731768277205209,-0.927768277205209
"31",0.691382765531062,-0.678345839533429,-0.0100200400801604,-0.731768277205209,-0.927768277205209
"32",0.871743486973948,-0.209241886846448,-0.0100200400801604,-0.731768277205209,-0.927768277205209
"33",0.95190380761523,-0.306959102768426,-0.0100200400801604,-0.731768277205209,-0.927768277205209
"34",1.03206412825651,-0.274419656744558,-0.0100200400801604,-0.731768277205209,-0.927768277205209
"35",1.312625250501,-0.149651285335073,-0.0100200400801604,-0.731768277205209,-0.927768277205209
"36",3.33667334669339,-0.0745831138603057,-0.0100200400801604,-0.731768277205209,-0.927768277205209
"37",3.91783567134268,-0.401234183523324,-0.0100200400801604,-0.731768277205209,-0.927768277205209
"38",4.27855711422846,-0.487183679033825,-0.0100200400801604,-0.731768277205209,-0.927768277205209
"39",4.49899799599198,-0.182528544686042,-0.0100200400801604,-0.731768277205209,-0.927768277205209
"40",4.69939879759519,-0.169140025676189,-0.0100200400801604,-0.731768277205209,-0.927768277205209
