"","x","yplot","target","ftrue","fwrong"
"1",-3.27655310621242,0.654881218678426,3.95791583166333,-0.097534288852124,0.098465711147876
"2",-3.2565130260521,0.573198888755733,3.95791583166333,-0.097534288852124,0.098465711147876
"3",-2.31462925851703,0.642908242723376,3.95791583166333,-0.097534288852124,0.098465711147876
"4",-2.23446893787575,0.658449057051399,3.95791583166333,-0.097534288852124,0.098465711147876
"5",-2.17434869739479,0.543552172619721,3.95791583166333,-0.097534288852124,0.098465711147876
"6",-2.13426853707415,0.797016562067436,3.95791583166333,-0.097534288852124,0.098465711147876
"7",-2.11422845691383,0.633574069585968,3.95791583166333,-0.097534288852124,0.098465711147876
"8",-1.47294589178357,0.511053774004905,3.95791583166333,-0.097534288852124,0.098465711147876
"9",-0.791583166332665,0.139574678926969,3.95791583166333,-0.097534288852124,0.098465711147876
"10",-0.430861723446894,-0.222604124043155,3.95791583166333,-0.097534288852124,0.098465711147876
"11",-0.170340681362726,-0.272670105070053,3.95791583166333,-0.097534288852124,0.098465711147876
"12",0.0100200400801604,-0.52838626593037,3.95791583166333,-0.097534288852124,0.098465711147876
"13",1.312625250501,-0.738916433064991,3.95791583166333,-0.097534288852124,0.098465711147876
"14",2.75551102204409,-0.337091053379578,3.95791583166333,-0.097534288852124,0.098465711147876
"15",2.89579158316633,-0.266073962482745,3.95791583166333,-0.097534288852124,0.098465711147876
"16",2.97595190380761,-0.192157060675808,3.95791583166333,-0.097534288852124,0.098465711147876
"17",3.0561122244489,-0.0352620058968082,3.95791583166333,-0.097534288852124,0.098465711147876
"18",3.13627254509018,-0.362562045781046,3.95791583166333,-0.097534288852124,0.098465711147876
"19",3.27655310621243,-0.123200337138103,3.95791583166333,-0.097534288852124,0.098465711147876
"20",3.29659318637274,-0.104815619739393,3.95791583166333,-0.097534288852124,0.098465711147876
"21",3.41683366733467,-0.0815284086778207,3.95791583166333,-0.097534288852124,0.098465711147876
"22",3.43687374749499,-0.0440668342988367,3.95791583166333,-0.097534288852124,0.098465711147876
"23",3.49699398797595,-0.158382237610019,3.95791583166333,-0.097534288852124,0.098465711147876
"24",3.55711422845691,-0.128002437056945,3.95791583166333,-0.097534288852124,0.098465711147876
"25",3.59719438877755,-0.281521077088166,3.95791583166333,-0.097534288852124,0.098465711147876
"26",3.65731462925852,-0.0774540041895794,3.95791583166333,-0.097534288852124,0.098465711147876
"27",3.71743486973948,-0.100979192729666,3.95791583166333,-0.097534288852124,0.098465711147876
"28",3.7374749498998,-0.0551147189101479,3.95791583166333,-0.097534288852124,0.098465711147876
"29",3.75751503006012,-0.0483063412199976,3.95791583166333,-0.097534288852124,0.098465711147876
"30",3.77755511022044,-0.0527502203258579,3.95791583166333,-0.097534288852124,0.098465711147876
"31",3.85771543086172,-0.0775488945426355,3.95791583166333,-0.097534288852124,0.098465711147876
"32",3.89779559118236,-0.250467826620838,3.95791583166333,-0.097534288852124,0.098465711147876
"33",3.91783567134268,-0.147311125999854,3.95791583166333,-0.097534288852124,0.098465711147876
"34",3.93787575150301,-0.127929776830603,3.95791583166333,-0.097534288852124,0.098465711147876
"35",3.97795591182365,0.0178006929528194,3.95791583166333,-0.097534288852124,0.098465711147876
"36",4.05811623246493,-0.203660356200193,3.95791583166333,-0.097534288852124,0.098465711147876
"37",4.09819639278557,-0.00920948880115748,3.95791583166333,-0.097534288852124,0.098465711147876
"38",4.21843687374749,-0.0751650924481955,3.95791583166333,-0.097534288852124,0.098465711147876
"39",4.25851703406814,-0.2494051576443,3.95791583166333,-0.097534288852124,0.098465711147876
"40",4.33867735470942,0.0348278831646075,3.95791583166333,-0.097534288852124,0.098465711147876
"41",4.37875751503006,0.00190641840156335,3.95791583166333,-0.097534288852124,0.098465711147876
"42",4.4188376753507,0.094883469429498,3.95791583166333,-0.097534288852124,0.098465711147876
"43",4.5190380761523,-0.121355588597105,3.95791583166333,-0.097534288852124,0.098465711147876
"44",4.61923847695391,-0.0506888903899854,3.95791583166333,-0.097534288852124,0.098465711147876
"45",4.71943887775551,-0.00149025004703866,3.95791583166333,-0.097534288852124,0.098465711147876
"46",4.75951903807615,0.0126064687495538,3.95791583166333,-0.097534288852124,0.098465711147876
"47",4.77955911823647,-0.0464898033949862,3.95791583166333,-0.097534288852124,0.098465711147876
"48",4.79959919839679,-0.0453180466939012,3.95791583166333,-0.097534288852124,0.098465711147876
"49",4.81963927855711,-0.0104364156256398,3.95791583166333,-0.097534288852124,0.098465711147876
"50",4.8997995991984,0.020798956271587,3.95791583166333,-0.097534288852124,0.098465711147876
