"","x","yplot","target","ftrue","fwrong"
"1",-4.85971943887776,0.645327887640266,-1.41282565130261,0.963270493806993,0.767270493806993
"2",-4.59919839679359,0.710103643594411,-1.41282565130261,0.963270493806993,0.767270493806993
"3",-3.47695390781563,0.805479961379526,-1.41282565130261,0.963270493806993,0.767270493806993
"4",-3.2565130260521,0.87011101777543,-1.41282565130261,0.963270493806993,0.767270493806993
"5",-2.79559118236473,0.910928708312532,-1.41282565130261,0.963270493806993,0.767270493806993
"6",-2.5751503006012,0.936711799653572,-1.41282565130261,0.963270493806993,0.767270493806993
"7",-1.59318637274549,0.925955748544967,-1.41282565130261,0.963270493806993,0.767270493806993
"8",-1.45290581162325,0.861698445460602,-1.41282565130261,0.963270493806993,0.767270493806993
"9",-1.25250501002004,0.866982901247743,-1.41282565130261,0.963270493806993,0.767270493806993
"10",-1.23246492985972,0.767634321024379,-1.41282565130261,0.963270493806993,0.767270493806993
"11",-1.01202404809619,0.898493898203645,-1.41282565130261,0.963270493806993,0.767270493806993
"12",-0.691382765531062,0.906684993062879,-1.41282565130261,0.963270493806993,0.767270493806993
"13",-0.250501002004008,0.739159262520606,-1.41282565130261,0.963270493806993,0.767270493806993
"14",-0.170340681362726,0.881409024753838,-1.41282565130261,0.963270493806993,0.767270493806993
"15",0.33066132264529,0.705713824577815,-1.41282565130261,0.963270493806993,0.767270493806993
"16",0.971943887775551,0.44833036053705,-1.41282565130261,0.963270493806993,0.767270493806993
"17",1.33266533066132,0.505285315386934,-1.41282565130261,0.963270493806993,0.767270493806993
"18",2.39478957915832,0.0535350667659403,-1.41282565130261,0.963270493806993,0.767270493806993
"19",2.75551102204409,0.0127196151323798,-1.41282565130261,0.963270493806993,0.767270493806993
"20",3.17635270541082,-0.128954674289621,-1.41282565130261,0.963270493806993,0.767270493806993
