"","x","yplot","target","ftrue","fwrong"
"1",-4.65931863727455,0.0450096655417101,1.43286573146293,-0.646241213312216,-0.450241213312216
"2",-3.19639278557114,-0.137551661550007,1.43286573146293,-0.646241213312216,-0.450241213312216
"3",-1.29258517034068,-0.855996249930076,1.43286573146293,-0.646241213312216,-0.450241213312216
"4",-0.330661322645291,-0.926512648166157,1.43286573146293,-0.646241213312216,-0.450241213312216
"5",0.270541082164328,-0.806757882929869,1.43286573146293,-0.646241213312216,-0.450241213312216
"6",0.93186372745491,-0.836246258251036,1.43286573146293,-0.646241213312216,-0.450241213312216
"7",2.03406813627254,-0.516105814226522,1.43286573146293,-0.646241213312216,-0.450241213312216
"8",2.07414829659319,-0.513346169755412,1.43286573146293,-0.646241213312216,-0.450241213312216
"9",2.91583166332665,-0.15495990586882,1.43286573146293,-0.646241213312216,-0.450241213312216
"10",4.15831663326653,0.360679832403668,1.43286573146293,-0.646241213312216,-0.450241213312216
