"","x","yplot","target","ftrue","fwrong"
"1",-4.73947895791583,0.0281817442102867,0.210420841683367,0.8960936422524,1.0920936422524
"2",-4.71943887775551,0.070609800438583,0.210420841683367,0.8960936422524,1.0920936422524
"3",-4.61923847695391,-0.0404592817580834,0.210420841683367,0.8960936422524,1.0920936422524
"4",-4.17835671342685,-0.234712464305486,0.210420841683367,0.8960936422524,1.0920936422524
"5",-3.59719438877756,-0.636542388704156,0.210420841683367,0.8960936422524,1.0920936422524
"6",-3.1563126252505,-0.813177802760243,0.210420841683367,0.8960936422524,1.0920936422524
"7",-3.13627254509018,-0.719883262050151,0.210420841683367,0.8960936422524,1.0920936422524
"8",-3.03607214428858,-0.703690901557337,0.210420841683367,0.8960936422524,1.0920936422524
"9",-2.77555110220441,-0.734895769892079,0.210420841683367,0.8960936422524,1.0920936422524
"10",-2.43486973947896,-0.545001742809468,0.210420841683367,0.8960936422524,1.0920936422524
"11",-2.17434869739479,-0.34183235531688,0.210420841683367,0.8960936422524,1.0920936422524
"12",-1.93386773547094,-0.555982041958936,0.210420841683367,0.8960936422524,1.0920936422524
"13",-1.8937875751503,-0.325608459460059,0.210420841683367,0.8960936422524,1.0920936422524
"14",-0.95190380761523,0.528836989335996,0.210420841683367,0.8960936422524,1.0920936422524
"15",-0.671342685370742,0.813238181882805,0.210420841683367,0.8960936422524,1.0920936422524
"16",-0.450901803607215,0.810626921263072,0.210420841683367,0.8960936422524,1.0920936422524
"17",-0.250501002004008,0.83239501202733,0.210420841683367,0.8960936422524,1.0920936422524
"18",-0.150300601202405,0.988529849059032,0.210420841683367,0.8960936422524,1.0920936422524
"19",0.0501002004008013,0.695819252384694,0.210420841683367,0.8960936422524,1.0920936422524
"20",0.150300601202405,0.943825734315892,0.210420841683367,0.8960936422524,1.0920936422524
"21",0.170340681362725,1.03419221715862,0.210420841683367,0.8960936422524,1.0920936422524
"22",0.591182364729459,0.747067673029231,0.210420841683367,0.8960936422524,1.0920936422524
"23",0.611222444889779,0.843160518670115,0.210420841683367,0.8960936422524,1.0920936422524
"24",0.651302605210421,0.654175616123219,0.210420841683367,0.8960936422524,1.0920936422524
"25",0.731462925851703,0.700203328908784,0.210420841683367,0.8960936422524,1.0920936422524
"26",1.13226452905812,0.418356686387598,0.210420841683367,0.8960936422524,1.0920936422524
"27",1.25250501002004,0.525640289406913,0.210420841683367,0.8960936422524,1.0920936422524
"28",1.47294589178357,0.312998100433463,0.210420841683367,0.8960936422524,1.0920936422524
"29",1.65330661322645,0.173493244655296,0.210420841683367,0.8960936422524,1.0920936422524
"30",1.71342685370741,0.223561438846399,0.210420841683367,0.8960936422524,1.0920936422524
"31",2.01402805611222,-0.0960083801782758,0.210420841683367,0.8960936422524,1.0920936422524
"32",2.17434869739479,0.172843102035282,0.210420841683367,0.8960936422524,1.0920936422524
"33",2.95591182364729,-0.395746374869177,0.210420841683367,0.8960936422524,1.0920936422524
"34",2.99599198396794,-0.361997371549691,0.210420841683367,0.8960936422524,1.0920936422524
"35",3.17635270541082,-0.290339996872798,0.210420841683367,0.8960936422524,1.0920936422524
"36",3.47695390781563,-0.235600347263335,0.210420841683367,0.8960936422524,1.0920936422524
"37",4.01803607214429,-0.259087729448457,0.210420841683367,0.8960936422524,1.0920936422524
"38",4.09819639278557,-0.407179218897192,0.210420841683367,0.8960936422524,1.0920936422524
"39",4.11823647294589,-0.336984267620527,0.210420841683367,0.8960936422524,1.0920936422524
"40",4.75951903807615,-0.35211505628904,0.210420841683367,0.8960936422524,1.0920936422524
