"","x","yplot","target","ftrue","fwrong"
"1",-4.95991983967936,0.808049866376343,-1.59318637274549,0.606338733614299,0.802338733614299
"2",-4.79959919839679,1.01008853189556,-1.59318637274549,0.606338733614299,0.802338733614299
"3",-4.73947895791583,0.943909601863423,-1.59318637274549,0.606338733614299,0.802338733614299
"4",-4.37875751503006,0.849855371212447,-1.59318637274549,0.606338733614299,0.802338733614299
"5",-4.15831663326653,0.931585293580937,-1.59318637274549,0.606338733614299,0.802338733614299
"6",-3.87775551102204,0.940621750645198,-1.59318637274549,0.606338733614299,0.802338733614299
"7",-3.49699398797595,0.790589384894741,-1.59318637274549,0.606338733614299,0.802338733614299
"8",-3.03607214428858,0.935930222766437,-1.59318637274549,0.606338733614299,0.802338733614299
"9",-2.55511022044088,0.684921189428329,-1.59318637274549,0.606338733614299,0.802338733614299
"10",-2.49498997995992,1.046612223985,-1.59318637274549,0.606338733614299,0.802338733614299
"11",-2.45490981963928,1.08835381474701,-1.59318637274549,0.606338733614299,0.802338733614299
"12",-2.41482965931864,0.61807814003479,-1.59318637274549,0.606338733614299,0.802338733614299
"13",-2.33466933867735,0.777419885731454,-1.59318637274549,0.606338733614299,0.802338733614299
"14",-1.95390781563126,0.773115402338534,-1.59318637274549,0.606338733614299,0.802338733614299
"15",-1.61322645290581,0.699034362863399,-1.59318637274549,0.606338733614299,0.802338733614299
"16",-1.17234468937876,0.399765361833074,-1.59318637274549,0.606338733614299,0.802338733614299
"17",-1.07214428857715,0.35165515859584,-1.59318637274549,0.606338733614299,0.802338733614299
"18",-0.971943887775551,0.297606899781868,-1.59318637274549,0.606338733614299,0.802338733614299
"19",-0.691382765531062,0.200552620500104,-1.59318637274549,0.606338733614299,0.802338733614299
"20",-0.61122244488978,0.102897622701903,-1.59318637274549,0.606338733614299,0.802338733614299
"21",-0.430861723446894,0.317198310861819,-1.59318637274549,0.606338733614299,0.802338733614299
"22",-0.410821643286574,0.0870966269174618,-1.59318637274549,0.606338733614299,0.802338733614299
"23",-0.0100200400801604,-0.00909385725429832,-1.59318637274549,0.606338733614299,0.802338733614299
"24",0.0300601202404804,-0.163012116300332,-1.59318637274549,0.606338733614299,0.802338733614299
"25",0.210420841683367,0.00674788032180829,-1.59318637274549,0.606338733614299,0.802338733614299
"26",0.410821643286573,-0.217180503978681,-1.59318637274549,0.606338733614299,0.802338733614299
"27",0.430861723446894,-0.143581800727162,-1.59318637274549,0.606338733614299,0.802338733614299
"28",0.971943887775551,-0.107829770158157,-1.59318637274549,0.606338733614299,0.802338733614299
"29",0.991983967935871,-0.307877282228331,-1.59318637274549,0.606338733614299,0.802338733614299
"30",1.09218436873747,-0.262687117920743,-1.59318637274549,0.606338733614299,0.802338733614299
"31",1.1122244488978,-0.428989757948909,-1.59318637274549,0.606338733614299,0.802338733614299
"32",1.65330661322645,-0.452292808139759,-1.59318637274549,0.606338733614299,0.802338733614299
"33",2.29458917835671,-0.59131187413382,-1.59318637274549,0.606338733614299,0.802338733614299
"34",2.69539078156313,-0.325325446312281,-1.59318637274549,0.606338733614299,0.802338733614299
"35",4.25851703406814,0.184006056967877,-1.59318637274549,0.606338733614299,0.802338733614299
"36",4.4188376753507,0.0165664754537372,-1.59318637274549,0.606338733614299,0.802338733614299
"37",4.43887775551102,-0.0342958084254075,-1.59318637274549,0.606338733614299,0.802338733614299
"38",4.47895791583166,0.0819929424378681,-1.59318637274549,0.606338733614299,0.802338733614299
"39",4.5190380761523,-0.14434565190812,-1.59318637274549,0.606338733614299,0.802338733614299
"40",4.93987975951904,-0.284645885384302,-1.59318637274549,0.606338733614299,0.802338733614299
