"","x","yplot","target","ftrue","fwrong"
"1",-5,0.480990275127881,-2.33466933867735,-0.670863911994297,-0.866863911994297
"2",-4.53907815631263,0.047116845672261,-2.33466933867735,-0.670863911994297,-0.866863911994297
"3",-4.17835671342685,0.00695205502141668,-2.33466933867735,-0.670863911994297,-0.866863911994297
"4",-4.13827655310621,-0.0406655999561298,-2.33466933867735,-0.670863911994297,-0.866863911994297
"5",-4.01803607214429,-0.151566727100082,-2.33466933867735,-0.670863911994297,-0.866863911994297
"6",-3.99799599198397,-0.0723775935304025,-2.33466933867735,-0.670863911994297,-0.866863911994297
"7",-3.71743486973948,-0.299987604338499,-2.33466933867735,-0.670863911994297,-0.866863911994297
"8",-3.13627254509018,-0.425637640513571,-2.33466933867735,-0.670863911994297,-0.866863911994297
"9",-3.01603206412826,-0.646268486921072,-2.33466933867735,-0.670863911994297,-0.866863911994297
"10",-2.93587174348697,-0.581571950423648,-2.33466933867735,-0.670863911994297,-0.866863911994297
"11",-2.81563126252505,-0.7153707508778,-2.33466933867735,-0.670863911994297,-0.866863911994297
"12",-2.79559118236473,-0.716980238423143,-2.33466933867735,-0.670863911994297,-0.866863911994297
"13",-2.5751503006012,-0.622219255168375,-2.33466933867735,-0.670863911994297,-0.866863911994297
"14",-2.49498997995992,-0.700690809158283,-2.33466933867735,-0.670863911994297,-0.866863911994297
"15",-2.25450901803607,-0.748421542696542,-2.33466933867735,-0.670863911994297,-0.866863911994297
"16",-2.13426853707415,-0.90040405664644,-2.33466933867735,-0.670863911994297,-0.866863911994297
"17",-1.71342685370742,-0.654671973284609,-2.33466933867735,-0.670863911994297,-0.866863911994297
"18",-1.63326653306613,-0.715706712754803,-2.33466933867735,-0.670863911994297,-0.866863911994297
"19",-1.55310621242485,-0.499095465738981,-2.33466933867735,-0.670863911994297,-0.866863911994297
"20",-1.43286573146293,-0.49774485837732,-2.33466933867735,-0.670863911994297,-0.866863911994297
"21",-1.41282565130261,-0.559387433104984,-2.33466933867735,-0.670863911994297,-0.866863911994297
"22",-1.39278557114228,-0.634469917096388,-2.33466933867735,-0.670863911994297,-0.866863911994297
"23",-1.33266533066132,-0.504641042734796,-2.33466933867735,-0.670863911994297,-0.866863911994297
"24",-0.93186372745491,-0.221482849299844,-2.33466933867735,-0.670863911994297,-0.866863911994297
"25",-0.811623246492986,-0.214314105016883,-2.33466933867735,-0.670863911994297,-0.866863911994297
"26",-0.791583166332665,-0.309405071675204,-2.33466933867735,-0.670863911994297,-0.866863911994297
"27",-0.370741482965932,-0.00949254127209002,-2.33466933867735,-0.670863911994297,-0.866863911994297
"28",0.230460921843687,0.294667453297314,-2.33466933867735,-0.670863911994297,-0.866863911994297
"29",0.470941883767535,0.403112524547167,-2.33466933867735,-0.670863911994297,-0.866863911994297
"30",0.611222444889779,0.218379603346589,-2.33466933867735,-0.670863911994297,-0.866863911994297
"31",0.93186372745491,0.479676070440804,-2.33466933867735,-0.670863911994297,-0.866863911994297
"32",1.2124248496994,0.661774014238481,-2.33466933867735,-0.670863911994297,-0.866863911994297
"33",1.312625250501,0.699415765779908,-2.33466933867735,-0.670863911994297,-0.866863911994297
"34",1.97394789579158,0.820215332539496,-2.33466933867735,-0.670863911994297,-0.866863911994297
"35",2.07414829659319,0.94415587171429,-2.33466933867735,-0.670863911994297,-0.866863911994297
"36",2.59519038076152,0.731576029402539,-2.33466933867735,-0.670863911994297,-0.866863911994297
"37",2.83567134268537,0.864151290999474,-2.33466933867735,-0.670863911994297,-0.866863911994297
"38",2.85571142284569,0.703468700957479,-2.33466933867735,-0.670863911994297,-0.866863911994297
"39",2.93587174348697,0.824838676616117,-2.33466933867735,-0.670863911994297,-0.866863911994297
"40",3.01603206412826,0.674382046044126,-2.33466933867735,-0.670863911994297,-0.866863911994297
"41",3.39679358717435,0.644375076788839,-2.33466933867735,-0.670863911994297,-0.866863911994297
"42",3.93787575150301,0.329669562606087,-2.33466933867735,-0.670863911994297,-0.866863911994297
"43",4.17835671342685,0.255696871270016,-2.33466933867735,-0.670863911994297,-0.866863911994297
"44",4.21843687374749,0.30786762652251,-2.33466933867735,-0.670863911994297,-0.866863911994297
"45",4.27855711422846,0.299807446201384,-2.33466933867735,-0.670863911994297,-0.866863911994297
"46",4.37875751503006,0.092435244706308,-2.33466933867735,-0.670863911994297,-0.866863911994297
"47",4.49899799599198,0.247762339674938,-2.33466933867735,-0.670863911994297,-0.866863911994297
"48",4.53907815631263,0.232635397403365,-2.33466933867735,-0.670863911994297,-0.866863911994297
"49",4.55911823647295,0.255693259081747,-2.33466933867735,-0.670863911994297,-0.866863911994297
"50",4.69939879759519,0.198152187544449,-2.33466933867735,-0.670863911994297,-0.866863911994297
