"","x","yplot","target","ftrue","fwrong"
"1",-3.67735470941884,-0.032606173982571,-1.49298597194389,-0.581846176457995,-0.385846176457995
"2",-3.59719438877756,0.0358093704393736,-1.49298597194389,-0.581846176457995,-0.385846176457995
"3",-3.53707414829659,0.0173570264055872,-1.49298597194389,-0.581846176457995,-0.385846176457995
"4",-2.33466933867735,-0.4398931618528,-1.49298597194389,-0.581846176457995,-0.385846176457995
"5",-1.17234468937876,-0.448519508339782,-1.49298597194389,-0.581846176457995,-0.385846176457995
"6",-0.93186372745491,-0.595974043907282,-1.49298597194389,-0.581846176457995,-0.385846176457995
"7",0.230460921843687,-0.164053150526685,-1.49298597194389,-0.581846176457995,-0.385846176457995
"8",0.571142284569138,0.159927196069596,-1.49298597194389,-0.581846176457995,-0.385846176457995
"9",1.35270541082164,0.36631807548088,-1.49298597194389,-0.581846176457995,-0.385846176457995
"10",1.49298597194389,0.369396158013342,-1.49298597194389,-0.581846176457995,-0.385846176457995
