"","x","yplot","target","ftrue","fwrong"
"1",-3.8376753507014,0.584228038814664,2.53507014028056,-0.394364499065274,-0.198364499065274
"2",-2.29458917835671,0.925634202440174,2.53507014028056,-0.394364499065274,-0.198364499065274
"3",-2.13426853707415,0.761114937218899,2.53507014028056,-0.394364499065274,-0.198364499065274
"4",0.33066132264529,0.690219608908684,2.53507014028056,-0.394364499065274,-0.198364499065274
"5",0.611222444889779,0.455252173540244,2.53507014028056,-0.394364499065274,-0.198364499065274
"6",0.771543086172344,0.378746668667455,2.53507014028056,-0.394364499065274,-0.198364499065274
"7",0.991983967935871,0.244982749267219,2.53507014028056,-0.394364499065274,-0.198364499065274
"8",1.51302605210421,-0.0131211075870978,2.53507014028056,-0.394364499065274,-0.198364499065274
"9",1.57314629258517,0.0396155483247775,2.53507014028056,-0.394364499065274,-0.198364499065274
"10",1.73346693386774,-0.102820506166125,2.53507014028056,-0.394364499065274,-0.198364499065274
"11",1.75350701402806,-0.115577121037335,2.53507014028056,-0.394364499065274,-0.198364499065274
"12",1.91382765531062,-0.256045111634331,2.53507014028056,-0.394364499065274,-0.198364499065274
"13",1.97394789579158,-0.265949654322652,2.53507014028056,-0.394364499065274,-0.198364499065274
"14",2.03406813627254,-0.24823133282085,2.53507014028056,-0.394364499065274,-0.198364499065274
"15",2.05410821643287,-0.12571770988032,2.53507014028056,-0.394364499065274,-0.198364499065274
"16",2.27454909819639,-0.349248269363932,2.53507014028056,-0.394364499065274,-0.198364499065274
"17",2.31462925851703,-0.399776657300013,2.53507014028056,-0.394364499065274,-0.198364499065274
"18",2.33466933867735,-0.406059587638683,2.53507014028056,-0.394364499065274,-0.198364499065274
"19",2.45490981963928,-0.419497221923509,2.53507014028056,-0.394364499065274,-0.198364499065274
"20",2.49498997995992,-0.216950773059754,2.53507014028056,-0.394364499065274,-0.198364499065274
"21",2.51503006012024,-0.2428159240888,2.53507014028056,-0.394364499065274,-0.198364499065274
"22",2.5751503006012,-0.358325470543459,2.53507014028056,-0.394364499065274,-0.198364499065274
"23",2.99599198396794,-0.286238617973947,2.53507014028056,-0.394364499065274,-0.198364499065274
"24",3.1563126252505,-0.536970768262017,2.53507014028056,-0.394364499065274,-0.198364499065274
"25",3.17635270541082,-0.338771623198733,2.53507014028056,-0.394364499065274,-0.198364499065274
"26",3.21643286573146,-0.389969420962962,2.53507014028056,-0.394364499065274,-0.198364499065274
"27",3.41683366733467,-0.268099029820314,2.53507014028056,-0.394364499065274,-0.198364499065274
"28",3.45691382765531,-0.245957370558175,2.53507014028056,-0.394364499065274,-0.198364499065274
"29",3.51703406813627,-0.0487069796806495,2.53507014028056,-0.394364499065274,-0.198364499065274
"30",4.11823647294589,-0.224853527308795,2.53507014028056,-0.394364499065274,-0.198364499065274
