"","x","yplot","target","ftrue","fwrong"
"1",-4.87975951903808,0.342502823547892,-4.71943887775551,0.31851715114184,0.51451715114184
"2",-4.79959919839679,0.239013269815201,-4.71943887775551,0.31851715114184,0.51451715114184
"3",-4.73947895791583,0.3979159873458,-4.71943887775551,0.31851715114184,0.51451715114184
"4",-4.71943887775551,0.331626839787187,-4.71943887775551,0.31851715114184,0.51451715114184
"5",-4.61923847695391,0.220688502997305,-4.71943887775551,0.31851715114184,0.51451715114184
"6",-4.57915831663327,0.333746241929359,-4.71943887775551,0.31851715114184,0.51451715114184
"7",-4.53907815631263,0.240776344719112,-4.71943887775551,0.31851715114184,0.51451715114184
"8",-4.51903807615231,0.348506201300385,-4.71943887775551,0.31851715114184,0.51451715114184
"9",-4.3186372745491,0.407360174462173,-4.71943887775551,0.31851715114184,0.51451715114184
"10",-4.29859719438878,0.219817654016158,-4.71943887775551,0.31851715114184,0.51451715114184
"11",-4.25851703406814,0.20153368315699,-4.71943887775551,0.31851715114184,0.51451715114184
"12",-4.05811623246493,0.202348344635748,-4.71943887775551,0.31851715114184,0.51451715114184
"13",-4.03807615230461,0.191371637092049,-4.71943887775551,0.31851715114184,0.51451715114184
"14",-3.81763527054108,-0.0858693643343216,-4.71943887775551,0.31851715114184,0.51451715114184
"15",-3.79759519038076,0.0480114725378724,-4.71943887775551,0.31851715114184,0.51451715114184
"16",-3.69739478957916,0.108884106711168,-4.71943887775551,0.31851715114184,0.51451715114184
"17",-3.19639278557114,0.00638489813903173,-4.71943887775551,0.31851715114184,0.51451715114184
"18",-3.11623246492986,-0.129015741715768,-4.71943887775551,0.31851715114184,0.51451715114184
"19",-2.95591182364729,-0.0383670586450807,-4.71943887775551,0.31851715114184,0.51451715114184
"20",-2.81563126252505,0.129303946251632,-4.71943887775551,0.31851715114184,0.51451715114184
"21",-2.75551102204409,-0.109778967917677,-4.71943887775551,0.31851715114184,0.51451715114184
"22",-2.51503006012024,0.070728861998295,-4.71943887775551,0.31851715114184,0.51451715114184
"23",-1.8937875751503,-0.104795991618515,-4.71943887775551,0.31851715114184,0.51451715114184
"24",-1.57314629258517,-0.226307077669498,-4.71943887775551,0.31851715114184,0.51451715114184
"25",-1.53306613226453,-0.265339846130343,-4.71943887775551,0.31851715114184,0.51451715114184
"26",-1.29258517034068,-0.116073408833694,-4.71943887775551,0.31851715114184,0.51451715114184
"27",-1.2124248496994,-0.115463473524654,-4.71943887775551,0.31851715114184,0.51451715114184
"28",-1.19238476953908,-0.391665636528596,-4.71943887775551,0.31851715114184,0.51451715114184
"29",-1.15230460921844,-0.20629589170203,-4.71943887775551,0.31851715114184,0.51451715114184
"30",-0.691382765531062,-0.146454727642841,-4.71943887775551,0.31851715114184,0.51451715114184
"31",-0.450901803607215,-0.269824056769952,-4.71943887775551,0.31851715114184,0.51451715114184
"32",-0.130260521042084,-0.344700391776916,-4.71943887775551,0.31851715114184,0.51451715114184
"33",-0.0701402805611222,-0.22773848782875,-4.71943887775551,0.31851715114184,0.51451715114184
"34",0.370741482965932,-0.521661327400746,-4.71943887775551,0.31851715114184,0.51451715114184
"35",0.511022044088176,-0.447314276030336,-4.71943887775551,0.31851715114184,0.51451715114184
"36",1.01202404809619,-0.567002234125895,-4.71943887775551,0.31851715114184,0.51451715114184
"37",1.37274549098196,-0.399950555689272,-4.71943887775551,0.31851715114184,0.51451715114184
"38",1.51302605210421,-0.287504773626271,-4.71943887775551,0.31851715114184,0.51451715114184
"39",2.15430861723447,-0.52147088057155,-4.71943887775551,0.31851715114184,0.51451715114184
"40",2.25450901803607,-0.541432390669472,-4.71943887775551,0.31851715114184,0.51451715114184
"41",2.69539078156313,-0.513711305391316,-4.71943887775551,0.31851715114184,0.51451715114184
"42",2.83567134268537,-0.623863325091867,-4.71943887775551,0.31851715114184,0.51451715114184
"43",2.91583166332665,-0.576319779251945,-4.71943887775551,0.31851715114184,0.51451715114184
"44",2.93587174348697,-0.667067395898425,-4.71943887775551,0.31851715114184,0.51451715114184
"45",3.13627254509018,-0.825907977479096,-4.71943887775551,0.31851715114184,0.51451715114184
"46",3.49699398797595,-0.852076458515127,-4.71943887775551,0.31851715114184,0.51451715114184
"47",4.33867735470942,-0.900488719151172,-4.71943887775551,0.31851715114184,0.51451715114184
"48",4.39879759519038,-0.77442680635523,-4.71943887775551,0.31851715114184,0.51451715114184
"49",4.85971943887776,-1.01276618909473,-4.71943887775551,0.31851715114184,0.51451715114184
"50",5,-0.732414535342153,-4.71943887775551,0.31851715114184,0.51451715114184
