"","x","yplot","target","ftrue","fwrong"
"1",-3.6372745490982,0.764803513915064,4.67935871743487,-0.508542831493409,-0.704542831493409
"2",-2.69539078156313,0.895594809067584,4.67935871743487,-0.508542831493409,-0.704542831493409
"3",-1.65330661322645,0.172672168663727,4.67935871743487,-0.508542831493409,-0.704542831493409
"4",-1.63326653306613,0.0147302608691909,4.67935871743487,-0.508542831493409,-0.704542831493409
"5",-0.91182364729459,-0.367879003270606,4.67935871743487,-0.508542831493409,-0.704542831493409
"6",-0.230460921843687,-0.644660914612814,4.67935871743487,-0.508542831493409,-0.704542831493409
"7",2.05410821643287,-0.311381405158104,4.67935871743487,-0.508542831493409,-0.704542831493409
"8",3.91783567134268,-0.341120762004835,4.67935871743487,-0.508542831493409,-0.704542831493409
"9",4.57915831663327,-0.403832439859055,4.67935871743487,-0.508542831493409,-0.704542831493409
"10",4.67935871743487,-0.47039487057243,4.67935871743487,-0.508542831493409,-0.704542831493409
