"","x","yplot","target","ftrue","fwrong"
"1",-4.87975951903808,0.847529233683614,-4.3186372745491,0.705238563131648,0.901238563131648
"2",-4.83967935871743,0.905020059723702,-4.3186372745491,0.705238563131648,0.901238563131648
"3",-4.75951903807615,0.899511902867501,-4.3186372745491,0.705238563131648,0.901238563131648
"4",-4.65931863727455,0.863426397380418,-4.3186372745491,0.705238563131648,0.901238563131648
"5",-4.57915831663327,0.711305572441903,-4.3186372745491,0.705238563131648,0.901238563131648
"6",-4.47895791583166,0.617419404189336,-4.3186372745491,0.705238563131648,0.901238563131648
"7",-4.4188376753507,0.70130446950715,-4.3186372745491,0.705238563131648,0.901238563131648
"8",-4.03807615230461,0.846089422076688,-4.3186372745491,0.705238563131648,0.901238563131648
"9",-4.01803607214429,0.711784665188463,-4.3186372745491,0.705238563131648,0.901238563131648
"10",-3.89779559118236,0.506256321782909,-4.3186372745491,0.705238563131648,0.901238563131648
"11",-3.47695390781563,0.5842920960296,-4.3186372745491,0.705238563131648,0.901238563131648
"12",-3.35671342685371,0.478995492032281,-4.3186372745491,0.705238563131648,0.901238563131648
"13",-2.89579158316633,0.396270411919427,-4.3186372745491,0.705238563131648,0.901238563131648
"14",-2.29458917835671,0.234864917227437,-4.3186372745491,0.705238563131648,0.901238563131648
"15",-2.15430861723447,0.457004504139841,-4.3186372745491,0.705238563131648,0.901238563131648
"16",-1.8937875751503,0.208195482629013,-4.3186372745491,0.705238563131648,0.901238563131648
"17",-1.85370741482966,0.198699130303683,-4.3186372745491,0.705238563131648,0.901238563131648
"18",-1.63326653306613,0.233738273235313,-4.3186372745491,0.705238563131648,0.901238563131648
"19",-1.47294589178357,0.0279054213269954,-4.3186372745491,0.705238563131648,0.901238563131648
"20",-1.2124248496994,0.125472628155872,-4.3186372745491,0.705238563131648,0.901238563131648
"21",-1.15230460921844,0.0293011720404221,-4.3186372745491,0.705238563131648,0.901238563131648
"22",-0.531062124248497,-0.084496638145296,-4.3186372745491,0.705238563131648,0.901238563131648
"23",-0.511022044088176,-0.198861429126034,-4.3186372745491,0.705238563131648,0.901238563131648
"24",0.130260521042084,-0.2543195889933,-4.3186372745491,0.705238563131648,0.901238563131648
"25",0.250501002004007,-0.167913195309232,-4.3186372745491,0.705238563131648,0.901238563131648
"26",0.551102204408817,-0.0543252655232168,-4.3186372745491,0.705238563131648,0.901238563131648
"27",0.651302605210421,-0.32942483500401,-4.3186372745491,0.705238563131648,0.901238563131648
"28",1.09218436873747,-0.326210135155018,-4.3186372745491,0.705238563131648,0.901238563131648
"29",1.23246492985972,-0.293622259300485,-4.3186372745491,0.705238563131648,0.901238563131648
"30",1.77354709418838,-0.579843391701304,-4.3186372745491,0.705238563131648,0.901238563131648
"31",1.9939879759519,-0.275522265880927,-4.3186372745491,0.705238563131648,0.901238563131648
"32",2.63527054108216,-0.792638067999856,-4.3186372745491,0.705238563131648,0.901238563131648
"33",2.79559118236473,-0.553798209097111,-4.3186372745491,0.705238563131648,0.901238563131648
"34",3.41683366733467,-0.804477946313421,-4.3186372745491,0.705238563131648,0.901238563131648
"35",3.95791583166333,-0.669424526097671,-4.3186372745491,0.705238563131648,0.901238563131648
"36",4.13827655310621,-0.697884849116476,-4.3186372745491,0.705238563131648,0.901238563131648
"37",4.15831663326653,-0.868309350703621,-4.3186372745491,0.705238563131648,0.901238563131648
"38",4.4188376753507,-0.786990796361104,-4.3186372745491,0.705238563131648,0.901238563131648
"39",4.73947895791583,-0.787386360058073,-4.3186372745491,0.705238563131648,0.901238563131648
"40",4.77955911823647,-0.603482416248182,-4.3186372745491,0.705238563131648,0.901238563131648
