"","x","yplot","target","ftrue","fwrong"
"1",-4.87975951903808,0.426948021773455,-3.45691382765531,-0.585402119451777,-0.781402119451777
"2",-4.79959919839679,0.384345590486506,-3.45691382765531,-0.585402119451777,-0.781402119451777
"3",-4.35871743486974,0.0636290318195314,-3.45691382765531,-0.585402119451777,-0.781402119451777
"4",-4.33867735470942,0.142933026804042,-3.45691382765531,-0.585402119451777,-0.781402119451777
"5",-4.3186372745491,0.0659571780365175,-3.45691382765531,-0.585402119451777,-0.781402119451777
"6",-4.27855711422846,-0.11615685847872,-3.45691382765531,-0.585402119451777,-0.781402119451777
"7",-4.25851703406814,-0.0246954265998418,-3.45691382765531,-0.585402119451777,-0.781402119451777
"8",-4.23847695390782,0.048865652877528,-3.45691382765531,-0.585402119451777,-0.781402119451777
"9",-4.13827655310621,0.0311285615702919,-3.45691382765531,-0.585402119451777,-0.781402119451777
"10",-4.09819639278557,-0.23558933287802,-3.45691382765531,-0.585402119451777,-0.781402119451777
"11",-3.95791583166333,-0.447376773430573,-3.45691382765531,-0.585402119451777,-0.781402119451777
"12",-3.93787575150301,-0.291390330737458,-3.45691382765531,-0.585402119451777,-0.781402119451777
"13",-3.87775551102204,-0.298571329591938,-3.45691382765531,-0.585402119451777,-0.781402119451777
"14",-3.85771543086172,-0.208257234744205,-3.45691382765531,-0.585402119451777,-0.781402119451777
"15",-3.8376753507014,-0.400000722439815,-3.45691382765531,-0.585402119451777,-0.781402119451777
"16",-3.77755511022044,-0.365412289695902,-3.45691382765531,-0.585402119451777,-0.781402119451777
"17",-3.75751503006012,-0.403423294290147,-3.45691382765531,-0.585402119451777,-0.781402119451777
"18",-3.7374749498998,-0.389880525889435,-3.45691382765531,-0.585402119451777,-0.781402119451777
"19",-3.69739478957916,-0.384987985416087,-3.45691382765531,-0.585402119451777,-0.781402119451777
"20",-3.65731462925852,-0.513165380384435,-3.45691382765531,-0.585402119451777,-0.781402119451777
"21",-3.61723446893788,-0.547296406027759,-3.45691382765531,-0.585402119451777,-0.781402119451777
"22",-3.47695390781563,-0.452876366361875,-3.45691382765531,-0.585402119451777,-0.781402119451777
"23",-3.45691382765531,-0.61558071098158,-3.45691382765531,-0.585402119451777,-0.781402119451777
"24",-3.43687374749499,-0.631548612323253,-3.45691382765531,-0.585402119451777,-0.781402119451777
"25",-3.33667334669339,-0.464588946501395,-3.45691382765531,-0.585402119451777,-0.781402119451777
"26",-3.17635270541082,-0.592245188739034,-3.45691382765531,-0.585402119451777,-0.781402119451777
"27",-3.0561122244489,-0.774554452180538,-3.45691382765531,-0.585402119451777,-0.781402119451777
"28",-3.01603206412826,-0.666494089939579,-3.45691382765531,-0.585402119451777,-0.781402119451777
"29",-2.91583166332665,-1.02737306874248,-3.45691382765531,-0.585402119451777,-0.781402119451777
"30",-2.81563126252505,-0.995398722980386,-3.45691382765531,-0.585402119451777,-0.781402119451777
"31",-2.79559118236473,-0.678913716280163,-3.45691382765531,-0.585402119451777,-0.781402119451777
"32",-2.77555110220441,-0.934189514229057,-3.45691382765531,-0.585402119451777,-0.781402119451777
"33",-2.75551102204409,-0.784782084566416,-3.45691382765531,-0.585402119451777,-0.781402119451777
"34",-2.69539078156313,-0.868470156332625,-3.45691382765531,-0.585402119451777,-0.781402119451777
"35",-2.65531062124249,-0.821198996400561,-3.45691382765531,-0.585402119451777,-0.781402119451777
"36",-2.63527054108216,-0.984342995585675,-3.45691382765531,-0.585402119451777,-0.781402119451777
"37",-2.5751503006012,-0.929534480667059,-3.45691382765531,-0.585402119451777,-0.781402119451777
"38",-1.55310621242485,-0.813573018281227,-3.45691382765531,-0.585402119451777,-0.781402119451777
"39",-0.731462925851703,-0.852656451604458,-3.45691382765531,-0.585402119451777,-0.781402119451777
"40",0.290581162324649,-0.633675840709268,-3.45691382765531,-0.585402119451777,-0.781402119451777
"41",0.410821643286573,-0.586708073979101,-3.45691382765531,-0.585402119451777,-0.781402119451777
"42",2.01402805611222,0.363123553565674,-3.45691382765531,-0.585402119451777,-0.781402119451777
"43",2.31462925851703,0.703189756235795,-3.45691382765531,-0.585402119451777,-0.781402119451777
"44",2.87575150300601,0.878559390875759,-3.45691382765531,-0.585402119451777,-0.781402119451777
"45",3.03607214428858,0.807442085064731,-3.45691382765531,-0.585402119451777,-0.781402119451777
"46",3.0561122244489,0.922211824173147,-3.45691382765531,-0.585402119451777,-0.781402119451777
"47",3.65731462925852,0.756595804756033,-3.45691382765531,-0.585402119451777,-0.781402119451777
"48",3.99799599198397,0.622233835855279,-3.45691382765531,-0.585402119451777,-0.781402119451777
"49",4.53907815631263,0.47664044826322,-3.45691382765531,-0.585402119451777,-0.781402119451777
"50",4.67935871743487,0.320237343676758,-3.45691382765531,-0.585402119451777,-0.781402119451777
