"","x","yplot","target","ftrue","fwrong"
"1",-5,-0.787954581842395,-4.19839679358717,-0.666912722631482,-0.862912722631482
"2",-4.97995991983968,-0.552764902252192,-4.19839679358717,-0.666912722631482,-0.862912722631482
"3",-4.83967935871743,-0.56456317775716,-4.19839679358717,-0.666912722631482,-0.862912722631482
"4",-4.77955911823647,-0.781433719945035,-4.19839679358717,-0.666912722631482,-0.862912722631482
"5",-4.69939879759519,-0.719396859137325,-4.19839679358717,-0.666912722631482,-0.862912722631482
"6",-4.67935871743487,-0.6624106887456,-4.19839679358717,-0.666912722631482,-0.862912722631482
"7",-4.57915831663327,-0.782377413496435,-4.19839679358717,-0.666912722631482,-0.862912722631482
"8",-4.45891783567134,-0.73224715589239,-4.19839679358717,-0.666912722631482,-0.862912722631482
"9",-4.43887775551102,-0.703706180832191,-4.19839679358717,-0.666912722631482,-0.862912722631482
"10",-4.4188376753507,-0.535579769858593,-4.19839679358717,-0.666912722631482,-0.862912722631482
"11",-4.37875751503006,-0.806371729908338,-4.19839679358717,-0.666912722631482,-0.862912722631482
"12",-4.35871743486974,-0.890704553346243,-4.19839679358717,-0.666912722631482,-0.862912722631482
"13",-4.3186372745491,-0.731267567660214,-4.19839679358717,-0.666912722631482,-0.862912722631482
"14",-4.07815631262525,-0.635272174744779,-4.19839679358717,-0.666912722631482,-0.862912722631482
"15",-3.97795591182365,-0.666997062637168,-4.19839679358717,-0.666912722631482,-0.862912722631482
"16",-3.95791583166333,-0.601162305107373,-4.19839679358717,-0.666912722631482,-0.862912722631482
"17",-3.8376753507014,-0.824692014508842,-4.19839679358717,-0.666912722631482,-0.862912722631482
"18",-3.81763527054108,-0.60466275298606,-4.19839679358717,-0.666912722631482,-0.862912722631482
"19",-3.79759519038076,-0.787738387741329,-4.19839679358717,-0.666912722631482,-0.862912722631482
"20",-3.75751503006012,-0.710672823083726,-4.19839679358717,-0.666912722631482,-0.862912722631482
"21",-3.6372745490982,-0.689348530557498,-4.19839679358717,-0.666912722631482,-0.862912722631482
"22",-3.59719438877756,-0.56424695975805,-4.19839679358717,-0.666912722631482,-0.862912722631482
"23",-3.57715430861723,-0.622584606676856,-4.19839679358717,-0.666912722631482,-0.862912722631482
"24",-3.55711422845691,-0.542482507896958,-4.19839679358717,-0.666912722631482,-0.862912722631482
"25",-3.53707414829659,-0.561583770684149,-4.19839679358717,-0.666912722631482,-0.862912722631482
"26",-3.51703406813627,-0.63350289315316,-4.19839679358717,-0.666912722631482,-0.862912722631482
"27",-3.47695390781563,-0.735121963607448,-4.19839679358717,-0.666912722631482,-0.862912722631482
"28",-3.45691382765531,-0.600760763761489,-4.19839679358717,-0.666912722631482,-0.862912722631482
"29",-3.41683366733467,-0.432929583491357,-4.19839679358717,-0.666912722631482,-0.862912722631482
"30",-3.37675350701403,-0.578650986652594,-4.19839679358717,-0.666912722631482,-0.862912722631482
"31",-3.31663326653307,-0.535621120380817,-4.19839679358717,-0.666912722631482,-0.862912722631482
"32",-3.27655310621242,-0.778921337450863,-4.19839679358717,-0.666912722631482,-0.862912722631482
"33",-3.2565130260521,-0.685838061070234,-4.19839679358717,-0.666912722631482,-0.862912722631482
"34",-3.23647294589178,-0.726496634397833,-4.19839679358717,-0.666912722631482,-0.862912722631482
"35",-3.21643286573146,-0.456134986863552,-4.19839679358717,-0.666912722631482,-0.862912722631482
"36",-2.25450901803607,-0.39512104094338,-4.19839679358717,-0.666912722631482,-0.862912722631482
"37",-1.63326653306613,-0.241548077331812,-4.19839679358717,-0.666912722631482,-0.862912722631482
"38",-1.13226452905812,-0.237741942420111,-4.19839679358717,-0.666912722631482,-0.862912722631482
"39",-0.791583166332665,-0.356925612365558,-4.19839679358717,-0.666912722631482,-0.862912722631482
"40",-0.0501002004008022,-0.243755269065265,-4.19839679358717,-0.666912722631482,-0.862912722631482
"41",0.290581162324649,-0.126274495488297,-4.19839679358717,-0.666912722631482,-0.862912722631482
"42",1.47294589178357,-0.0859765095602165,-4.19839679358717,-0.666912722631482,-0.862912722631482
"43",1.73346693386774,0.0149752010531958,-4.19839679358717,-0.666912722631482,-0.862912722631482
"44",2.71543086172345,0.118481352133132,-4.19839679358717,-0.666912722631482,-0.862912722631482
"45",3.33667334669339,0.109199853447122,-4.19839679358717,-0.666912722631482,-0.862912722631482
"46",3.81763527054108,0.259507942287053,-4.19839679358717,-0.666912722631482,-0.862912722631482
"47",4.09819639278557,0.452480862389953,-4.19839679358717,-0.666912722631482,-0.862912722631482
"48",4.29859719438878,0.228930681485443,-4.19839679358717,-0.666912722631482,-0.862912722631482
"49",4.35871743486974,0.46789053741948,-4.19839679358717,-0.666912722631482,-0.862912722631482
"50",4.93987975951904,0.519263464076749,-4.19839679358717,-0.666912722631482,-0.862912722631482
