"","x","yplot","target","ftrue","fwrong"
"1",-4.83967935871743,0.533514223688533,-4.37875751503006,0.491745395289335,0.295745395289335
"2",-4.43887775551102,0.532243464658437,-4.37875751503006,0.491745395289335,0.295745395289335
"3",-3.89779559118236,0.403693431718921,-4.37875751503006,0.491745395289335,0.295745395289335
"4",-2.81563126252505,-0.524752375437035,-4.37875751503006,0.491745395289335,0.295745395289335
"5",0.651302605210421,-0.246536085160973,-4.37875751503006,0.491745395289335,0.295745395289335
"6",0.971943887775551,-0.163703488255079,-4.37875751503006,0.491745395289335,0.295745395289335
"7",1.1122244488978,0.00701858339836707,-4.37875751503006,0.491745395289335,0.295745395289335
"8",3.17635270541082,0.272444362931367,-4.37875751503006,0.491745395289335,0.295745395289335
"9",3.65731462925852,0.166231505417546,-4.37875751503006,0.491745395289335,0.295745395289335
"10",3.91783567134268,-0.176107837809734,-4.37875751503006,0.491745395289335,0.295745395289335
