"","x","yplot","target","ftrue","fwrong"
"1",-4.61923847695391,-0.625083963016119,-1.55310621242485,-0.128069623934952,0.0679303760650478
"2",-3.65731462925852,-0.740048109167097,-1.55310621242485,-0.128069623934952,0.0679303760650478
"3",-3.41683366733467,-0.564554781544961,-1.55310621242485,-0.128069623934952,0.0679303760650478
"4",-2.07414829659319,-0.289083508620793,-1.55310621242485,-0.128069623934952,0.0679303760650478
"5",-1.85370741482966,-0.207179262359603,-1.55310621242485,-0.128069623934952,0.0679303760650478
"6",-0.811623246492986,0.242390686829087,-1.55310621242485,-0.128069623934952,0.0679303760650478
"7",-0.170340681362726,0.433277180144707,-1.55310621242485,-0.128069623934952,0.0679303760650478
"8",2.4749498997996,1.0747663684454,-1.55310621242485,-0.128069623934952,0.0679303760650478
"9",2.95591182364729,1.06930333522477,-1.55310621242485,-0.128069623934952,0.0679303760650478
"10",3.87775551102204,0.765906926364236,-1.55310621242485,-0.128069623934952,0.0679303760650478
