"","x","yplot","target","ftrue","fwrong"
"1",-5,-0.640020641111403,3.75751503006012,0.456018246749773,0.652018246749773
"2",-4.75951903807615,-0.79615914973556,3.75751503006012,0.456018246749773,0.652018246749773
"3",-4.69939879759519,-0.643341246155334,3.75751503006012,0.456018246749773,0.652018246749773
"4",-4.47895791583166,-0.579895975735733,3.75751503006012,0.456018246749773,0.652018246749773
"5",-4.39879759519038,-0.622977788506384,3.75751503006012,0.456018246749773,0.652018246749773
"6",-4.33867735470942,-0.518599534405504,3.75751503006012,0.456018246749773,0.652018246749773
"7",-3.41683366733467,-0.118265792628426,3.75751503006012,0.456018246749773,0.652018246749773
"8",-3.19639278557114,0.00158162298807883,3.75751503006012,0.456018246749773,0.652018246749773
"9",-3.17635270541082,0.270355517088346,3.75751503006012,0.456018246749773,0.652018246749773
"10",-2.83567134268537,0.28922995263905,3.75751503006012,0.456018246749773,0.652018246749773
"11",-2.51503006012024,0.475743799770321,3.75751503006012,0.456018246749773,0.652018246749773
"12",-2.41482965931864,0.37659610236914,3.75751503006012,0.456018246749773,0.652018246749773
"13",-2.374749498998,0.43920590642688,3.75751503006012,0.456018246749773,0.652018246749773
"14",-2.03406813627255,0.554184997271749,3.75751503006012,0.456018246749773,0.652018246749773
"15",-1.97394789579158,0.429796299653657,3.75751503006012,0.456018246749773,0.652018246749773
"16",-1.57314629258517,0.594204816155867,3.75751503006012,0.456018246749773,0.652018246749773
"17",-1.55310621242485,0.627641966437453,3.75751503006012,0.456018246749773,0.652018246749773
"18",-1.29258517034068,0.604733601715958,3.75751503006012,0.456018246749773,0.652018246749773
"19",-1.23246492985972,0.634669144612186,3.75751503006012,0.456018246749773,0.652018246749773
"20",-1.2124248496994,0.763858348714573,3.75751503006012,0.456018246749773,0.652018246749773
"21",-0.791583166332665,0.548662135982853,3.75751503006012,0.456018246749773,0.652018246749773
"22",-0.591182364729459,0.551597938594435,3.75751503006012,0.456018246749773,0.652018246749773
"23",-0.470941883767535,0.559167276771192,3.75751503006012,0.456018246749773,0.652018246749773
"24",0.991983967935871,0.156228983010102,3.75751503006012,0.456018246749773,0.652018246749773
"25",1.4128256513026,0.0762818905701675,3.75751503006012,0.456018246749773,0.652018246749773
"26",1.45290581162325,-0.0500382079985254,3.75751503006012,0.456018246749773,0.652018246749773
"27",1.63326653306613,-0.120052687625291,3.75751503006012,0.456018246749773,0.652018246749773
"28",1.91382765531062,-0.220261963272642,3.75751503006012,0.456018246749773,0.652018246749773
"29",2.03406813627254,-0.068313573707413,3.75751503006012,0.456018246749773,0.652018246749773
"30",2.27454909819639,0.0629895942372631,3.75751503006012,0.456018246749773,0.652018246749773
"31",2.31462925851703,0.119497546415855,3.75751503006012,0.456018246749773,0.652018246749773
"32",2.55511022044088,0.0969243508547934,3.75751503006012,0.456018246749773,0.652018246749773
"33",2.63527054108216,-0.0409838386304655,3.75751503006012,0.456018246749773,0.652018246749773
"34",2.71543086172345,0.183608460965709,3.75751503006012,0.456018246749773,0.652018246749773
"35",2.89579158316633,0.191100441866988,3.75751503006012,0.456018246749773,0.652018246749773
"36",2.91583166332665,0.296490356657442,3.75751503006012,0.456018246749773,0.652018246749773
"37",3.19639278557114,0.474137696347396,3.75751503006012,0.456018246749773,0.652018246749773
"38",3.61723446893788,0.482880811993181,3.75751503006012,0.456018246749773,0.652018246749773
"39",3.67735470941884,0.244812933788881,3.75751503006012,0.456018246749773,0.652018246749773
"40",3.69739478957916,0.585285170163628,3.75751503006012,0.456018246749773,0.652018246749773
"41",3.71743486973948,0.457002371913067,3.75751503006012,0.456018246749773,0.652018246749773
"42",3.8376753507014,0.509005026575335,3.75751503006012,0.456018246749773,0.652018246749773
"43",3.87775551102204,0.486665026849621,3.75751503006012,0.456018246749773,0.652018246749773
"44",3.97795591182365,0.462537820268825,3.75751503006012,0.456018246749773,0.652018246749773
"45",4.45891783567134,0.31832669308759,3.75751503006012,0.456018246749773,0.652018246749773
"46",4.55911823647295,0.179146384611708,3.75751503006012,0.456018246749773,0.652018246749773
"47",4.63927855711423,0.0500556970341236,3.75751503006012,0.456018246749773,0.652018246749773
"48",4.65931863727455,0.298687642717863,3.75751503006012,0.456018246749773,0.652018246749773
"49",4.69939879759519,-0.0272430540695498,3.75751503006012,0.456018246749773,0.652018246749773
"50",4.79959919839679,-0.018023266263322,3.75751503006012,0.456018246749773,0.652018246749773
