"","x","yplot","target","ftrue","fwrong"
"1",-4.63927855711423,-0.398559410850794,0.110220440881763,0.151223027608914,-0.044776972391086
"2",-4.39879759519038,-0.473223127460237,0.110220440881763,0.151223027608914,-0.044776972391086
"3",-4.13827655310621,-0.265446057583644,0.110220440881763,0.151223027608914,-0.044776972391086
"4",-2.73547094188377,-0.315909416220916,0.110220440881763,0.151223027608914,-0.044776972391086
"5",-2.45490981963928,-0.260486670271849,0.110220440881763,0.151223027608914,-0.044776972391086
"6",-1.67334669338677,-0.0388264909256522,0.110220440881763,0.151223027608914,-0.044776972391086
"7",-0.871743486973948,-0.110292842356523,0.110220440881763,0.151223027608914,-0.044776972391086
"8",-0.851703406813628,-0.00528027743550397,0.110220440881763,0.151223027608914,-0.044776972391086
"9",-0.811623246492986,-0.0648086508457759,0.110220440881763,0.151223027608914,-0.044776972391086
"10",-0.771543086172345,0.147480775495371,0.110220440881763,0.151223027608914,-0.044776972391086
"11",-0.751503006012024,-0.114445304065943,0.110220440881763,0.151223027608914,-0.044776972391086
"12",-0.691382765531062,0.119495420737175,0.110220440881763,0.151223027608914,-0.044776972391086
"13",-0.61122244488978,0.211096026185174,0.110220440881763,0.151223027608914,-0.044776972391086
"14",-0.551102204408818,0.012340350508855,0.110220440881763,0.151223027608914,-0.044776972391086
"15",-0.531062124248497,0.188954663434928,0.110220440881763,0.151223027608914,-0.044776972391086
"16",-0.430861723446894,0.113282587850474,0.110220440881763,0.151223027608914,-0.044776972391086
"17",-0.410821643286574,-0.158222768978935,0.110220440881763,0.151223027608914,-0.044776972391086
"18",-0.350701402805611,0.11356305878807,0.110220440881763,0.151223027608914,-0.044776972391086
"19",-0.250501002004008,0.143825878816373,0.110220440881763,0.151223027608914,-0.044776972391086
"20",-0.150300601202405,0.151003684895274,0.110220440881763,0.151223027608914,-0.044776972391086
"21",-0.0701402805611222,0.110683990918161,0.110220440881763,0.151223027608914,-0.044776972391086
"22",0.0300601202404804,0.0546539577852059,0.110220440881763,0.151223027608914,-0.044776972391086
"23",0.130260521042084,0.132308543367793,0.110220440881763,0.151223027608914,-0.044776972391086
"24",0.150300601202405,0.0140739883687144,0.110220440881763,0.151223027608914,-0.044776972391086
"25",0.170340681362725,0.200358487693745,0.110220440881763,0.151223027608914,-0.044776972391086
"26",0.370741482965932,0.144691478739439,0.110220440881763,0.151223027608914,-0.044776972391086
"27",0.470941883767535,0.17948141115155,0.110220440881763,0.151223027608914,-0.044776972391086
"28",0.591182364729459,0.176899769018229,0.110220440881763,0.151223027608914,-0.044776972391086
"29",0.731462925851703,0.459644864035309,0.110220440881763,0.151223027608914,-0.044776972391086
"30",0.751503006012024,0.36354031612914,0.110220440881763,0.151223027608914,-0.044776972391086
"31",0.871743486973948,0.186884674229949,0.110220440881763,0.151223027608914,-0.044776972391086
"32",0.911823647294589,0.512320145881658,0.110220440881763,0.151223027608914,-0.044776972391086
"33",1.03206412825651,0.30859773427667,0.110220440881763,0.151223027608914,-0.044776972391086
"34",1.07214428857715,0.324582465111886,0.110220440881763,0.151223027608914,-0.044776972391086
"35",1.51302605210421,0.364187752920351,0.110220440881763,0.151223027608914,-0.044776972391086
"36",2.27454909819639,0.494046024738039,0.110220440881763,0.151223027608914,-0.044776972391086
"37",2.75551102204409,0.499335219739448,0.110220440881763,0.151223027608914,-0.044776972391086
"38",4.05811623246493,0.635014916417879,0.110220440881763,0.151223027608914,-0.044776972391086
"39",4.4188376753507,0.73339697984055,0.110220440881763,0.151223027608914,-0.044776972391086
"40",4.71943887775551,0.734842371977704,0.110220440881763,0.151223027608914,-0.044776972391086
