"","x","yplot","target","ftrue","fwrong"
"1",-3.8376753507014,0.541051864511626,-1.71342685370742,0.197052528898682,0.00105252889868171
"2",-3.6372745490982,0.617730419872352,-1.71342685370742,0.197052528898682,0.00105252889868171
"3",-3.17635270541082,0.534715196443064,-1.71342685370742,0.197052528898682,0.00105252889868171
"4",-2.99599198396794,0.533143344430604,-1.71342685370742,0.197052528898682,0.00105252889868171
"5",-2.69539078156313,0.476385491407157,-1.71342685370742,0.197052528898682,0.00105252889868171
"6",-2.67535070140281,0.270788489501716,-1.71342685370742,0.197052528898682,0.00105252889868171
"7",-2.55511022044088,0.166107707779752,-1.71342685370742,0.197052528898682,0.00105252889868171
"8",-2.4749498997996,0.419406986551242,-1.71342685370742,0.197052528898682,0.00105252889868171
"9",-2.45490981963928,0.32588205203091,-1.71342685370742,0.197052528898682,0.00105252889868171
"10",-2.43486973947896,0.414525586875427,-1.71342685370742,0.197052528898682,0.00105252889868171
"11",-2.374749498998,0.325980623346587,-1.71342685370742,0.197052528898682,0.00105252889868171
"12",-2.25450901803607,0.378148851920359,-1.71342685370742,0.197052528898682,0.00105252889868171
"13",-2.21442885771543,0.32776733984157,-1.71342685370742,0.197052528898682,0.00105252889868171
"14",-2.19438877755511,0.166731298125185,-1.71342685370742,0.197052528898682,0.00105252889868171
"15",-2.13426853707415,0.280725758410089,-1.71342685370742,0.197052528898682,0.00105252889868171
"16",-2.11422845691383,0.395016489791451,-1.71342685370742,0.197052528898682,0.00105252889868171
"17",-2.05410821643287,0.181947359964784,-1.71342685370742,0.197052528898682,0.00105252889868171
"18",-2.03406813627255,0.498332493908274,-1.71342685370742,0.197052528898682,0.00105252889868171
"19",-1.9939879759519,0.203076581555334,-1.71342685370742,0.197052528898682,0.00105252889868171
"20",-1.97394789579158,0.117677671360781,-1.71342685370742,0.197052528898682,0.00105252889868171
"21",-1.95390781563126,0.307392318337292,-1.71342685370742,0.197052528898682,0.00105252889868171
"22",-1.85370741482966,0.309573429868179,-1.71342685370742,0.197052528898682,0.00105252889868171
"23",-1.69338677354709,0.0244771796988904,-1.71342685370742,0.197052528898682,0.00105252889868171
"24",-1.63326653306613,0.331247893594411,-1.71342685370742,0.197052528898682,0.00105252889868171
"25",-1.59318637274549,0.178930798951036,-1.71342685370742,0.197052528898682,0.00105252889868171
"26",-1.51302605210421,0.0760897838433739,-1.71342685370742,0.197052528898682,0.00105252889868171
"27",-1.41282565130261,0.0387698290486531,-1.71342685370742,0.197052528898682,0.00105252889868171
"28",-1.39278557114228,0.113192037718561,-1.71342685370742,0.197052528898682,0.00105252889868171
"29",-1.37274549098196,0.140303480025813,-1.71342685370742,0.197052528898682,0.00105252889868171
"30",-1.33266533066132,0.0250102119561176,-1.71342685370742,0.197052528898682,0.00105252889868171
"31",-1.29258517034068,0.254411020602179,-1.71342685370742,0.197052528898682,0.00105252889868171
"32",-1.07214428857715,-0.0404398992129896,-1.71342685370742,0.197052528898682,0.00105252889868171
"33",-1.05210420841683,0.124692536083081,-1.71342685370742,0.197052528898682,0.00105252889868171
"34",-0.991983967935872,0.110012735744451,-1.71342685370742,0.197052528898682,0.00105252889868171
"35",-0.95190380761523,-0.0426878139335992,-1.71342685370742,0.197052528898682,0.00105252889868171
"36",-0.91182364729459,0.156862773816351,-1.71342685370742,0.197052528898682,0.00105252889868171
"37",-0.771543086172345,-0.0756918594811204,-1.71342685370742,0.197052528898682,0.00105252889868171
"38",-0.751503006012024,-0.0557802410168042,-1.71342685370742,0.197052528898682,0.00105252889868171
"39",-0.731462925851703,0.00777010696951571,-1.71342685370742,0.197052528898682,0.00105252889868171
"40",-0.711422845691383,-0.0109658104487307,-1.71342685370742,0.197052528898682,0.00105252889868171
"41",-0.410821643286574,-0.122480315730052,-1.71342685370742,0.197052528898682,0.00105252889868171
"42",0.551102204408817,-0.262210589201949,-1.71342685370742,0.197052528898682,0.00105252889868171
"43",0.671342685370742,-0.226424225191806,-1.71342685370742,0.197052528898682,0.00105252889868171
"44",2.41482965931864,-0.380105339151546,-1.71342685370742,0.197052528898682,0.00105252889868171
"45",2.5751503006012,-0.621371253338985,-1.71342685370742,0.197052528898682,0.00105252889868171
"46",2.61523046092184,-0.634487126051349,-1.71342685370742,0.197052528898682,0.00105252889868171
"47",2.65531062124249,-0.745525659203701,-1.71342685370742,0.197052528898682,0.00105252889868171
"48",3.11623246492986,-0.709651718923762,-1.71342685370742,0.197052528898682,0.00105252889868171
"49",3.99799599198397,-0.811898166812177,-1.71342685370742,0.197052528898682,0.00105252889868171
"50",4.55911823647295,-0.941976661562594,-1.71342685370742,0.197052528898682,0.00105252889868171
