"","x","yplot","target","ftrue","fwrong"
"1",-4.45891783567134,-0.361636570798282,4.4188376753507,0.640185686351397,0.444185686351397
"2",-4.17835671342685,-0.705860563416946,4.4188376753507,0.640185686351397,0.444185686351397
"3",-4.09819639278557,-0.713634274562065,4.4188376753507,0.640185686351397,0.444185686351397
"4",-3.87775551102204,-0.744847946263238,4.4188376753507,0.640185686351397,0.444185686351397
"5",-3.53707414829659,-0.866068945981196,4.4188376753507,0.640185686351397,0.444185686351397
"6",-1.07214428857715,0.390577062897904,4.4188376753507,0.640185686351397,0.444185686351397
"7",-0.511022044088176,0.346497348948417,4.4188376753507,0.640185686351397,0.444185686351397
"8",-0.31062124248497,0.605622382217719,4.4188376753507,0.640185686351397,0.444185686351397
"9",-0.190380761523047,0.694669114913466,4.4188376753507,0.640185686351397,0.444185686351397
"10",0.190380761523046,0.408476744735128,4.4188376753507,0.640185686351397,0.444185686351397
"11",0.410821643286573,0.434702380287326,4.4188376753507,0.640185686351397,0.444185686351397
"12",0.470941883767535,0.509349705467232,4.4188376753507,0.640185686351397,0.444185686351397
"13",0.490981963927855,0.297503225259331,4.4188376753507,0.640185686351397,0.444185686351397
"14",0.611222444889779,0.374214214513182,4.4188376753507,0.640185686351397,0.444185686351397
"15",0.711422845691382,0.229616410989553,4.4188376753507,0.640185686351397,0.444185686351397
"16",1.25250501002004,0.121191355610921,4.4188376753507,0.640185686351397,0.444185686351397
"17",1.65330661322645,-0.133388287229947,4.4188376753507,0.640185686351397,0.444185686351397
"18",1.7935871743487,0.137771086663658,4.4188376753507,0.640185686351397,0.444185686351397
"19",2.09418837675351,-0.303742180080159,4.4188376753507,0.640185686351397,0.444185686351397
"20",2.13426853707415,-0.156450201547679,4.4188376753507,0.640185686351397,0.444185686351397
"21",2.51503006012024,-0.202539039905619,4.4188376753507,0.640185686351397,0.444185686351397
"22",2.55511022044088,-0.00183846714708638,4.4188376753507,0.640185686351397,0.444185686351397
"23",2.59519038076152,-0.28842296525539,4.4188376753507,0.640185686351397,0.444185686351397
"24",2.65531062124249,-0.175577166110501,4.4188376753507,0.640185686351397,0.444185686351397
"25",2.79559118236473,-0.109818037622878,4.4188376753507,0.640185686351397,0.444185686351397
"26",2.87575150300601,-0.00466452169411858,4.4188376753507,0.640185686351397,0.444185686351397
"27",3.01603206412826,0.0597823976220534,4.4188376753507,0.640185686351397,0.444185686351397
"28",3.17635270541082,0.0774903260369625,4.4188376753507,0.640185686351397,0.444185686351397
"29",3.51703406813627,0.0731678111354211,4.4188376753507,0.640185686351397,0.444185686351397
"30",3.77755511022044,0.557936745288786,4.4188376753507,0.640185686351397,0.444185686351397
"31",3.93787575150301,0.515775659276287,4.4188376753507,0.640185686351397,0.444185686351397
"32",4.01803607214429,0.367710558850275,4.4188376753507,0.640185686351397,0.444185686351397
"33",4.11823647294589,0.397851050031846,4.4188376753507,0.640185686351397,0.444185686351397
"34",4.25851703406814,0.559151586150453,4.4188376753507,0.640185686351397,0.444185686351397
"35",4.4188376753507,0.698575247944476,4.4188376753507,0.640185686351397,0.444185686351397
"36",4.53907815631263,0.668779551821748,4.4188376753507,0.640185686351397,0.444185686351397
"37",4.61923847695391,0.697123902365276,4.4188376753507,0.640185686351397,0.444185686351397
"38",4.77955911823647,0.640277153182732,4.4188376753507,0.640185686351397,0.444185686351397
"39",4.87975951903808,0.795501466664412,4.4188376753507,0.640185686351397,0.444185686351397
"40",4.97995991983968,0.592431898188096,4.4188376753507,0.640185686351397,0.444185686351397
