"","x","yplot","target","ftrue","fwrong"
"1",-4.3186372745491,1.00155368849589,-3.95791583166333,0.897607478668505,1.0936074786685
"2",-3.95791583166333,1.01800464694129,-3.95791583166333,0.897607478668505,1.0936074786685
"3",-3.87775551102204,0.857448200557556,-3.95791583166333,0.897607478668505,1.0936074786685
"4",-1.9939879759519,0.569308502729581,-3.95791583166333,0.897607478668505,1.0936074786685
"5",-1.85370741482966,0.492779768891773,-3.95791583166333,0.897607478668505,1.0936074786685
"6",-1.53306613226453,0.203099576193145,-3.95791583166333,0.897607478668505,1.0936074786685
"7",-0.110220440881764,-0.0782611990175736,-3.95791583166333,0.897607478668505,1.0936074786685
"8",2.5751503006012,-0.3849404953612,-3.95791583166333,0.897607478668505,1.0936074786685
"9",4.45891783567134,-0.279260517996481,-3.95791583166333,0.897607478668505,1.0936074786685
"10",4.85971943887776,-0.270883920852967,-3.95791583166333,0.897607478668505,1.0936074786685
