"","x","yplot","target","ftrue","fwrong"
"1",-4.39879759519038,0.765684967064411,0.511022044088176,-0.315250270628129,-0.511250270628129
"2",-3.11623246492986,0.641857561343279,0.511022044088176,-0.315250270628129,-0.511250270628129
"3",-2.09418837675351,0.265098746328542,0.511022044088176,-0.315250270628129,-0.511250270628129
"4",-1.93386773547094,0.298081517789164,0.511022044088176,-0.315250270628129,-0.511250270628129
"5",-1.25250501002004,0.10558307141993,0.511022044088176,-0.315250270628129,-0.511250270628129
"6",-0.410821643286574,-0.00609937236330495,0.511022044088176,-0.315250270628129,-0.511250270628129
"7",-0.210420841683367,-0.157406651982508,0.511022044088176,-0.315250270628129,-0.511250270628129
"8",-0.170340681362726,-0.153456576258304,0.511022044088176,-0.315250270628129,-0.511250270628129
"9",0.170340681362725,-0.22519965097604,0.511022044088176,-0.315250270628129,-0.511250270628129
"10",0.190380761523046,-0.225556337758597,0.511022044088176,-0.315250270628129,-0.511250270628129
"11",0.290581162324649,-0.377889483425269,0.511022044088176,-0.315250270628129,-0.511250270628129
"12",0.531062124248497,-0.250396134478014,0.511022044088176,-0.315250270628129,-0.511250270628129
"13",0.671342685370742,-0.252486064961793,0.511022044088176,-0.315250270628129,-0.511250270628129
"14",1.09218436873747,-0.135778156863779,0.511022044088176,-0.315250270628129,-0.511250270628129
"15",1.13226452905812,-0.411071027262821,0.511022044088176,-0.315250270628129,-0.511250270628129
"16",1.17234468937876,-0.511463600322848,0.511022044088176,-0.315250270628129,-0.511250270628129
"17",1.29258517034068,-0.622884065495733,0.511022044088176,-0.315250270628129,-0.511250270628129
"18",1.33266533066132,-0.495181182947706,0.511022044088176,-0.315250270628129,-0.511250270628129
"19",1.4128256513026,-0.576711681153617,0.511022044088176,-0.315250270628129,-0.511250270628129
"20",4.23847695390782,-0.672683339890675,0.511022044088176,-0.315250270628129,-0.511250270628129
