"","x","yplot","target","ftrue","fwrong"
"1",-4.65931863727455,-0.304987469825546,-2.97595190380762,0.330758040632781,0.526758040632781
"2",-4.15831663326653,-0.151270379027765,-2.97595190380762,0.330758040632781,0.526758040632781
"3",-4.13827655310621,-0.0641108979873284,-2.97595190380762,0.330758040632781,0.526758040632781
"4",-3.97795591182365,0.0891733072024651,-2.97595190380762,0.330758040632781,0.526758040632781
"5",-3.7374749498998,-0.0165520131198341,-2.97595190380762,0.330758040632781,0.526758040632781
"6",-3.61723446893788,0.127262306434999,-2.97595190380762,0.330758040632781,0.526758040632781
"7",-3.19639278557114,0.0930186230092546,-2.97595190380762,0.330758040632781,0.526758040632781
"8",-3.17635270541082,0.392937574827137,-2.97595190380762,0.330758040632781,0.526758040632781
"9",-2.97595190380762,0.254438902311117,-2.97595190380762,0.330758040632781,0.526758040632781
"10",-2.87575150300601,0.407213293099357,-2.97595190380762,0.330758040632781,0.526758040632781
"11",-2.85571142284569,0.478902267029532,-2.97595190380762,0.330758040632781,0.526758040632781
"12",-2.69539078156313,0.43476221920352,-2.97595190380762,0.330758040632781,0.526758040632781
"13",-2.59519038076152,0.509662152118216,-2.97595190380762,0.330758040632781,0.526758040632781
"14",-2.51503006012024,0.289167309340453,-2.97595190380762,0.330758040632781,0.526758040632781
"15",-2.27454909819639,0.490902839646283,-2.97595190380762,0.330758040632781,0.526758040632781
"16",-2.23446893787575,0.553993459506147,-2.97595190380762,0.330758040632781,0.526758040632781
"17",-1.77354709418838,0.677541234842472,-2.97595190380762,0.330758040632781,0.526758040632781
"18",-1.43286573146293,0.614337660651003,-2.97595190380762,0.330758040632781,0.526758040632781
"19",-1.19238476953908,0.493304892896696,-2.97595190380762,0.330758040632781,0.526758040632781
"20",-1.07214428857715,0.939476998123745,-2.97595190380762,0.330758040632781,0.526758040632781
"21",-0.991983967935872,0.416643964662236,-2.97595190380762,0.330758040632781,0.526758040632781
"22",0.130260521042084,0.605534038777982,-2.97595190380762,0.330758040632781,0.526758040632781
"23",0.230460921843687,0.744992303076147,-2.97595190380762,0.330758040632781,0.526758040632781
"24",0.350701402805611,0.671612604134676,-2.97595190380762,0.330758040632781,0.526758040632781
"25",0.410821643286573,0.66120621538857,-2.97595190380762,0.330758040632781,0.526758040632781
"26",0.450901803607215,0.795890572210183,-2.97595190380762,0.330758040632781,0.526758040632781
"27",0.531062124248497,0.856679235412144,-2.97595190380762,0.330758040632781,0.526758040632781
"28",0.93186372745491,0.897880757389668,-2.97595190380762,0.330758040632781,0.526758040632781
"29",1.03206412825651,1.07075829401439,-2.97595190380762,0.330758040632781,0.526758040632781
"30",1.07214428857715,0.866311928459807,-2.97595190380762,0.330758040632781,0.526758040632781
"31",1.09218436873747,0.901937220415899,-2.97595190380762,0.330758040632781,0.526758040632781
"32",1.2124248496994,0.939718472832085,-2.97595190380762,0.330758040632781,0.526758040632781
"33",1.61322645290581,0.882794345653603,-2.97595190380762,0.330758040632781,0.526758040632781
"34",2.73547094188377,0.907663535364265,-2.97595190380762,0.330758040632781,0.526758040632781
"35",3.03607214428858,0.971229416424008,-2.97595190380762,0.330758040632781,0.526758040632781
"36",3.21643286573146,0.931228822636367,-2.97595190380762,0.330758040632781,0.526758040632781
"37",4.03807615230461,0.339266192127744,-2.97595190380762,0.330758040632781,0.526758040632781
"38",4.43887775551102,0.022465419716904,-2.97595190380762,0.330758040632781,0.526758040632781
"39",4.45891783567134,-0.175078702495294,-2.97595190380762,0.330758040632781,0.526758040632781
"40",4.93987975951904,-0.261970421082246,-2.97595190380762,0.330758040632781,0.526758040632781
