"","x","yplot","target","ftrue","fwrong"
"1",-4.29859719438878,0.173426755540688,4.4188376753507,-0.937161903452446,-0.741161903452446
"2",-2.5751503006012,0.146686961792097,4.4188376753507,-0.937161903452446,-0.741161903452446
"3",-1.13226452905812,-0.290899378705567,4.4188376753507,-0.937161903452446,-0.741161903452446
"4",0.991983967935871,-0.762399360344322,4.4188376753507,-0.937161903452446,-0.741161903452446
"5",1.47294589178357,-0.78499372042062,4.4188376753507,-0.937161903452446,-0.741161903452446
"6",3.35671342685371,-0.841960237498429,4.4188376753507,-0.937161903452446,-0.741161903452446
"7",3.53707414829659,-0.908204238155826,4.4188376753507,-0.937161903452446,-0.741161903452446
"8",3.81763527054108,-0.923895892070774,4.4188376753507,-0.937161903452446,-0.741161903452446
"9",3.95791583166333,-0.80054186445366,4.4188376753507,-0.937161903452446,-0.741161903452446
"10",4.03807615230461,-0.837537251913953,4.4188376753507,-0.937161903452446,-0.741161903452446
"11",4.15831663326653,-0.951686632260766,4.4188376753507,-0.937161903452446,-0.741161903452446
"12",4.25851703406814,-0.873940946789069,4.4188376753507,-0.937161903452446,-0.741161903452446
"13",4.35871743486974,-0.991850987683278,4.4188376753507,-0.937161903452446,-0.741161903452446
"14",4.47895791583166,-1.1519960484335,4.4188376753507,-0.937161903452446,-0.741161903452446
"15",4.57915831663327,-0.983688379157419,4.4188376753507,-0.937161903452446,-0.741161903452446
"16",4.69939879759519,-0.864110856505298,4.4188376753507,-0.937161903452446,-0.741161903452446
"17",4.77955911823647,-1.19917620482427,4.4188376753507,-0.937161903452446,-0.741161903452446
"18",4.81963927855711,-1.01539380586808,4.4188376753507,-0.937161903452446,-0.741161903452446
"19",4.8997995991984,-0.850573509629379,4.4188376753507,-0.937161903452446,-0.741161903452446
"20",4.93987975951904,-0.993056970241657,4.4188376753507,-0.937161903452446,-0.741161903452446
