"","x","yplot","target","ftrue","fwrong"
"1",-4.81963927855711,-0.555281517905419,2.77555110220441,0.247582095260452,0.443582095260452
"2",-4.69939879759519,-0.750976980906018,2.77555110220441,0.247582095260452,0.443582095260452
"3",-4.39879759519038,-0.701065661307965,2.77555110220441,0.247582095260452,0.443582095260452
"4",-4.07815631262525,-0.896031765059551,2.77555110220441,0.247582095260452,0.443582095260452
"5",-3.59719438877756,-0.882899747594409,2.77555110220441,0.247582095260452,0.443582095260452
"6",-3.51703406813627,-1.00774142221464,2.77555110220441,0.247582095260452,0.443582095260452
"7",-3.45691382765531,-1.02168985955371,2.77555110220441,0.247582095260452,0.443582095260452
"8",-3.27655310621242,-0.808716078804153,2.77555110220441,0.247582095260452,0.443582095260452
"9",-3.03607214428858,-0.709831607670447,2.77555110220441,0.247582095260452,0.443582095260452
"10",-3.01603206412826,-0.848463328459631,2.77555110220441,0.247582095260452,0.443582095260452
"11",-2.91583166332665,-0.843077403471553,2.77555110220441,0.247582095260452,0.443582095260452
"12",-2.39478957915832,-0.38550026599688,2.77555110220441,0.247582095260452,0.443582095260452
"13",-1.83366733466934,0.273965569478378,2.77555110220441,0.247582095260452,0.443582095260452
"14",-1.47294589178357,0.616940665843538,2.77555110220441,0.247582095260452,0.443582095260452
"15",-1.05210420841683,0.871331838381264,2.77555110220441,0.247582095260452,0.443582095260452
"16",-1.01202404809619,0.69410500807467,2.77555110220441,0.247582095260452,0.443582095260452
"17",-0.91182364729459,0.60603108694562,2.77555110220441,0.247582095260452,0.443582095260452
"18",-0.871743486973948,0.802469904629909,2.77555110220441,0.247582095260452,0.443582095260452
"19",-0.551102204408818,0.969077131513238,2.77555110220441,0.247582095260452,0.443582095260452
"20",-0.430861723446894,1.04231188050907,2.77555110220441,0.247582095260452,0.443582095260452
"21",-0.31062124248497,0.90544660586575,2.77555110220441,0.247582095260452,0.443582095260452
"22",-0.0901803607214431,0.779312661303779,2.77555110220441,0.247582095260452,0.443582095260452
"23",0.33066132264529,0.858555796399847,2.77555110220441,0.247582095260452,0.443582095260452
"24",0.731462925851703,0.604436814485047,2.77555110220441,0.247582095260452,0.443582095260452
"25",1.01202404809619,0.611574641697639,2.77555110220441,0.247582095260452,0.443582095260452
"26",1.15230460921844,0.485055560533462,2.77555110220441,0.247582095260452,0.443582095260452
"27",1.29258517034068,0.450098477063025,2.77555110220441,0.247582095260452,0.443582095260452
"28",1.4128256513026,0.528441380560138,2.77555110220441,0.247582095260452,0.443582095260452
"29",1.47294589178357,0.485734718680077,2.77555110220441,0.247582095260452,0.443582095260452
"30",1.7935871743487,0.423160172939043,2.77555110220441,0.247582095260452,0.443582095260452
"31",1.81362725450902,0.466060481294419,2.77555110220441,0.247582095260452,0.443582095260452
"32",1.83366733466934,0.489217584438904,2.77555110220441,0.247582095260452,0.443582095260452
"33",1.85370741482966,0.398243524607029,2.77555110220441,0.247582095260452,0.443582095260452
"34",1.91382765531062,0.616965799125942,2.77555110220441,0.247582095260452,0.443582095260452
"35",2.17434869739479,0.112548721850399,2.77555110220441,0.247582095260452,0.443582095260452
"36",2.59519038076152,0.221294109514994,2.77555110220441,0.247582095260452,0.443582095260452
"37",2.77555110220441,0.324037375951831,2.77555110220441,0.247582095260452,0.443582095260452
"38",2.99599198396794,0.295027027372386,2.77555110220441,0.247582095260452,0.443582095260452
"39",3.17635270541082,0.367820262090769,2.77555110220441,0.247582095260452,0.443582095260452
"40",3.19639278557114,0.164202986446962,2.77555110220441,0.247582095260452,0.443582095260452
"41",3.39679358717435,0.0911384721059872,2.77555110220441,0.247582095260452,0.443582095260452
"42",3.47695390781563,0.183595427657427,2.77555110220441,0.247582095260452,0.443582095260452
"43",3.51703406813627,0.323289448656371,2.77555110220441,0.247582095260452,0.443582095260452
"44",3.67735470941884,0.216933558221327,2.77555110220441,0.247582095260452,0.443582095260452
"45",3.87775551102204,0.376774448517013,2.77555110220441,0.247582095260452,0.443582095260452
"46",3.95791583166333,0.173869187178362,2.77555110220441,0.247582095260452,0.443582095260452
"47",4.03807615230461,0.240301144325412,2.77555110220441,0.247582095260452,0.443582095260452
"48",4.13827655310621,0.314514072863035,2.77555110220441,0.247582095260452,0.443582095260452
"49",4.25851703406814,0.491191556386415,2.77555110220441,0.247582095260452,0.443582095260452
"50",4.69939879759519,0.304415311790042,2.77555110220441,0.247582095260452,0.443582095260452
