"","x","yplot","target","ftrue","fwrong"
"1",-0.791583166332665,0.10398483818985,5,-0.970169768757255,-0.774169768757256
"2",-0.170340681362726,-0.018385272660072,5,-0.970169768757255,-0.774169768757256
"3",-0.0901803607214431,0.0578767313614651,5,-0.970169768757255,-0.774169768757256
"4",1.35270541082164,-0.391411905143939,5,-0.970169768757255,-0.774169768757256
"5",2.97595190380761,-0.426113769851364,5,-0.970169768757255,-0.774169768757256
"6",3.1563126252505,-0.533793137306721,5,-0.970169768757255,-0.774169768757256
"7",3.35671342685371,-0.677114000829779,5,-0.970169768757255,-0.774169768757256
"8",4.3186372745491,-0.956400425434508,5,-0.970169768757255,-0.774169768757256
"9",4.61923847695391,-0.927405665481498,5,-0.970169768757255,-0.774169768757256
"10",4.87975951903808,-0.772156656988363,5,-0.970169768757255,-0.774169768757256
