"","x","yplot","target","ftrue","fwrong"
"1",-4.47895791583166,0.167625760564014,3.6372745490982,0.209164192154357,0.0131641921543567
"2",-2.49498997995992,-0.477746635640938,3.6372745490982,0.209164192154357,0.0131641921543567
"3",-2.41482965931864,-0.428298281678836,3.6372745490982,0.209164192154357,0.0131641921543567
"4",-2.33466933867735,-0.402894566294502,3.6372745490982,0.209164192154357,0.0131641921543567
"5",-1.75350701402806,-0.711975706678892,3.6372745490982,0.209164192154357,0.0131641921543567
"6",-0.270541082164329,-0.460351212974465,3.6372745490982,0.209164192154357,0.0131641921543567
"7",2.05410821643287,0.0459429151229939,3.6372745490982,0.209164192154357,0.0131641921543567
"8",4.05811623246493,0.225624607603823,3.6372745490982,0.209164192154357,0.0131641921543567
"9",4.07815631262525,0.25416068743381,3.6372745490982,0.209164192154357,0.0131641921543567
"10",4.15831663326653,-0.0926834930968192,3.6372745490982,0.209164192154357,0.0131641921543567
