"","x","yplot","target","ftrue","fwrong"
"1",-4.57915831663327,-0.440149840604106,-1.75350701402806,0.453017666646849,0.257017666646849
"2",-3.89779559118236,-0.0852807026574824,-1.75350701402806,0.453017666646849,0.257017666646849
"3",-3.45691382765531,-0.0306185808136839,-1.75350701402806,0.453017666646849,0.257017666646849
"4",-3.37675350701403,-0.0386525151544148,-1.75350701402806,0.453017666646849,0.257017666646849
"5",-3.2565130260521,-0.0140989409143455,-1.75350701402806,0.453017666646849,0.257017666646849
"6",-2.83567134268537,0.259545428846509,-1.75350701402806,0.453017666646849,0.257017666646849
"7",-2.73547094188377,0.177936263476902,-1.75350701402806,0.453017666646849,0.257017666646849
"8",-2.71543086172345,0.283267415712653,-1.75350701402806,0.453017666646849,0.257017666646849
"9",-2.29458917835671,0.266813734592334,-1.75350701402806,0.453017666646849,0.257017666646849
"10",-1.85370741482966,0.405891127299909,-1.75350701402806,0.453017666646849,0.257017666646849
"11",-1.77354709418838,0.477427805908466,-1.75350701402806,0.453017666646849,0.257017666646849
"12",-1.73346693386774,0.509651130894611,-1.75350701402806,0.453017666646849,0.257017666646849
"13",-1.51302605210421,0.396590624217286,-1.75350701402806,0.453017666646849,0.257017666646849
"14",-1.47294589178357,0.465639769342907,-1.75350701402806,0.453017666646849,0.257017666646849
"15",-1.29258517034068,0.50189718905987,-1.75350701402806,0.453017666646849,0.257017666646849
"16",-1.23246492985972,0.698288676046644,-1.75350701402806,0.453017666646849,0.257017666646849
"17",-1.17234468937876,0.558902742789584,-1.75350701402806,0.453017666646849,0.257017666646849
"18",-0.771543086172345,0.78240133354832,-1.75350701402806,0.453017666646849,0.257017666646849
"19",-0.190380761523047,0.879839119904436,-1.75350701402806,0.453017666646849,0.257017666646849
"20",0.0701402805611222,0.53463178658592,-1.75350701402806,0.453017666646849,0.257017666646849
"21",0.871743486973948,0.740704573987357,-1.75350701402806,0.453017666646849,0.257017666646849
"22",0.93186372745491,0.964259343213922,-1.75350701402806,0.453017666646849,0.257017666646849
"23",1.1122244488978,0.91081716394615,-1.75350701402806,0.453017666646849,0.257017666646849
"24",1.312625250501,0.929657683433652,-1.75350701402806,0.453017666646849,0.257017666646849
"25",1.45290581162325,0.99210989577036,-1.75350701402806,0.453017666646849,0.257017666646849
"26",1.7935871743487,0.975788866830244,-1.75350701402806,0.453017666646849,0.257017666646849
"27",1.95390781563126,0.83975099720481,-1.75350701402806,0.453017666646849,0.257017666646849
"28",2.13426853707415,0.668126708745281,-1.75350701402806,0.453017666646849,0.257017666646849
"29",2.31462925851703,0.731452830389537,-1.75350701402806,0.453017666646849,0.257017666646849
"30",2.61523046092184,0.638349132282124,-1.75350701402806,0.453017666646849,0.257017666646849
"31",2.75551102204409,0.47895523631167,-1.75350701402806,0.453017666646849,0.257017666646849
"32",3.23647294589178,0.584346155951822,-1.75350701402806,0.453017666646849,0.257017666646849
"33",3.2565130260521,0.579837070692376,-1.75350701402806,0.453017666646849,0.257017666646849
"34",3.29659318637274,0.316336246362103,-1.75350701402806,0.453017666646849,0.257017666646849
"35",3.69739478957916,0.531860927311803,-1.75350701402806,0.453017666646849,0.257017666646849
"36",3.85771543086172,0.217097072649191,-1.75350701402806,0.453017666646849,0.257017666646849
"37",4.33867735470942,0.0561200530525693,-1.75350701402806,0.453017666646849,0.257017666646849
"38",4.39879759519038,0.0786843645805458,-1.75350701402806,0.453017666646849,0.257017666646849
"39",4.43887775551102,-0.199461718645228,-1.75350701402806,0.453017666646849,0.257017666646849
"40",4.95991983967936,-0.066227885223814,-1.75350701402806,0.453017666646849,0.257017666646849
