"","x","yplot","target","ftrue","fwrong"
"1",-2.39478957915832,0.308853432366514,3.53707414829659,-0.498567774142669,-0.302567774142669
"2",-0.551102204408818,0.595650029712942,3.53707414829659,-0.498567774142669,-0.302567774142669
"3",1.8937875751503,-0.135183380432217,3.53707414829659,-0.498567774142669,-0.302567774142669
"4",2.63527054108216,-0.0620242948516628,3.53707414829659,-0.498567774142669,-0.302567774142669
"5",2.77555110220441,-0.194375211649868,3.53707414829659,-0.498567774142669,-0.302567774142669
"6",2.85571142284569,-0.234721240291393,3.53707414829659,-0.498567774142669,-0.302567774142669
"7",3.09619238476954,-0.5043326088171,3.53707414829659,-0.498567774142669,-0.302567774142669
"8",3.11623246492986,-0.276035574480092,3.53707414829659,-0.498567774142669,-0.302567774142669
"9",3.13627254509018,-0.480318360234394,3.53707414829659,-0.498567774142669,-0.302567774142669
"10",3.23647294589178,-0.493749289648873,3.53707414829659,-0.498567774142669,-0.302567774142669
"11",3.59719438877755,-0.56093266180673,3.53707414829659,-0.498567774142669,-0.302567774142669
"12",3.6372745490982,-0.273237089993428,3.53707414829659,-0.498567774142669,-0.302567774142669
"13",3.81763527054108,-0.747372929360911,3.53707414829659,-0.498567774142669,-0.302567774142669
"14",4.19839679358717,-0.691942977430709,3.53707414829659,-0.498567774142669,-0.302567774142669
"15",4.29859719438878,-0.661606725659078,3.53707414829659,-0.498567774142669,-0.302567774142669
"16",4.49899799599198,-0.7878392876842,3.53707414829659,-0.498567774142669,-0.302567774142669
"17",4.5190380761523,-0.488363692042962,3.53707414829659,-0.498567774142669,-0.302567774142669
"18",4.65931863727455,-0.9544775825868,3.53707414829659,-0.498567774142669,-0.302567774142669
"19",4.77955911823647,-0.772941424150891,3.53707414829659,-0.498567774142669,-0.302567774142669
"20",4.97995991983968,-1.22280177378583,3.53707414829659,-0.498567774142669,-0.302567774142669
