"","x","yplot","target","ftrue","fwrong"
"1",-4.79959919839679,-0.682308048158589,0.290581162324649,0.302934241939597,0.498934241939597
"2",-3.55711422845691,-0.427000713700463,0.290581162324649,0.302934241939597,0.498934241939597
"3",-1.7935871743487,-0.196331780350646,0.290581162324649,0.302934241939597,0.498934241939597
"4",-0.551102204408818,0.298631366189508,0.290581162324649,0.302934241939597,0.498934241939597
"5",-0.490981963927856,0.391541670316004,0.290581162324649,0.302934241939597,0.498934241939597
"6",-0.470941883767535,0.227912947260045,0.290581162324649,0.302934241939597,0.498934241939597
"7",-0.410821643286574,0.185523270234524,0.290581162324649,0.302934241939597,0.498934241939597
"8",-0.390781563126253,0.106326519960305,0.290581162324649,0.302934241939597,0.498934241939597
"9",-0.290581162324649,0.0836003744014598,0.290581162324649,0.302934241939597,0.498934241939597
"10",-0.270541082164329,0.234184363178681,0.290581162324649,0.302934241939597,0.498934241939597
"11",-0.130260521042084,0.0292947282028495,0.290581162324649,0.302934241939597,0.498934241939597
"12",-0.0501002004008022,0.425255333464666,0.290581162324649,0.302934241939597,0.498934241939597
"13",-0.0300601202404813,0.145841171891334,0.290581162324649,0.302934241939597,0.498934241939597
"14",0.150300601202405,0.102868205328902,0.290581162324649,0.302934241939597,0.498934241939597
"15",0.170340681362725,0.180019388774498,0.290581162324649,0.302934241939597,0.498934241939597
"16",0.230460921843687,0.348809529471562,0.290581162324649,0.302934241939597,0.498934241939597
"17",0.270541082164328,0.321424936191582,0.290581162324649,0.302934241939597,0.498934241939597
"18",0.31062124248497,0.256674139466657,0.290581162324649,0.302934241939597,0.498934241939597
"19",0.591182364729459,0.418493003638081,0.290581162324649,0.302934241939597,0.498934241939597
"20",0.691382765531062,0.266086835461338,0.290581162324649,0.302934241939597,0.498934241939597
"21",0.751503006012024,0.354067012630171,0.290581162324649,0.302934241939597,0.498934241939597
"22",0.971943887775551,0.237597466651186,0.290581162324649,0.302934241939597,0.498934241939597
"23",0.991983967935871,0.322149424069524,0.290581162324649,0.302934241939597,0.498934241939597
"24",1.19238476953908,0.665991655295245,0.290581162324649,0.302934241939597,0.498934241939597
"25",2.53507014028056,0.647953280847833,0.290581162324649,0.302934241939597,0.498934241939597
"26",3.37675350701403,0.517346917153613,0.290581162324649,0.302934241939597,0.498934241939597
"27",3.7374749498998,0.606577066548316,0.290581162324649,0.302934241939597,0.498934241939597
"28",3.91783567134268,0.453257446010849,0.290581162324649,0.302934241939597,0.498934241939597
"29",4.17835671342685,0.576437228383745,0.290581162324649,0.302934241939597,0.498934241939597
"30",4.5190380761523,0.619309170976526,0.290581162324649,0.302934241939597,0.498934241939597
