"","x","yplot","target","ftrue","fwrong"
"1",-4.93987975951904,-0.4634096294653,2.63527054108216,-0.308372966945886,-0.112372966945886
"2",-4.83967935871743,-0.320124583960469,2.63527054108216,-0.308372966945886,-0.112372966945886
"3",-4.79959919839679,-0.354341581879888,2.63527054108216,-0.308372966945886,-0.112372966945886
"4",-4.57915831663327,-0.455545301936731,2.63527054108216,-0.308372966945886,-0.112372966945886
"5",-4.2184368737475,-0.490949145455008,2.63527054108216,-0.308372966945886,-0.112372966945886
"6",-4.07815631262525,-0.480655736181264,2.63527054108216,-0.308372966945886,-0.112372966945886
"7",-3.85771543086172,-0.513963636496209,2.63527054108216,-0.308372966945886,-0.112372966945886
"8",-3.81763527054108,-0.579129583241432,2.63527054108216,-0.308372966945886,-0.112372966945886
"9",-3.35671342685371,-0.25218902532243,2.63527054108216,-0.308372966945886,-0.112372966945886
"10",-2.81563126252505,-0.0752416833354081,2.63527054108216,-0.308372966945886,-0.112372966945886
"11",-2.79559118236473,-0.0641055558822902,2.63527054108216,-0.308372966945886,-0.112372966945886
"12",-2.374749498998,-0.0301453646483985,2.63527054108216,-0.308372966945886,-0.112372966945886
"13",-1.25250501002004,0.666186503485508,2.63527054108216,-0.308372966945886,-0.112372966945886
"14",-0.751503006012024,0.7566457641388,2.63527054108216,-0.308372966945886,-0.112372966945886
"15",-0.691382765531062,0.782766694671379,2.63527054108216,-0.308372966945886,-0.112372966945886
"16",-0.330661322645291,0.814261031771986,2.63527054108216,-0.308372966945886,-0.112372966945886
"17",-0.150300601202405,0.631193023090103,2.63527054108216,-0.308372966945886,-0.112372966945886
"18",-0.110220440881764,0.740312716538845,2.63527054108216,-0.308372966945886,-0.112372966945886
"19",0.751503006012024,0.340862621991432,2.63527054108216,-0.308372966945886,-0.112372966945886
"20",1.01202404809619,0.0290120359517344,2.63527054108216,-0.308372966945886,-0.112372966945886
"21",1.17234468937876,-0.141491924085206,2.63527054108216,-0.308372966945886,-0.112372966945886
"22",1.73346693386774,-0.449140856055483,2.63527054108216,-0.308372966945886,-0.112372966945886
"23",2.27454909819639,-0.117375945622431,2.63527054108216,-0.308372966945886,-0.112372966945886
"24",2.33466933867735,-0.473805416050037,2.63527054108216,-0.308372966945886,-0.112372966945886
"25",2.61523046092184,-0.167014325550076,2.63527054108216,-0.308372966945886,-0.112372966945886
"26",2.79559118236473,-0.469322102263872,2.63527054108216,-0.308372966945886,-0.112372966945886
"27",2.95591182364729,-0.186251841943959,2.63527054108216,-0.308372966945886,-0.112372966945886
"28",3.01603206412826,-0.0218191975878695,2.63527054108216,-0.308372966945886,-0.112372966945886
"29",3.03607214428858,-0.101020804204778,2.63527054108216,-0.308372966945886,-0.112372966945886
"30",3.0561122244489,-0.225542437532984,2.63527054108216,-0.308372966945886,-0.112372966945886
"31",3.13627254509018,-0.0158580305658303,2.63527054108216,-0.308372966945886,-0.112372966945886
"32",3.33667334669339,0.000891154409364971,2.63527054108216,-0.308372966945886,-0.112372966945886
"33",3.35671342685371,0.0374841760233773,2.63527054108216,-0.308372966945886,-0.112372966945886
"34",3.75751503006012,0.158564492320788,2.63527054108216,-0.308372966945886,-0.112372966945886
"35",3.79759519038076,0.149580475970379,2.63527054108216,-0.308372966945886,-0.112372966945886
"36",3.81763527054108,0.086473379878327,2.63527054108216,-0.308372966945886,-0.112372966945886
"37",4.19839679358717,0.334586038175653,2.63527054108216,-0.308372966945886,-0.112372966945886
"38",4.57915831663327,0.48002549153812,2.63527054108216,-0.308372966945886,-0.112372966945886
"39",4.59919839679359,0.281007153090373,2.63527054108216,-0.308372966945886,-0.112372966945886
"40",4.65931863727455,0.216848541516793,2.63527054108216,-0.308372966945886,-0.112372966945886
