"","x","yplot","target","ftrue","fwrong"
"1",-2.99599198396794,-0.0525435440347193,3.69739478957916,-0.367488103135962,-0.563488103135962
"2",-2.19438877755511,-0.225212610205032,3.69739478957916,-0.367488103135962,-0.563488103135962
"3",0.591182364729459,-0.571502594830421,3.69739478957916,-0.367488103135962,-0.563488103135962
"4",2.81563126252505,-0.399676324154072,3.69739478957916,-0.367488103135962,-0.563488103135962
"5",3.0561122244489,-0.468527328199681,3.69739478957916,-0.367488103135962,-0.563488103135962
"6",3.95791583166333,-0.472587192223844,3.69739478957916,-0.367488103135962,-0.563488103135962
"7",3.99799599198397,-0.342235409012756,3.69739478957916,-0.367488103135962,-0.563488103135962
"8",4.11823647294589,-0.531205226166228,3.69739478957916,-0.367488103135962,-0.563488103135962
"9",4.5190380761523,-0.313399694814803,3.69739478957916,-0.367488103135962,-0.563488103135962
"10",4.55911823647295,-0.33087391164262,3.69739478957916,-0.367488103135962,-0.563488103135962
