"","x","yplot","target","ftrue","fwrong"
"1",-4.09819639278557,-0.628156668461539,-1.91382765531062,-0.309966749671026,-0.505966749671026
"2",-2.73547094188377,-0.259309589959842,-1.91382765531062,-0.309966749671026,-0.505966749671026
"3",-2.374749498998,-0.15296760339558,-1.91382765531062,-0.309966749671026,-0.505966749671026
"4",-2.27454909819639,-0.142244282146774,-1.91382765531062,-0.309966749671026,-0.505966749671026
"5",-2.17434869739479,-0.295062129019585,-1.91382765531062,-0.309966749671026,-0.505966749671026
"6",-2.07414829659319,-0.487353199764989,-1.91382765531062,-0.309966749671026,-0.505966749671026
"7",-2.03406813627255,-0.308056917543921,-1.91382765531062,-0.309966749671026,-0.505966749671026
"8",-2.01402805611222,-0.183031808364664,-1.91382765531062,-0.309966749671026,-0.505966749671026
"9",-1.73346693386774,-0.338297583096214,-1.91382765531062,-0.309966749671026,-0.505966749671026
"10",-1.67334669338677,-0.252125985448257,-1.91382765531062,-0.309966749671026,-0.505966749671026
"11",-1.65330661322645,-0.275352071982828,-1.91382765531062,-0.309966749671026,-0.505966749671026
"12",-1.49298597194389,-0.443611787093147,-1.91382765531062,-0.309966749671026,-0.505966749671026
"13",-1.45290581162325,-0.228906615448655,-1.91382765531062,-0.309966749671026,-0.505966749671026
"14",-1.29258517034068,-0.114635421796442,-1.91382765531062,-0.309966749671026,-0.505966749671026
"15",-0.95190380761523,-0.214406872850374,-1.91382765531062,-0.309966749671026,-0.505966749671026
"16",0.991983967935871,0.0133429351542154,-1.91382765531062,-0.309966749671026,-0.505966749671026
"17",1.73346693386774,0.377741476177939,-1.91382765531062,-0.309966749671026,-0.505966749671026
"18",2.83567134268537,0.414835462457448,-1.91382765531062,-0.309966749671026,-0.505966749671026
"19",3.29659318637274,0.541256189398895,-1.91382765531062,-0.309966749671026,-0.505966749671026
"20",4.71943887775551,0.94764306194462,-1.91382765531062,-0.309966749671026,-0.505966749671026
