"","x","yplot","target","ftrue","fwrong"
"1",-4.91983967935872,-1.02807391723129,-4.07815631262525,-0.836573540116906,-0.640573540116906
"2",-4.53907815631263,-0.781067124046323,-4.07815631262525,-0.836573540116906,-0.640573540116906
"3",-4.51903807615231,-0.910755625355129,-4.07815631262525,-0.836573540116906,-0.640573540116906
"4",-4.47895791583166,-1.05218384774306,-4.07815631262525,-0.836573540116906,-0.640573540116906
"5",-4.39879759519038,-0.835777922963779,-4.07815631262525,-0.836573540116906,-0.640573540116906
"6",-4.2184368737475,-0.798330789892118,-4.07815631262525,-0.836573540116906,-0.640573540116906
"7",-4.09819639278557,-0.755371437941822,-4.07815631262525,-0.836573540116906,-0.640573540116906
"8",-4.07815631262525,-0.794735033489359,-4.07815631262525,-0.836573540116906,-0.640573540116906
"9",-3.61723446893788,-0.840957927429125,-4.07815631262525,-0.836573540116906,-0.640573540116906
"10",-2.55511022044088,-0.6417238098079,-4.07815631262525,-0.836573540116906,-0.640573540116906
"11",-1.15230460921844,-0.516310471911502,-4.07815631262525,-0.836573540116906,-0.640573540116906
"12",-0.991983967935872,-0.502402777841424,-4.07815631262525,-0.836573540116906,-0.640573540116906
"13",-0.651302605210421,-0.376214809776877,-4.07815631262525,-0.836573540116906,-0.640573540116906
"14",-0.0701402805611222,-0.182518153499744,-4.07815631262525,-0.836573540116906,-0.640573540116906
"15",0.150300601202405,-0.283024798886656,-4.07815631262525,-0.836573540116906,-0.640573540116906
"16",0.811623246492986,-0.113134119836332,-4.07815631262525,-0.836573540116906,-0.640573540116906
"17",1.55310621242485,0.0662585683719812,-4.07815631262525,-0.836573540116906,-0.640573540116906
"18",1.63326653306613,0.17221123899697,-4.07815631262525,-0.836573540116906,-0.640573540116906
"19",1.91382765531062,0.127762228497059,-4.07815631262525,-0.836573540116906,-0.640573540116906
"20",2.43486973947896,0.123137757495839,-4.07815631262525,-0.836573540116906,-0.640573540116906
"21",2.45490981963928,0.297213214352167,-4.07815631262525,-0.836573540116906,-0.640573540116906
"22",2.49498997995992,0.350433439460394,-4.07815631262525,-0.836573540116906,-0.640573540116906
"23",2.5751503006012,0.349223124772535,-4.07815631262525,-0.836573540116906,-0.640573540116906
"24",3.11623246492986,0.412705916735032,-4.07815631262525,-0.836573540116906,-0.640573540116906
"25",3.29659318637274,0.432136228512071,-4.07815631262525,-0.836573540116906,-0.640573540116906
"26",3.41683366733467,0.319897166850104,-4.07815631262525,-0.836573540116906,-0.640573540116906
"27",3.51703406813627,0.675513828749427,-4.07815631262525,-0.836573540116906,-0.640573540116906
"28",3.55711422845691,0.42976018932124,-4.07815631262525,-0.836573540116906,-0.640573540116906
"29",3.71743486973948,0.739278184181906,-4.07815631262525,-0.836573540116906,-0.640573540116906
"30",4.09819639278557,0.514418945759525,-4.07815631262525,-0.836573540116906,-0.640573540116906
