"","x","yplot","target","ftrue","fwrong"
"1",-4.47895791583166,0.820055895856929,-3.57715430861723,0.720783013729068,0.916783013729068
"2",-4.45891783567134,0.836713872713158,-3.57715430861723,0.720783013729068,0.916783013729068
"3",-4.35871743486974,0.667904955658364,-3.57715430861723,0.720783013729068,0.916783013729068
"4",-4.3186372745491,0.756584778698344,-3.57715430861723,0.720783013729068,0.916783013729068
"5",-4.23847695390782,0.680993928030181,-3.57715430861723,0.720783013729068,0.916783013729068
"6",-4.13827655310621,0.691915467371621,-3.57715430861723,0.720783013729068,0.916783013729068
"7",-4.09819639278557,0.678354831970905,-3.57715430861723,0.720783013729068,0.916783013729068
"8",-4.07815631262525,0.639507745191352,-3.57715430861723,0.720783013729068,0.916783013729068
"9",-3.99799599198397,0.558039231728931,-3.57715430861723,0.720783013729068,0.916783013729068
"10",-3.85771543086172,0.994232082017927,-3.57715430861723,0.720783013729068,0.916783013729068
"11",-3.77755511022044,0.650828432892296,-3.57715430861723,0.720783013729068,0.916783013729068
"12",-3.75751503006012,0.496794911088221,-3.57715430861723,0.720783013729068,0.916783013729068
"13",-3.71743486973948,0.718839760270468,-3.57715430861723,0.720783013729068,0.916783013729068
"14",-3.67735470941884,0.723771199282517,-3.57715430861723,0.720783013729068,0.916783013729068
"15",-3.57715430861723,0.597982796059993,-3.57715430861723,0.720783013729068,0.916783013729068
"16",-3.43687374749499,0.780413304843032,-3.57715430861723,0.720783013729068,0.916783013729068
"17",-3.37675350701403,0.658337878640411,-3.57715430861723,0.720783013729068,0.916783013729068
"18",-3.29659318637275,0.58376290728787,-3.57715430861723,0.720783013729068,0.916783013729068
"19",-3.21643286573146,0.769620161124728,-3.57715430861723,0.720783013729068,0.916783013729068
"20",-3.17635270541082,0.758476138928105,-3.57715430861723,0.720783013729068,0.916783013729068
"21",-3.13627254509018,0.764076246572248,-3.57715430861723,0.720783013729068,0.916783013729068
"22",-3.0561122244489,0.775979014041293,-3.57715430861723,0.720783013729068,0.916783013729068
"23",-2.99599198396794,0.686959844287152,-3.57715430861723,0.720783013729068,0.916783013729068
"24",-2.89579158316633,0.872906271446366,-3.57715430861723,0.720783013729068,0.916783013729068
"25",-2.81563126252505,0.733557702225738,-3.57715430861723,0.720783013729068,0.916783013729068
"26",-2.79559118236473,0.788309317542004,-3.57715430861723,0.720783013729068,0.916783013729068
"27",-2.67535070140281,0.850349435321714,-3.57715430861723,0.720783013729068,0.916783013729068
"28",-2.63527054108216,0.67822994005065,-3.57715430861723,0.720783013729068,0.916783013729068
"29",-1.81362725450902,0.668789875782386,-3.57715430861723,0.720783013729068,0.916783013729068
"30",-1.47294589178357,0.758392231445885,-3.57715430861723,0.720783013729068,0.916783013729068
"31",-1.43286573146293,0.637279111966162,-3.57715430861723,0.720783013729068,0.916783013729068
"32",-0.811623246492986,0.587523772104423,-3.57715430861723,0.720783013729068,0.916783013729068
"33",-0.330661322645291,0.553483514574916,-3.57715430861723,0.720783013729068,0.916783013729068
"34",-0.150300601202405,0.468419470520388,-3.57715430861723,0.720783013729068,0.916783013729068
"35",-0.0701402805611222,0.430207700554094,-3.57715430861723,0.720783013729068,0.916783013729068
"36",1.67334669338677,0.209138609196697,-3.57715430861723,0.720783013729068,0.916783013729068
"37",1.85370741482966,0.190683293662398,-3.57715430861723,0.720783013729068,0.916783013729068
"38",2.29458917835671,-0.018320376676661,-3.57715430861723,0.720783013729068,0.916783013729068
"39",2.89579158316633,-0.299387184455623,-3.57715430861723,0.720783013729068,0.916783013729068
"40",4.91983967935872,-0.637300200736334,-3.57715430861723,0.720783013729068,0.916783013729068
