"","x","yplot","target","ftrue","fwrong"
"1",-5,-0.447758168867427,1.85370741482966,0.552436685926346,0.748436685926346
"2",-4.75951903807615,-0.376354462213877,1.85370741482966,0.552436685926346,0.748436685926346
"3",-4.19839679358717,-0.140698073934336,1.85370741482966,0.552436685926346,0.748436685926346
"4",-4.17835671342685,-0.205631922934195,1.85370741482966,0.552436685926346,0.748436685926346
"5",-3.45691382765531,0.165155771040541,1.85370741482966,0.552436685926346,0.748436685926346
"6",-3.37675350701403,0.0640203525463411,1.85370741482966,0.552436685926346,0.748436685926346
"7",-3.31663326653307,0.251454079335876,1.85370741482966,0.552436685926346,0.748436685926346
"8",-3.29659318637275,0.146335017817964,1.85370741482966,0.552436685926346,0.748436685926346
"9",-3.2565130260521,0.116658944542423,1.85370741482966,0.552436685926346,0.748436685926346
"10",-3.19639278557114,0.113614099639146,1.85370741482966,0.552436685926346,0.748436685926346
"11",-2.89579158316633,0.37072089137519,1.85370741482966,0.552436685926346,0.748436685926346
"12",-2.55511022044088,0.34491773776896,1.85370741482966,0.552436685926346,0.748436685926346
"13",-2.17434869739479,0.430246143133151,1.85370741482966,0.552436685926346,0.748436685926346
"14",-2.11422845691383,0.529353707469922,1.85370741482966,0.552436685926346,0.748436685926346
"15",-1.9939879759519,0.564257100673023,1.85370741482966,0.552436685926346,0.748436685926346
"16",-1.81362725450902,0.476176821841156,1.85370741482966,0.552436685926346,0.748436685926346
"17",-1.73346693386774,0.591128245435183,1.85370741482966,0.552436685926346,0.748436685926346
"18",-1.57314629258517,0.469404294685763,1.85370741482966,0.552436685926346,0.748436685926346
"19",-1.45290581162325,0.754967158494976,1.85370741482966,0.552436685926346,0.748436685926346
"20",-1.07214428857715,0.532117890131199,1.85370741482966,0.552436685926346,0.748436685926346
"21",-0.91182364729459,0.663995146249409,1.85370741482966,0.552436685926346,0.748436685926346
"22",-0.571142284569138,0.810162683794297,1.85370741482966,0.552436685926346,0.748436685926346
"23",-0.551102204408818,0.651155733414893,1.85370741482966,0.552436685926346,0.748436685926346
"24",-0.350701402805611,0.615735696178869,1.85370741482966,0.552436685926346,0.748436685926346
"25",-0.330661322645291,0.756674155499696,1.85370741482966,0.552436685926346,0.748436685926346
"26",0.0501002004008013,0.636715273812721,1.85370741482966,0.552436685926346,0.748436685926346
"27",0.190380761523046,0.655543726393271,1.85370741482966,0.552436685926346,0.748436685926346
"28",0.571142284569138,0.638486117911744,1.85370741482966,0.552436685926346,0.748436685926346
"29",0.711422845691382,0.625681223767546,1.85370741482966,0.552436685926346,0.748436685926346
"30",0.851703406813627,0.853284544140769,1.85370741482966,0.552436685926346,0.748436685926346
"31",0.911823647294589,0.747362143748221,1.85370741482966,0.552436685926346,0.748436685926346
"32",0.991983967935871,0.729834108709982,1.85370741482966,0.552436685926346,0.748436685926346
"33",1.01202404809619,0.662072632271748,1.85370741482966,0.552436685926346,0.748436685926346
"34",1.19238476953908,0.749698918806907,1.85370741482966,0.552436685926346,0.748436685926346
"35",1.35270541082164,0.563261435203509,1.85370741482966,0.552436685926346,0.748436685926346
"36",1.45290581162325,0.749467335407904,1.85370741482966,0.552436685926346,0.748436685926346
"37",1.55310621242485,0.544945314787705,1.85370741482966,0.552436685926346,0.748436685926346
"38",1.65330661322645,0.563638108467677,1.85370741482966,0.552436685926346,0.748436685926346
"39",1.67334669338677,0.534169814062101,1.85370741482966,0.552436685926346,0.748436685926346
"40",1.85370741482966,0.474050961329734,1.85370741482966,0.552436685926346,0.748436685926346
"41",2.09418837675351,0.635569321539984,1.85370741482966,0.552436685926346,0.748436685926346
"42",2.55511022044088,0.476622730415142,1.85370741482966,0.552436685926346,0.748436685926346
"43",2.61523046092184,0.666466287359864,1.85370741482966,0.552436685926346,0.748436685926346
"44",2.71543086172345,0.49222235083843,1.85370741482966,0.552436685926346,0.748436685926346
"45",2.73547094188377,0.491664162848117,1.85370741482966,0.552436685926346,0.748436685926346
"46",3.39679358717435,0.342112315033495,1.85370741482966,0.552436685926346,0.748436685926346
"47",3.71743486973948,0.178770655562491,1.85370741482966,0.552436685926346,0.748436685926346
"48",3.89779559118236,0.303899880633884,1.85370741482966,0.552436685926346,0.748436685926346
"49",4.53907815631263,0.391635594334408,1.85370741482966,0.552436685926346,0.748436685926346
"50",4.95991983967936,0.320348966145297,1.85370741482966,0.552436685926346,0.748436685926346
