"","x","yplot","target","ftrue","fwrong"
"1",-4.83967935871743,-0.476586558885941,3.27655310621243,0.88395076239321,0.68795076239321
"2",-3.49699398797595,0.146883437359982,3.27655310621243,0.88395076239321,0.68795076239321
"3",-3.09619238476954,-0.185944710670936,3.27655310621243,0.88395076239321,0.68795076239321
"4",-2.85571142284569,-0.0413339562048287,3.27655310621243,0.88395076239321,0.68795076239321
"5",-2.03406813627255,-0.00283109873105797,3.27655310621243,0.88395076239321,0.68795076239321
"6",-0.0501002004008022,0.161689033975717,3.27655310621243,0.88395076239321,0.68795076239321
"7",0.531062124248497,0.526790309837772,3.27655310621243,0.88395076239321,0.68795076239321
"8",2.87575150300601,1.08584675138038,3.27655310621243,0.88395076239321,0.68795076239321
"9",3.37675350701403,0.852722101881952,3.27655310621243,0.88395076239321,0.68795076239321
"10",4.01803607214429,0.671884999032638,3.27655310621243,0.88395076239321,0.68795076239321
