"","x","yplot","target","ftrue","fwrong"
"1",-4.59919839679359,0.616870844123035,-3.97795591182365,0.518650107622759,0.714650107622759
"2",-4.27855711422846,0.617198833514473,-3.97795591182365,0.518650107622759,0.714650107622759
"3",-4.07815631262525,0.419739225466355,-3.97795591182365,0.518650107622759,0.714650107622759
"4",-4.03807615230461,0.635912384072297,-3.97795591182365,0.518650107622759,0.714650107622759
"5",-3.7374749498998,0.552133661428923,-3.97795591182365,0.518650107622759,0.714650107622759
"6",-3.61723446893788,0.243047578387845,-3.97795591182365,0.518650107622759,0.714650107622759
"7",-3.57715430861723,0.505800303957051,-3.97795591182365,0.518650107622759,0.714650107622759
"8",-3.43687374749499,0.400208468248403,-3.97795591182365,0.518650107622759,0.714650107622759
"9",-3.41683366733467,0.419272973956949,-3.97795591182365,0.518650107622759,0.714650107622759
"10",-3.39679358717435,0.21558093848843,-3.97795591182365,0.518650107622759,0.714650107622759
"11",-3.33667334669339,0.472121050806781,-3.97795591182365,0.518650107622759,0.714650107622759
"12",-3.17635270541082,-0.0128620496243357,-3.97795591182365,0.518650107622759,0.714650107622759
"13",-2.87575150300601,0.0237585527391402,-3.97795591182365,0.518650107622759,0.714650107622759
"14",-2.4749498997996,0.00991133538581944,-3.97795591182365,0.518650107622759,0.714650107622759
"15",-2.13426853707415,-0.391883882340556,-3.97795591182365,0.518650107622759,0.714650107622759
"16",-1.69338677354709,-0.506119171962448,-3.97795591182365,0.518650107622759,0.714650107622759
"17",-1.17234468937876,-0.65571962836796,-3.97795591182365,0.518650107622759,0.714650107622759
"18",-0.551102204408818,-0.472356892039171,-3.97795591182365,0.518650107622759,0.714650107622759
"19",-0.511022044088176,-0.36109962823289,-3.97795591182365,0.518650107622759,0.714650107622759
"20",-0.450901803607215,-0.428967412876905,-3.97795591182365,0.518650107622759,0.714650107622759
"21",-0.230460921843687,-0.216876098732644,-3.97795591182365,0.518650107622759,0.714650107622759
"22",-0.0501002004008022,-0.215069949424856,-3.97795591182365,0.518650107622759,0.714650107622759
"23",0.831663326653306,0.231227624516656,-3.97795591182365,0.518650107622759,0.714650107622759
"24",0.93186372745491,0.483473461621685,-3.97795591182365,0.518650107622759,0.714650107622759
"25",1.07214428857715,0.430768164898301,-3.97795591182365,0.518650107622759,0.714650107622759
"26",1.47294589178357,0.541454845680762,-3.97795591182365,0.518650107622759,0.714650107622759
"27",2.09418837675351,0.491923342865228,-3.97795591182365,0.518650107622759,0.714650107622759
"28",3.27655310621243,-0.103383409068585,-3.97795591182365,0.518650107622759,0.714650107622759
"29",3.33667334669339,-0.0954310560874656,-3.97795591182365,0.518650107622759,0.714650107622759
"30",3.53707414829659,-0.331035229953279,-3.97795591182365,0.518650107622759,0.714650107622759
"31",3.59719438877755,-0.37550834085376,-3.97795591182365,0.518650107622759,0.714650107622759
"32",3.61723446893788,-0.307532628602642,-3.97795591182365,0.518650107622759,0.714650107622759
"33",3.79759519038076,-0.334000861181777,-3.97795591182365,0.518650107622759,0.714650107622759
"34",4.21843687374749,-0.829593167040384,-3.97795591182365,0.518650107622759,0.714650107622759
"35",4.27855711422846,-0.664988380909602,-3.97795591182365,0.518650107622759,0.714650107622759
"36",4.3186372745491,-0.612054041315021,-3.97795591182365,0.518650107622759,0.714650107622759
"37",4.37875751503006,-0.73362589545205,-3.97795591182365,0.518650107622759,0.714650107622759
"38",4.39879759519038,-0.670538545126719,-3.97795591182365,0.518650107622759,0.714650107622759
"39",4.77955911823647,-0.857913581605477,-3.97795591182365,0.518650107622759,0.714650107622759
"40",4.95991983967936,-0.861281960818465,-3.97795591182365,0.518650107622759,0.714650107622759
