"","x","yplot","target","ftrue","fwrong"
"1",-4.8997995991984,0.365140368948945,-3.79759519038076,0.0656703537164637,0.261670353716464
"2",-4.57915831663327,0.359624765222883,-3.79759519038076,0.0656703537164637,0.261670353716464
"3",-4.19839679358717,0.375450138121985,-3.79759519038076,0.0656703537164637,0.261670353716464
"4",-4.05811623246493,0.120650438718462,-3.79759519038076,0.0656703537164637,0.261670353716464
"5",-3.8376753507014,0.136851740517175,-3.79759519038076,0.0656703537164637,0.261670353716464
"6",-3.45691382765531,-0.259718238718999,-3.79759519038076,0.0656703537164637,0.261670353716464
"7",-2.95591182364729,-0.334350420027703,-3.79759519038076,0.0656703537164637,0.261670353716464
"8",-2.45490981963928,-0.641523045862647,-3.79759519038076,0.0656703537164637,0.261670353716464
"9",-1.25250501002004,-0.75067327788032,-3.79759519038076,0.0656703537164637,0.261670353716464
"10",-1.13226452905812,-0.815328670368916,-3.79759519038076,0.0656703537164637,0.261670353716464
"11",-0.551102204408818,-0.557941186724134,-3.79759519038076,0.0656703537164637,0.261670353716464
"12",0.270541082164328,-0.443450033244489,-3.79759519038076,0.0656703537164637,0.261670353716464
"13",0.691382765531062,-0.451679580143581,-3.79759519038076,0.0656703537164637,0.261670353716464
"14",0.911823647294589,-0.531703908360596,-3.79759519038076,0.0656703537164637,0.261670353716464
"15",1.4128256513026,-0.447177321966055,-3.79759519038076,0.0656703537164637,0.261670353716464
"16",2.13426853707415,-0.189200169534113,-3.79759519038076,0.0656703537164637,0.261670353716464
"17",3.41683366733467,0.0543655362003145,-3.79759519038076,0.0656703537164637,0.261670353716464
"18",3.49699398797595,0.0525104225765792,-3.79759519038076,0.0656703537164637,0.261670353716464
"19",4.57915831663327,0.0836711070262542,-3.79759519038076,0.0656703537164637,0.261670353716464
"20",4.97995991983968,0.0678846703683293,-3.79759519038076,0.0656703537164637,0.261670353716464
