"","x","yplot","target","ftrue","fwrong"
"1",-4.79959919839679,0.303987139099101,-1.67334669338677,0.147743671562643,-0.0482563284373566
"2",-2.59519038076152,0.352912190294328,-1.67334669338677,0.147743671562643,-0.0482563284373566
"3",-2.41482965931864,0.511127432714997,-1.67334669338677,0.147743671562643,-0.0482563284373566
"4",-2.31462925851703,0.387629257975337,-1.67334669338677,0.147743671562643,-0.0482563284373566
"5",-2.29458917835671,0.351904033812032,-1.67334669338677,0.147743671562643,-0.0482563284373566
"6",-2.23446893787575,0.290981343183169,-1.67334669338677,0.147743671562643,-0.0482563284373566
"7",-2.21442885771543,0.318169096132161,-1.67334669338677,0.147743671562643,-0.0482563284373566
"8",-2.17434869739479,0.350981494688915,-1.67334669338677,0.147743671562643,-0.0482563284373566
"9",-2.15430861723447,0.366022379701423,-1.67334669338677,0.147743671562643,-0.0482563284373566
"10",-2.05410821643287,0.424062193126534,-1.67334669338677,0.147743671562643,-0.0482563284373566
"11",-2.01402805611222,0.162951290498441,-1.67334669338677,0.147743671562643,-0.0482563284373566
"12",-1.9939879759519,0.426664765472315,-1.67334669338677,0.147743671562643,-0.0482563284373566
"13",-1.95390781563126,0.251155154183346,-1.67334669338677,0.147743671562643,-0.0482563284373566
"14",-1.85370741482966,0.337306482464781,-1.67334669338677,0.147743671562643,-0.0482563284373566
"15",-1.83366733466934,0.197500652451384,-1.67334669338677,0.147743671562643,-0.0482563284373566
"16",-1.75350701402806,0.179358897534991,-1.67334669338677,0.147743671562643,-0.0482563284373566
"17",-1.71342685370742,0.187792465012928,-1.67334669338677,0.147743671562643,-0.0482563284373566
"18",-1.55310621242485,-0.0533760392924387,-1.67334669338677,0.147743671562643,-0.0482563284373566
"19",-1.39278557114228,0.122614499981934,-1.67334669338677,0.147743671562643,-0.0482563284373566
"20",-1.07214428857715,-0.105988777280344,-1.67334669338677,0.147743671562643,-0.0482563284373566
"21",-0.851703406813628,-0.302454697121207,-1.67334669338677,0.147743671562643,-0.0482563284373566
"22",-0.751503006012024,-0.376941476033287,-1.67334669338677,0.147743671562643,-0.0482563284373566
"23",-0.170340681362726,-0.766294189098223,-1.67334669338677,0.147743671562643,-0.0482563284373566
"24",0.911823647294589,-0.721421600686615,-1.67334669338677,0.147743671562643,-0.0482563284373566
"25",1.4128256513026,-0.493091878897318,-1.67334669338677,0.147743671562643,-0.0482563284373566
"26",1.81362725450902,-0.147763325734809,-1.67334669338677,0.147743671562643,-0.0482563284373566
"27",2.07414829659319,-0.133349379968381,-1.67334669338677,0.147743671562643,-0.0482563284373566
"28",2.11422845691383,0.0119507018476312,-1.67334669338677,0.147743671562643,-0.0482563284373566
"29",3.43687374749499,-0.148766786975502,-1.67334669338677,0.147743671562643,-0.0482563284373566
"30",4.8997995991984,-0.810524682074865,-1.67334669338677,0.147743671562643,-0.0482563284373566
