"","x","yplot","target","ftrue","fwrong"
"1",-4.81963927855711,-0.757811002548499,1.9939879759519,0.119800122841143,-0.0761998771588574
"2",-3.29659318637275,-0.689474000581897,1.9939879759519,0.119800122841143,-0.0761998771588574
"3",-3.17635270541082,-0.963489252860009,1.9939879759519,0.119800122841143,-0.0761998771588574
"4",-2.97595190380762,-0.777097824010456,1.9939879759519,0.119800122841143,-0.0761998771588574
"5",-2.77555110220441,-0.794933630543644,1.9939879759519,0.119800122841143,-0.0761998771588574
"6",-2.15430861723447,-0.668030958162516,1.9939879759519,0.119800122841143,-0.0761998771588574
"7",-1.55310621242485,-0.741406138800592,1.9939879759519,0.119800122841143,-0.0761998771588574
"8",-1.01202404809619,-0.57907453751919,1.9939879759519,0.119800122841143,-0.0761998771588574
"9",-0.290581162324649,-0.468734799475928,1.9939879759519,0.119800122841143,-0.0761998771588574
"10",-0.250501002004008,-0.567191005893159,1.9939879759519,0.119800122841143,-0.0761998771588574
"11",0.170340681362725,-0.244236196417974,1.9939879759519,0.119800122841143,-0.0761998771588574
"12",1.01202404809619,-0.169068942356337,1.9939879759519,0.119800122841143,-0.0761998771588574
"13",1.05210420841683,-0.321546819439087,1.9939879759519,0.119800122841143,-0.0761998771588574
"14",1.07214428857715,-0.106830088938765,1.9939879759519,0.119800122841143,-0.0761998771588574
"15",1.15230460921844,-0.102013570535906,1.9939879759519,0.119800122841143,-0.0761998771588574
"16",1.37274549098196,-0.0173637252856669,1.9939879759519,0.119800122841143,-0.0761998771588574
"17",1.39278557114228,-0.171388420349627,1.9939879759519,0.119800122841143,-0.0761998771588574
"18",1.4128256513026,-0.0409907872423564,1.9939879759519,0.119800122841143,-0.0761998771588574
"19",1.49298597194389,-0.14382661817338,1.9939879759519,0.119800122841143,-0.0761998771588574
"20",1.51302605210421,-0.113345546064496,1.9939879759519,0.119800122841143,-0.0761998771588574
"21",1.57314629258517,-0.0142342768252043,1.9939879759519,0.119800122841143,-0.0761998771588574
"22",1.63326653306613,0.0716602537768327,1.9939879759519,0.119800122841143,-0.0761998771588574
"23",1.65330661322645,-0.0743070289979866,1.9939879759519,0.119800122841143,-0.0761998771588574
"24",1.67334669338677,0.0840256602147731,1.9939879759519,0.119800122841143,-0.0761998771588574
"25",1.69338677354709,0.103256787033504,1.9939879759519,0.119800122841143,-0.0761998771588574
"26",1.73346693386774,0.101900886141844,1.9939879759519,0.119800122841143,-0.0761998771588574
"27",1.83366733466934,0.150906179542832,1.9939879759519,0.119800122841143,-0.0761998771588574
"28",1.85370741482966,0.165484555519918,1.9939879759519,0.119800122841143,-0.0761998771588574
"29",1.8937875751503,-0.133627764437875,1.9939879759519,0.119800122841143,-0.0761998771588574
"30",1.91382765531062,0.237002460452654,1.9939879759519,0.119800122841143,-0.0761998771588574
"31",2.01402805611222,0.100723524844908,1.9939879759519,0.119800122841143,-0.0761998771588574
"32",2.17434869739479,0.319467732083255,1.9939879759519,0.119800122841143,-0.0761998771588574
"33",2.23446893787575,0.158133791830891,1.9939879759519,0.119800122841143,-0.0761998771588574
"34",2.25450901803607,0.150164474867635,1.9939879759519,0.119800122841143,-0.0761998771588574
"35",2.27454909819639,0.0400911883201988,1.9939879759519,0.119800122841143,-0.0761998771588574
"36",2.33466933867735,0.0954166493068817,1.9939879759519,0.119800122841143,-0.0761998771588574
"37",2.43486973947896,0.334724290318666,1.9939879759519,0.119800122841143,-0.0761998771588574
"38",2.45490981963928,0.113575352117099,1.9939879759519,0.119800122841143,-0.0761998771588574
"39",2.4749498997996,0.0216974114339188,1.9939879759519,0.119800122841143,-0.0761998771588574
"40",2.51503006012024,0.111249718364041,1.9939879759519,0.119800122841143,-0.0761998771588574
"41",2.5751503006012,0.300074783930385,1.9939879759519,0.119800122841143,-0.0761998771588574
"42",2.59519038076152,0.354400373811622,1.9939879759519,0.119800122841143,-0.0761998771588574
"43",2.71543086172345,0.186934370369905,1.9939879759519,0.119800122841143,-0.0761998771588574
"44",2.73547094188377,0.291328584118619,1.9939879759519,0.119800122841143,-0.0761998771588574
"45",2.83567134268537,0.369154600183439,1.9939879759519,0.119800122841143,-0.0761998771588574
"46",2.87575150300601,0.381307827900528,1.9939879759519,0.119800122841143,-0.0761998771588574
"47",3.8376753507014,0.363996575123011,1.9939879759519,0.119800122841143,-0.0761998771588574
"48",4.21843687374749,0.429926261235967,1.9939879759519,0.119800122841143,-0.0761998771588574
"49",4.37875751503006,0.626392198622226,1.9939879759519,0.119800122841143,-0.0761998771588574
"50",4.63927855711423,0.425133954257327,1.9939879759519,0.119800122841143,-0.0761998771588574
