"","x","yplot","target","ftrue","fwrong"
"1",-3.77755511022044,0.729220398437844,-1.8937875751503,0.906856478265802,1.1028564782658
"2",-3.49699398797595,0.917650325423805,-1.8937875751503,0.906856478265802,1.1028564782658
"3",-3.43687374749499,0.957652706320784,-1.8937875751503,0.906856478265802,1.1028564782658
"4",-2.81563126252505,0.912647947710831,-1.8937875751503,0.906856478265802,1.1028564782658
"5",-2.5751503006012,0.822929655215134,-1.8937875751503,0.906856478265802,1.1028564782658
"6",-2.39478957915832,0.822060069839138,-1.8937875751503,0.906856478265802,1.1028564782658
"7",-2.27454909819639,0.862438021449463,-1.8937875751503,0.906856478265802,1.1028564782658
"8",-1.85370741482966,0.90454606598519,-1.8937875751503,0.906856478265802,1.1028564782658
"9",-1.2124248496994,0.975132078893688,-1.8937875751503,0.906856478265802,1.1028564782658
"10",-0.350701402805611,1.01270422996534,-1.8937875751503,0.906856478265802,1.1028564782658
"11",-0.290581162324649,0.820416525878165,-1.8937875751503,0.906856478265802,1.1028564782658
"12",0.210420841683367,0.919397983900621,-1.8937875751503,0.906856478265802,1.1028564782658
"13",0.390781563126252,0.813709982142571,-1.8937875751503,0.906856478265802,1.1028564782658
"14",0.611222444889779,0.739436722647899,-1.8937875751503,0.906856478265802,1.1028564782658
"15",0.93186372745491,0.789092458001456,-1.8937875751503,0.906856478265802,1.1028564782658
"16",1.59318637274549,0.706171746781684,-1.8937875751503,0.906856478265802,1.1028564782658
"17",1.8937875751503,0.644959637319977,-1.8937875751503,0.906856478265802,1.1028564782658
"18",2.49498997995992,0.639163417755259,-1.8937875751503,0.906856478265802,1.1028564782658
"19",4.61923847695391,-0.227121131482023,-1.8937875751503,0.906856478265802,1.1028564782658
"20",4.87975951903808,-0.367569640067623,-1.8937875751503,0.906856478265802,1.1028564782658
