"","x","yplot","target","ftrue","fwrong"
"1",-2.21442885771543,-0.321421312242099,4.45891783567134,0.604631578709581,0.800631578709581
"2",-2.17434869739479,-0.411756196246783,4.45891783567134,0.604631578709581,0.800631578709581
"3",-1.9939879759519,-0.452712105425319,4.45891783567134,0.604631578709581,0.800631578709581
"4",3.85771543086172,0.491803432872627,4.45891783567134,0.604631578709581,0.800631578709581
"5",3.89779559118236,0.391322267846861,4.45891783567134,0.604631578709581,0.800631578709581
"6",3.99799599198397,0.637218876747466,4.45891783567134,0.604631578709581,0.800631578709581
"7",4.27855711422846,0.574325065561852,4.45891783567134,0.604631578709581,0.800631578709581
"8",4.33867735470942,0.644857832163984,4.45891783567134,0.604631578709581,0.800631578709581
"9",4.63927855711423,0.58801609406856,4.45891783567134,0.604631578709581,0.800631578709581
"10",4.77955911823647,0.688283673160091,4.45891783567134,0.604631578709581,0.800631578709581
