"","x","yplot","target","ftrue","fwrong"
"1",-4.95991983967936,0.581579801786164,-1.2124248496994,0.272628773344207,0.468628773344207
"2",-4.83967935871743,0.664349610708208,-1.2124248496994,0.272628773344207,0.468628773344207
"3",-4.69939879759519,0.522952758436033,-1.2124248496994,0.272628773344207,0.468628773344207
"4",-4.67935871743487,0.571891570595745,-1.2124248496994,0.272628773344207,0.468628773344207
"5",-4.61923847695391,0.447535289288902,-1.2124248496994,0.272628773344207,0.468628773344207
"6",-4.39879759519038,0.671138365061418,-1.2124248496994,0.272628773344207,0.468628773344207
"7",-4.09819639278557,0.751601414292577,-1.2124248496994,0.272628773344207,0.468628773344207
"8",-3.59719438877756,0.542381626993581,-1.2124248496994,0.272628773344207,0.468628773344207
"9",-3.41683366733467,0.53318403011895,-1.2124248496994,0.272628773344207,0.468628773344207
"10",-3.11623246492986,0.653823651456275,-1.2124248496994,0.272628773344207,0.468628773344207
"11",-3.01603206412826,0.479963530471108,-1.2124248496994,0.272628773344207,0.468628773344207
"12",-2.79559118236473,0.562569461612082,-1.2124248496994,0.272628773344207,0.468628773344207
"13",-2.4749498997996,0.505600974429705,-1.2124248496994,0.272628773344207,0.468628773344207
"14",-2.23446893787575,0.452105163960106,-1.2124248496994,0.272628773344207,0.468628773344207
"15",-2.05410821643287,0.595664362214935,-1.2124248496994,0.272628773344207,0.468628773344207
"16",-1.59318637274549,0.304146588104421,-1.2124248496994,0.272628773344207,0.468628773344207
"17",-1.47294589178357,0.191951285371223,-1.2124248496994,0.272628773344207,0.468628773344207
"18",-1.29258517034068,0.344899260260792,-1.2124248496994,0.272628773344207,0.468628773344207
"19",-1.27254509018036,0.276975891048176,-1.2124248496994,0.272628773344207,0.468628773344207
"20",-1.23246492985972,0.223015659145165,-1.2124248496994,0.272628773344207,0.468628773344207
"21",-1.17234468937876,0.340684822838752,-1.2124248496994,0.272628773344207,0.468628773344207
"22",-1.09218436873748,0.191292869478986,-1.2124248496994,0.272628773344207,0.468628773344207
"23",-0.95190380761523,0.230719457574101,-1.2124248496994,0.272628773344207,0.468628773344207
"24",-0.551102204408818,0.173169618260662,-1.2124248496994,0.272628773344207,0.468628773344207
"25",-0.290581162324649,-0.0721870138746898,-1.2124248496994,0.272628773344207,0.468628773344207
"26",-0.230460921843687,0.0263967965671307,-1.2124248496994,0.272628773344207,0.468628773344207
"27",0.210420841683367,-0.035567552269385,-1.2124248496994,0.272628773344207,0.468628773344207
"28",0.390781563126252,0.0784839684783651,-1.2124248496994,0.272628773344207,0.468628773344207
"29",0.591182364729459,-0.217061763255266,-1.2124248496994,0.272628773344207,0.468628773344207
"30",0.95190380761523,-0.35159413797835,-1.2124248496994,0.272628773344207,0.468628773344207
"31",1.53306613226453,-0.327814256330223,-1.2124248496994,0.272628773344207,0.468628773344207
"32",1.63326653306613,-0.337414335277033,-1.2124248496994,0.272628773344207,0.468628773344207
"33",2.5751503006012,-0.585010184777023,-1.2124248496994,0.272628773344207,0.468628773344207
"34",2.93587174348697,-0.688974648241934,-1.2124248496994,0.272628773344207,0.468628773344207
"35",3.2565130260521,-0.850788894588512,-1.2124248496994,0.272628773344207,0.468628773344207
"36",4.01803607214429,-0.746566459965927,-1.2124248496994,0.272628773344207,0.468628773344207
"37",4.09819639278557,-0.808883303356894,-1.2124248496994,0.272628773344207,0.468628773344207
"38",4.37875751503006,-0.714783035366375,-1.2124248496994,0.272628773344207,0.468628773344207
"39",4.47895791583166,-0.890246822800626,-1.2124248496994,0.272628773344207,0.468628773344207
"40",4.67935871743487,-0.628178074871963,-1.2124248496994,0.272628773344207,0.468628773344207
