"","x","yplot","target","ftrue","fwrong"
"1",-4.83967935871743,-0.940635541042712,1.97394789579158,0.429870905830867,0.233870905830867
"2",-4.77955911823647,-0.860019387969925,1.97394789579158,0.429870905830867,0.233870905830867
"3",-4.59919839679359,-0.868263339328892,1.97394789579158,0.429870905830867,0.233870905830867
"4",-4.55911823647295,-0.733629541151553,1.97394789579158,0.429870905830867,0.233870905830867
"5",-4.07815631262525,-0.653005761857567,1.97394789579158,0.429870905830867,0.233870905830867
"6",-3.99799599198397,-0.537473795853037,1.97394789579158,0.429870905830867,0.233870905830867
"7",-3.97795591182365,-0.713941774897729,1.97394789579158,0.429870905830867,0.233870905830867
"8",-3.81763527054108,-0.512799434942242,1.97394789579158,0.429870905830867,0.233870905830867
"9",-3.59719438877756,-0.293224469968902,1.97394789579158,0.429870905830867,0.233870905830867
"10",-3.51703406813627,-0.581646351503993,1.97394789579158,0.429870905830867,0.233870905830867
"11",-3.33667334669339,-0.465674117581774,1.97394789579158,0.429870905830867,0.233870905830867
"12",-3.01603206412826,-0.553701051207655,1.97394789579158,0.429870905830867,0.233870905830867
"13",-2.95591182364729,-0.371016405918,1.97394789579158,0.429870905830867,0.233870905830867
"14",-2.33466933867735,-0.306334080707388,1.97394789579158,0.429870905830867,0.233870905830867
"15",-1.97394789579158,-0.0102595955668549,1.97394789579158,0.429870905830867,0.233870905830867
"16",-1.83366733466934,-0.0917027675136814,1.97394789579158,0.429870905830867,0.233870905830867
"17",-1.7935871743487,-0.0348201031868743,1.97394789579158,0.429870905830867,0.233870905830867
"18",-1.23246492985972,-0.010349483389013,1.97394789579158,0.429870905830867,0.233870905830867
"19",-1.15230460921844,-0.212483407692887,1.97394789579158,0.429870905830867,0.233870905830867
"20",-0.95190380761523,-0.0698177920677786,1.97394789579158,0.429870905830867,0.233870905830867
"21",-0.390781563126253,0.178103789715781,1.97394789579158,0.429870905830867,0.233870905830867
"22",-0.370741482965932,0.227422199112178,1.97394789579158,0.429870905830867,0.233870905830867
"23",-0.130260521042084,0.0925192014777979,1.97394789579158,0.429870905830867,0.233870905830867
"24",1.1122244488978,0.333417800120418,1.97394789579158,0.429870905830867,0.233870905830867
"25",1.19238476953908,0.395366832357601,1.97394789579158,0.429870905830867,0.233870905830867
"26",1.2124248496994,0.238605099950014,1.97394789579158,0.429870905830867,0.233870905830867
"27",1.63326653306613,0.387213342821084,1.97394789579158,0.429870905830867,0.233870905830867
"28",1.75350701402806,0.28800445698216,1.97394789579158,0.429870905830867,0.233870905830867
"29",1.9939879759519,0.329410033984005,1.97394789579158,0.429870905830867,0.233870905830867
"30",2.4749498997996,0.545748101611623,1.97394789579158,0.429870905830867,0.233870905830867
"31",2.69539078156313,0.639586226523239,1.97394789579158,0.429870905830867,0.233870905830867
"32",2.75551102204409,0.309299617746796,1.97394789579158,0.429870905830867,0.233870905830867
"33",2.77555110220441,0.513252541761602,1.97394789579158,0.429870905830867,0.233870905830867
"34",2.85571142284569,0.697260025782777,1.97394789579158,0.429870905830867,0.233870905830867
"35",2.87575150300601,0.476553447506296,1.97394789579158,0.429870905830867,0.233870905830867
"36",3.03607214428858,0.411527646947715,1.97394789579158,0.429870905830867,0.233870905830867
"37",3.99799599198397,0.511464141006072,1.97394789579158,0.429870905830867,0.233870905830867
"38",4.83967935871743,0.714975294260934,1.97394789579158,0.429870905830867,0.233870905830867
"39",4.87975951903808,0.865342950650726,1.97394789579158,0.429870905830867,0.233870905830867
"40",5,0.594263962812467,1.97394789579158,0.429870905830867,0.233870905830867
