"","x","yplot","target","ftrue","fwrong"
"1",-4.73947895791583,0.595835357986457,0.410821643286573,-0.535980447193038,-0.339980447193038
"2",-4.59919839679359,0.665664575305974,0.410821643286573,-0.535980447193038,-0.339980447193038
"3",-4.15831663326653,0.475851939763117,0.410821643286573,-0.535980447193038,-0.339980447193038
"4",-3.27655310621242,0.176231156153094,0.410821643286573,-0.535980447193038,-0.339980447193038
"5",-2.95591182364729,0.148763713951865,0.410821643286573,-0.535980447193038,-0.339980447193038
"6",-2.39478957915832,0.267248755781227,0.410821643286573,-0.535980447193038,-0.339980447193038
"7",-2.374749498998,0.225127072285108,0.410821643286573,-0.535980447193038,-0.339980447193038
"8",-1.87374749498998,-0.14555616276481,0.410821643286573,-0.535980447193038,-0.339980447193038
"9",-1.1122244488978,-0.219595081690604,0.410821643286573,-0.535980447193038,-0.339980447193038
"10",-0.571142284569138,-0.226952370953602,0.410821643286573,-0.535980447193038,-0.339980447193038
"11",-0.390781563126253,-0.282758073725562,0.410821643286573,-0.535980447193038,-0.339980447193038
"12",-0.210420841683367,-0.463975111755524,0.410821643286573,-0.535980447193038,-0.339980447193038
"13",-0.190380761523047,-0.373948907235189,0.410821643286573,-0.535980447193038,-0.339980447193038
"14",-0.150300601202405,-0.546812895278613,0.410821643286573,-0.535980447193038,-0.339980447193038
"15",-0.0501002004008022,-0.389486228898285,0.410821643286573,-0.535980447193038,-0.339980447193038
"16",0.0100200400801604,-0.340868119410064,0.410821643286573,-0.535980447193038,-0.339980447193038
"17",0.110220440881763,-0.46451651666574,0.410821643286573,-0.535980447193038,-0.339980447193038
"18",0.170340681362725,-0.571876525482433,0.410821643286573,-0.535980447193038,-0.339980447193038
"19",0.250501002004007,-0.552229942808453,0.410821643286573,-0.535980447193038,-0.339980447193038
"20",0.290581162324649,-0.467141903803428,0.410821643286573,-0.535980447193038,-0.339980447193038
"21",0.31062124248497,-0.554653144754881,0.410821643286573,-0.535980447193038,-0.339980447193038
"22",0.370741482965932,-0.583150998975167,0.410821643286573,-0.535980447193038,-0.339980447193038
"23",0.490981963927855,-0.777348019250689,0.410821643286573,-0.535980447193038,-0.339980447193038
"24",0.511022044088176,-0.486668238780575,0.410821643286573,-0.535980447193038,-0.339980447193038
"25",0.6312625250501,-0.562232512405884,0.410821643286573,-0.535980447193038,-0.339980447193038
"26",0.651302605210421,-0.576797154778714,0.410821643286573,-0.535980447193038,-0.339980447193038
"27",0.671342685370742,-0.696595152189179,0.410821643286573,-0.535980447193038,-0.339980447193038
"28",0.711422845691382,-0.365508032651716,0.410821643286573,-0.535980447193038,-0.339980447193038
"29",0.731462925851703,-0.503043232456237,0.410821643286573,-0.535980447193038,-0.339980447193038
"30",0.891783567134269,-0.595071535331616,0.410821643286573,-0.535980447193038,-0.339980447193038
"31",1.01202404809619,-0.550302010130629,0.410821643286573,-0.535980447193038,-0.339980447193038
"32",1.17234468937876,-0.6122521619747,0.410821643286573,-0.535980447193038,-0.339980447193038
"33",1.2124248496994,-0.510154506272342,0.410821643286573,-0.535980447193038,-0.339980447193038
"34",1.27254509018036,-0.612388371872936,0.410821643286573,-0.535980447193038,-0.339980447193038
"35",1.29258517034068,-0.734137038802073,0.410821643286573,-0.535980447193038,-0.339980447193038
"36",1.37274549098196,-0.558790511539728,0.410821643286573,-0.535980447193038,-0.339980447193038
"37",1.39278557114228,-0.752286703728752,0.410821643286573,-0.535980447193038,-0.339980447193038
"38",1.95390781563126,-0.420251811758629,0.410821643286573,-0.535980447193038,-0.339980447193038
"39",2.51503006012024,-0.560126654469448,0.410821643286573,-0.535980447193038,-0.339980447193038
"40",4.37875751503006,0.0602767549811134,0.410821643286573,-0.535980447193038,-0.339980447193038
