"","x","yplot","target","ftrue","fwrong"
"1",-4.91983967935872,0.0802445147707098,1.55310621242485,0.142707340843522,0.338707340843522
"2",-4.81963927855711,0.051825490645945,1.55310621242485,0.142707340843522,0.338707340843522
"3",-4.59919839679359,0.271324508814173,1.55310621242485,0.142707340843522,0.338707340843522
"4",-4.57915831663327,0.358155536142573,1.55310621242485,0.142707340843522,0.338707340843522
"5",-4.47895791583166,0.17990502142448,1.55310621242485,0.142707340843522,0.338707340843522
"6",-4.35871743486974,0.403548736560994,1.55310621242485,0.142707340843522,0.338707340843522
"7",-4.29859719438878,0.41871350623781,1.55310621242485,0.142707340843522,0.338707340843522
"8",-4.13827655310621,0.300755508467575,1.55310621242485,0.142707340843522,0.338707340843522
"9",-4.03807615230461,0.509959688968788,1.55310621242485,0.142707340843522,0.338707340843522
"10",-3.7374749498998,0.589326580293544,1.55310621242485,0.142707340843522,0.338707340843522
"11",-3.27655310621242,0.686644775019714,1.55310621242485,0.142707340843522,0.338707340843522
"12",-3.19639278557114,0.783825035015951,1.55310621242485,0.142707340843522,0.338707340843522
"13",-3.1563126252505,0.741799935059094,1.55310621242485,0.142707340843522,0.338707340843522
"14",-2.89579158316633,0.858060484486109,1.55310621242485,0.142707340843522,0.338707340843522
"15",-2.39478957915832,0.69526638947518,1.55310621242485,0.142707340843522,0.338707340843522
"16",-2.19438877755511,0.635720271771711,1.55310621242485,0.142707340843522,0.338707340843522
"17",-2.11422845691383,0.519127878546429,1.55310621242485,0.142707340843522,0.338707340843522
"18",-2.09418837675351,0.474957572796618,1.55310621242485,0.142707340843522,0.338707340843522
"19",-1.81362725450902,0.451723963692516,1.55310621242485,0.142707340843522,0.338707340843522
"20",-1.39278557114228,0.272164418905385,1.55310621242485,0.142707340843522,0.338707340843522
"21",-0.95190380761523,0.309930708286911,1.55310621242485,0.142707340843522,0.338707340843522
"22",-0.0501002004008022,0.371184912960725,1.55310621242485,0.142707340843522,0.338707340843522
"23",0.190380761523046,0.16414187322278,1.55310621242485,0.142707340843522,0.338707340843522
"24",0.691382765531062,0.14390470938992,1.55310621242485,0.142707340843522,0.338707340843522
"25",0.711422845691382,0.509354139963234,1.55310621242485,0.142707340843522,0.338707340843522
"26",0.731462925851703,0.320372709193722,1.55310621242485,0.142707340843522,0.338707340843522
"27",0.811623246492986,0.375937741443278,1.55310621242485,0.142707340843522,0.338707340843522
"28",0.871743486973948,0.358000021436051,1.55310621242485,0.142707340843522,0.338707340843522
"29",1.25250501002004,0.0237593693716596,1.55310621242485,0.142707340843522,0.338707340843522
"30",1.27254509018036,0.268976711613912,1.55310621242485,0.142707340843522,0.338707340843522
"31",1.49298597194389,0.370719209857892,1.55310621242485,0.142707340843522,0.338707340843522
"32",1.55310621242485,0.285648504176216,1.55310621242485,0.142707340843522,0.338707340843522
"33",1.77354709418838,0.0542570109857276,1.55310621242485,0.142707340843522,0.338707340843522
"34",1.83366733466934,0.104421343565534,1.55310621242485,0.142707340843522,0.338707340843522
"35",1.8937875751503,-0.0841680788304742,1.55310621242485,0.142707340843522,0.338707340843522
"36",1.91382765531062,-0.0244121775411247,1.55310621242485,0.142707340843522,0.338707340843522
"37",2.13426853707415,0.108905695625291,1.55310621242485,0.142707340843522,0.338707340843522
"38",2.29458917835671,-0.00100995393290006,1.55310621242485,0.142707340843522,0.338707340843522
"39",2.5751503006012,-0.0227223826417608,1.55310621242485,0.142707340843522,0.338707340843522
"40",2.79559118236473,-0.337679046433528,1.55310621242485,0.142707340843522,0.338707340843522
"41",2.99599198396794,-0.298145283305803,1.55310621242485,0.142707340843522,0.338707340843522
"42",3.0561122244489,-0.285891916215697,1.55310621242485,0.142707340843522,0.338707340843522
"43",3.21643286573146,-0.432074239317949,1.55310621242485,0.142707340843522,0.338707340843522
"44",3.49699398797595,-0.573124118067888,1.55310621242485,0.142707340843522,0.338707340843522
"45",3.51703406813627,-0.490867699179462,1.55310621242485,0.142707340843522,0.338707340843522
"46",3.69739478957916,-0.743265175056021,1.55310621242485,0.142707340843522,0.338707340843522
"47",3.77755511022044,-0.784035272430896,1.55310621242485,0.142707340843522,0.338707340843522
"48",4.3186372745491,-0.758255941942136,1.55310621242485,0.142707340843522,0.338707340843522
"49",4.49899799599198,-0.700549811360984,1.55310621242485,0.142707340843522,0.338707340843522
"50",4.87975951903808,-0.730206844496148,1.55310621242485,0.142707340843522,0.338707340843522
