"","x","yplot","target","ftrue","fwrong"
"1",-4.57915831663327,-0.778124280516013,-2.59519038076152,-0.358311083145306,-0.554311083145306
"2",-4.29859719438878,-0.728900532825221,-2.59519038076152,-0.358311083145306,-0.554311083145306
"3",-3.87775551102204,-0.608298501433629,-2.59519038076152,-0.358311083145306,-0.554311083145306
"4",-3.85771543086172,-0.471683435091671,-2.59519038076152,-0.358311083145306,-0.554311083145306
"5",-3.71743486973948,-0.521993797256391,-2.59519038076152,-0.358311083145306,-0.554311083145306
"6",-3.51703406813627,-0.586273597210224,-2.59519038076152,-0.358311083145306,-0.554311083145306
"7",-3.45691382765531,-0.33841097623274,-2.59519038076152,-0.358311083145306,-0.554311083145306
"8",-3.21643286573146,-0.743885542737059,-2.59519038076152,-0.358311083145306,-0.554311083145306
"9",-2.97595190380762,-0.397220547767297,-2.59519038076152,-0.358311083145306,-0.554311083145306
"10",-2.79559118236473,-0.249538081704242,-2.59519038076152,-0.358311083145306,-0.554311083145306
"11",-2.75551102204409,-0.452891017618998,-2.59519038076152,-0.358311083145306,-0.554311083145306
"12",-2.71543086172345,-0.359632386666133,-2.59519038076152,-0.358311083145306,-0.554311083145306
"13",-2.53507014028056,-0.365639671104689,-2.59519038076152,-0.358311083145306,-0.554311083145306
"14",-2.49498997995992,-0.464496406453993,-2.59519038076152,-0.358311083145306,-0.554311083145306
"15",-2.27454909819639,-0.335597360105413,-2.59519038076152,-0.358311083145306,-0.554311083145306
"16",-2.23446893787575,-0.277857631466722,-2.59519038076152,-0.358311083145306,-0.554311083145306
"17",-2.19438877755511,-0.340785541063869,-2.59519038076152,-0.358311083145306,-0.554311083145306
"18",-2.07414829659319,-0.320815246374021,-2.59519038076152,-0.358311083145306,-0.554311083145306
"19",-1.9939879759519,-0.286465480183211,-2.59519038076152,-0.358311083145306,-0.554311083145306
"20",-1.91382765531062,-0.471005892899285,-2.59519038076152,-0.358311083145306,-0.554311083145306
"21",-1.49298597194389,-0.475209578878622,-2.59519038076152,-0.358311083145306,-0.554311083145306
"22",-1.09218436873748,-0.574829222532691,-2.59519038076152,-0.358311083145306,-0.554311083145306
"23",-0.991983967935872,-0.678709312216312,-2.59519038076152,-0.358311083145306,-0.554311083145306
"24",-0.811623246492986,-0.930246384479729,-2.59519038076152,-0.358311083145306,-0.554311083145306
"25",-0.591182364729459,-0.968532512280973,-2.59519038076152,-0.358311083145306,-0.554311083145306
"26",-0.370741482965932,-0.858825148007116,-2.59519038076152,-0.358311083145306,-0.554311083145306
"27",-0.290581162324649,-0.879859370842354,-2.59519038076152,-0.358311083145306,-0.554311083145306
"28",0.110220440881763,-0.954884351147889,-2.59519038076152,-0.358311083145306,-0.554311083145306
"29",0.31062124248497,-0.789356282613814,-2.59519038076152,-0.358311083145306,-0.554311083145306
"30",0.350701402805611,-0.708456545856192,-2.59519038076152,-0.358311083145306,-0.554311083145306
"31",0.490981963927855,-0.933141646415575,-2.59519038076152,-0.358311083145306,-0.554311083145306
"32",1.01202404809619,-0.870002904415528,-2.59519038076152,-0.358311083145306,-0.554311083145306
"33",1.39278557114228,-0.528788327067925,-2.59519038076152,-0.358311083145306,-0.554311083145306
"34",1.71342685370741,-0.585157155455463,-2.59519038076152,-0.358311083145306,-0.554311083145306
"35",2.31462925851703,-0.141631294001563,-2.59519038076152,-0.358311083145306,-0.554311083145306
"36",2.43486973947896,0.0203096150387605,-2.59519038076152,-0.358311083145306,-0.554311083145306
"37",2.45490981963928,-0.0700995090713638,-2.59519038076152,-0.358311083145306,-0.554311083145306
"38",2.4749498997996,-0.0512118492984312,-2.59519038076152,-0.358311083145306,-0.554311083145306
"39",2.55511022044088,0.0524151163633335,-2.59519038076152,-0.358311083145306,-0.554311083145306
"40",2.79559118236473,0.180379804561112,-2.59519038076152,-0.358311083145306,-0.554311083145306
"41",3.45691382765531,0.200865686541527,-2.59519038076152,-0.358311083145306,-0.554311083145306
"42",3.71743486973948,0.499272566072774,-2.59519038076152,-0.358311083145306,-0.554311083145306
"43",4.21843687374749,0.266199121580005,-2.59519038076152,-0.358311083145306,-0.554311083145306
"44",4.23847695390782,0.152082630707401,-2.59519038076152,-0.358311083145306,-0.554311083145306
"45",4.25851703406814,0.289355629413201,-2.59519038076152,-0.358311083145306,-0.554311083145306
"46",4.29859719438878,0.501877551360253,-2.59519038076152,-0.358311083145306,-0.554311083145306
"47",4.35871743486974,0.299790628802561,-2.59519038076152,-0.358311083145306,-0.554311083145306
"48",4.67935871743487,0.606287147408541,-2.59519038076152,-0.358311083145306,-0.554311083145306
"49",4.69939879759519,0.5853632968155,-2.59519038076152,-0.358311083145306,-0.554311083145306
"50",4.85971943887776,0.645507809723599,-2.59519038076152,-0.358311083145306,-0.554311083145306
