"","x","yplot","target","ftrue","fwrong"
"1",-5,-0.791685395799733,-1.49298597194389,-0.633161910154628,-0.437161910154628
"2",-4.71943887775551,-0.792563111762444,-1.49298597194389,-0.633161910154628,-0.437161910154628
"3",-3.71743486973948,-1.01296648161583,-1.49298597194389,-0.633161910154628,-0.437161910154628
"4",-3.67735470941884,-0.801020834524228,-1.49298597194389,-0.633161910154628,-0.437161910154628
"5",-3.53707414829659,-0.75476092210613,-1.49298597194389,-0.633161910154628,-0.437161910154628
"6",-2.87575150300601,-0.871054107658475,-1.49298597194389,-0.633161910154628,-0.437161910154628
"7",-2.51503006012024,-0.624443610977879,-1.49298597194389,-0.633161910154628,-0.437161910154628
"8",-2.33466933867735,-0.607052446058066,-1.49298597194389,-0.633161910154628,-0.437161910154628
"9",-1.61322645290581,-0.765486833204426,-1.49298597194389,-0.633161910154628,-0.437161910154628
"10",-1.45290581162325,-0.584289280098356,-1.49298597194389,-0.633161910154628,-0.437161910154628
"11",-1.25250501002004,-0.750647739261745,-1.49298597194389,-0.633161910154628,-0.437161910154628
"12",-1.1122244488978,-0.521689080939756,-1.49298597194389,-0.633161910154628,-0.437161910154628
"13",-0.831663326653307,-0.451852878296497,-1.49298597194389,-0.633161910154628,-0.437161910154628
"14",-0.591182364729459,-0.520399603973469,-1.49298597194389,-0.633161910154628,-0.437161910154628
"15",-0.571142284569138,-0.491964536464891,-1.49298597194389,-0.633161910154628,-0.437161910154628
"16",-0.531062124248497,-0.457643732429555,-1.49298597194389,-0.633161910154628,-0.437161910154628
"17",-0.230460921843687,-0.383481124860454,-1.49298597194389,-0.633161910154628,-0.437161910154628
"18",0.0501002004008013,-0.168715142530238,-1.49298597194389,-0.633161910154628,-0.437161910154628
"19",0.611222444889779,0.00452035151014524,-1.49298597194389,-0.633161910154628,-0.437161910154628
"20",0.691382765531062,-0.16756196133012,-1.49298597194389,-0.633161910154628,-0.437161910154628
"21",1.91382765531062,0.177769910059223,-1.49298597194389,-0.633161910154628,-0.437161910154628
"22",2.11422845691383,0.324978894174628,-1.49298597194389,-0.633161910154628,-0.437161910154628
"23",2.55511022044088,0.239424570037723,-1.49298597194389,-0.633161910154628,-0.437161910154628
"24",2.85571142284569,0.368894870934584,-1.49298597194389,-0.633161910154628,-0.437161910154628
"25",3.95791583166333,0.379738889741984,-1.49298597194389,-0.633161910154628,-0.437161910154628
"26",4.3186372745491,0.205694229541955,-1.49298597194389,-0.633161910154628,-0.437161910154628
"27",4.79959919839679,0.403568929845167,-1.49298597194389,-0.633161910154628,-0.437161910154628
"28",4.81963927855711,0.522875576534842,-1.49298597194389,-0.633161910154628,-0.437161910154628
"29",4.87975951903808,0.628996878101701,-1.49298597194389,-0.633161910154628,-0.437161910154628
"30",4.95991983967936,0.406586700335196,-1.49298597194389,-0.633161910154628,-0.437161910154628
