"","x","yplot","target","ftrue","fwrong"
"1",-3.93787575150301,-0.684765326412439,-2.61523046092184,-0.591778518644975,-0.395778518644975
"2",-3.0561122244489,-0.856426668310927,-2.61523046092184,-0.591778518644975,-0.395778518644975
"3",-2.95591182364729,-0.71095290992053,-2.61523046092184,-0.591778518644975,-0.395778518644975
"4",-2.87575150300601,-0.772779754241516,-2.61523046092184,-0.591778518644975,-0.395778518644975
"5",-2.67535070140281,-0.67017130264844,-2.61523046092184,-0.591778518644975,-0.395778518644975
"6",-2.41482965931864,-0.653041637825167,-2.61523046092184,-0.591778518644975,-0.395778518644975
"7",-2.27454909819639,-0.554061819027906,-2.61523046092184,-0.591778518644975,-0.395778518644975
"8",-1.85370741482966,-0.137697508500347,-2.61523046092184,-0.591778518644975,-0.395778518644975
"9",-0.751503006012024,0.64349319407312,-2.61523046092184,-0.591778518644975,-0.395778518644975
"10",1.312625250501,0.423329748230277,-2.61523046092184,-0.591778518644975,-0.395778518644975
