"","x","yplot","target","ftrue","fwrong"
"1",-4.27855711422846,0.408114837627015,4.79959919839679,-0.442634031026643,-0.246634031026643
"2",-4.25851703406814,0.524832872279893,4.79959919839679,-0.442634031026643,-0.246634031026643
"3",-3.93787575150301,0.365196294911663,4.79959919839679,-0.442634031026643,-0.246634031026643
"4",-2.95591182364729,0.0867144508121386,4.79959919839679,-0.442634031026643,-0.246634031026643
"5",-2.85571142284569,0.0857722983107807,4.79959919839679,-0.442634031026643,-0.246634031026643
"6",-2.11422845691383,-0.00392047476251436,4.79959919839679,-0.442634031026643,-0.246634031026643
"7",-1.91382765531062,-0.00704177295927394,4.79959919839679,-0.442634031026643,-0.246634031026643
"8",-1.73346693386774,-0.287685132856811,4.79959919839679,-0.442634031026643,-0.246634031026643
"9",-1.69338677354709,-0.13956950227127,4.79959919839679,-0.442634031026643,-0.246634031026643
"10",-1.59318637274549,-0.19362400970341,4.79959919839679,-0.442634031026643,-0.246634031026643
"11",-1.53306613226453,-0.254229733855726,4.79959919839679,-0.442634031026643,-0.246634031026643
"12",-1.43286573146293,-0.444544015363307,4.79959919839679,-0.442634031026643,-0.246634031026643
"13",-1.29258517034068,-0.315974263206886,4.79959919839679,-0.442634031026643,-0.246634031026643
"14",-0.93186372745491,-0.5330313509405,4.79959919839679,-0.442634031026643,-0.246634031026643
"15",-0.571142284569138,-0.402861350107745,4.79959919839679,-0.442634031026643,-0.246634031026643
"16",-0.0701402805611222,-0.505973706084639,4.79959919839679,-0.442634031026643,-0.246634031026643
"17",0.0300601202404804,-0.645678732619284,4.79959919839679,-0.442634031026643,-0.246634031026643
"18",0.0701402805611222,-0.649926141928449,4.79959919839679,-0.442634031026643,-0.246634031026643
"19",0.130260521042084,-0.551091551876173,4.79959919839679,-0.442634031026643,-0.246634031026643
"20",0.210420841683367,-0.619088979294918,4.79959919839679,-0.442634031026643,-0.246634031026643
"21",0.911823647294589,-0.588879927291425,4.79959919839679,-0.442634031026643,-0.246634031026643
"22",0.991983967935871,-0.360654782452721,4.79959919839679,-0.442634031026643,-0.246634031026643
"23",1.23246492985972,-0.691979677388264,4.79959919839679,-0.442634031026643,-0.246634031026643
"24",1.33266533066132,-0.68738290361487,4.79959919839679,-0.442634031026643,-0.246634031026643
"25",1.47294589178357,-0.663540310488742,4.79959919839679,-0.442634031026643,-0.246634031026643
"26",1.49298597194389,-0.704849237527538,4.79959919839679,-0.442634031026643,-0.246634031026643
"27",1.85370741482966,-0.644313794867614,4.79959919839679,-0.442634031026643,-0.246634031026643
"28",3.27655310621243,-0.722867171159242,4.79959919839679,-0.442634031026643,-0.246634031026643
"29",3.8376753507014,-0.676007504649745,4.79959919839679,-0.442634031026643,-0.246634031026643
"30",3.87775551102204,-0.570379748818202,4.79959919839679,-0.442634031026643,-0.246634031026643
"31",3.99799599198397,-0.378002378523714,4.79959919839679,-0.442634031026643,-0.246634031026643
"32",4.17835671342685,-0.693312357306999,4.79959919839679,-0.442634031026643,-0.246634031026643
"33",4.23847695390782,-0.403627348691547,4.79959919839679,-0.442634031026643,-0.246634031026643
"34",4.37875751503006,-0.431553743701717,4.79959919839679,-0.442634031026643,-0.246634031026643
"35",4.39879759519038,-0.580993459620962,4.79959919839679,-0.442634031026643,-0.246634031026643
"36",4.53907815631263,-0.47770093152174,4.79959919839679,-0.442634031026643,-0.246634031026643
"37",4.63927855711423,-0.378508611493707,4.79959919839679,-0.442634031026643,-0.246634031026643
"38",4.71943887775551,-0.353769414297046,4.79959919839679,-0.442634031026643,-0.246634031026643
"39",4.93987975951904,-0.252508996607813,4.79959919839679,-0.442634031026643,-0.246634031026643
"40",4.95991983967936,-0.317653757844771,4.79959919839679,-0.442634031026643,-0.246634031026643
