"","x","yplot","target","ftrue","fwrong"
"1",-4.65931863727455,-0.567567166574704,4.27855711422846,0.342926752334926,0.146926752334926
"2",-4.45891783567134,-0.676023439057807,4.27855711422846,0.342926752334926,0.146926752334926
"3",-4.3186372745491,-0.66717619188465,4.27855711422846,0.342926752334926,0.146926752334926
"4",-4.23847695390782,-0.869235164940491,4.27855711422846,0.342926752334926,0.146926752334926
"5",-4.17835671342685,-0.889836218505777,4.27855711422846,0.342926752334926,0.146926752334926
"6",-3.69739478957916,-0.92193157771537,4.27855711422846,0.342926752334926,0.146926752334926
"7",-3.49699398797595,-0.802549469212447,4.27855711422846,0.342926752334926,0.146926752334926
"8",-2.4749498997996,-0.987177870484113,4.27855711422846,0.342926752334926,0.146926752334926
"9",-2.374749498998,-1.05375866571157,4.27855711422846,0.342926752334926,0.146926752334926
"10",-2.07414829659319,-1.00088387525129,4.27855711422846,0.342926752334926,0.146926752334926
"11",-1.95390781563126,-1.01498699351528,4.27855711422846,0.342926752334926,0.146926752334926
"12",-1.87374749498998,-0.694038468377441,4.27855711422846,0.342926752334926,0.146926752334926
"13",-1.53306613226453,-0.844276273895181,4.27855711422846,0.342926752334926,0.146926752334926
"14",-1.45290581162325,-0.900215725158839,4.27855711422846,0.342926752334926,0.146926752334926
"15",-0.93186372745491,-0.83032900606146,4.27855711422846,0.342926752334926,0.146926752334926
"16",-0.571142284569138,-0.723618542888693,4.27855711422846,0.342926752334926,0.146926752334926
"17",-0.350701402805611,-0.56383349801302,4.27855711422846,0.342926752334926,0.146926752334926
"18",1.67334669338677,-0.112518252719959,4.27855711422846,0.342926752334926,0.146926752334926
"19",2.13426853707415,0.00904960442373699,4.27855711422846,0.342926752334926,0.146926752334926
"20",2.93587174348697,0.36447592953782,4.27855711422846,0.342926752334926,0.146926752334926
"21",2.95591182364729,0.0780808282591882,4.27855711422846,0.342926752334926,0.146926752334926
"22",3.33667334669339,0.273250630784721,4.27855711422846,0.342926752334926,0.146926752334926
"23",3.57715430861723,0.266839061281267,4.27855711422846,0.342926752334926,0.146926752334926
"24",4.11823647294589,0.313822985818684,4.27855711422846,0.342926752334926,0.146926752334926
"25",4.17835671342685,0.275873974468735,4.27855711422846,0.342926752334926,0.146926752334926
"26",4.19839679358717,0.353478222695036,4.27855711422846,0.342926752334926,0.146926752334926
"27",4.39879759519038,0.309215046426966,4.27855711422846,0.342926752334926,0.146926752334926
"28",4.69939879759519,0.364251426464921,4.27855711422846,0.342926752334926,0.146926752334926
"29",4.93987975951904,0.449880671052606,4.27855711422846,0.342926752334926,0.146926752334926
"30",5,0.605363302392004,4.27855711422846,0.342926752334926,0.146926752334926
