"","x","yplot","target","ftrue","fwrong"
"1",-4.53907815631263,0.0515053744948512,3.0561122244489,-0.38574773378777,-0.58174773378777
"2",-3.93787575150301,-0.28206640965789,3.0561122244489,-0.38574773378777,-0.58174773378777
"3",-3.79759519038076,-0.347762716628736,3.0561122244489,-0.38574773378777,-0.58174773378777
"4",-3.59719438877756,-0.556001004419892,3.0561122244489,-0.38574773378777,-0.58174773378777
"5",-3.51703406813627,-0.399372532966741,3.0561122244489,-0.38574773378777,-0.58174773378777
"6",-2.79559118236473,-0.540119015915684,3.0561122244489,-0.38574773378777,-0.58174773378777
"7",-0.410821643286574,-0.285880293456628,3.0561122244489,-0.38574773378777,-0.58174773378777
"8",0.190380761523046,-0.367803692768894,3.0561122244489,-0.38574773378777,-0.58174773378777
"9",0.370741482965932,-0.485297808815305,3.0561122244489,-0.38574773378777,-0.58174773378777
"10",1.81362725450902,-0.875760844934578,3.0561122244489,-0.38574773378777,-0.58174773378777
"11",2.07414829659319,-0.816614705569856,3.0561122244489,-0.38574773378777,-0.58174773378777
"12",2.15430861723447,-0.833225046402381,3.0561122244489,-0.38574773378777,-0.58174773378777
"13",2.19438877755511,-0.644573712995087,3.0561122244489,-0.38574773378777,-0.58174773378777
"14",2.23446893787575,-0.826427023468209,3.0561122244489,-0.38574773378777,-0.58174773378777
"15",2.27454909819639,-0.618233273481713,3.0561122244489,-0.38574773378777,-0.58174773378777
"16",2.29458917835671,-0.653620722075036,3.0561122244489,-0.38574773378777,-0.58174773378777
"17",2.35470941883768,-0.748983434817071,3.0561122244489,-0.38574773378777,-0.58174773378777
"18",2.43486973947896,-0.689065323774095,3.0561122244489,-0.38574773378777,-0.58174773378777
"19",2.45490981963928,-0.605699903821634,3.0561122244489,-0.38574773378777,-0.58174773378777
"20",2.51503006012024,-0.666451524883107,3.0561122244489,-0.38574773378777,-0.58174773378777
"21",2.69539078156313,-0.524098106761415,3.0561122244489,-0.38574773378777,-0.58174773378777
"22",2.71543086172345,-0.518132134068069,3.0561122244489,-0.38574773378777,-0.58174773378777
"23",2.73547094188377,-0.547385578814611,3.0561122244489,-0.38574773378777,-0.58174773378777
"24",2.95591182364729,-0.395079907173939,3.0561122244489,-0.38574773378777,-0.58174773378777
"25",3.03607214428858,-0.508688836270084,3.0561122244489,-0.38574773378777,-0.58174773378777
"26",3.07615230460922,-0.36091820749713,3.0561122244489,-0.38574773378777,-0.58174773378777
"27",3.11623246492986,-0.605844135992435,3.0561122244489,-0.38574773378777,-0.58174773378777
"28",3.1563126252505,-0.445392810896919,3.0561122244489,-0.38574773378777,-0.58174773378777
"29",3.31663326653307,-0.2880851968402,3.0561122244489,-0.38574773378777,-0.58174773378777
"30",3.41683366733467,0.0145866051731641,3.0561122244489,-0.38574773378777,-0.58174773378777
"31",3.49699398797595,-0.185840614578504,3.0561122244489,-0.38574773378777,-0.58174773378777
"32",3.57715430861723,-0.055626243371248,3.0561122244489,-0.38574773378777,-0.58174773378777
"33",3.6372745490982,0.0565770385020343,3.0561122244489,-0.38574773378777,-0.58174773378777
"34",3.69739478957916,0.065313119025021,3.0561122244489,-0.38574773378777,-0.58174773378777
"35",3.77755511022044,0.164516172345771,3.0561122244489,-0.38574773378777,-0.58174773378777
"36",3.89779559118236,0.283007953316162,3.0561122244489,-0.38574773378777,-0.58174773378777
"37",3.95791583166333,0.499044830302958,3.0561122244489,-0.38574773378777,-0.58174773378777
"38",4.01803607214429,0.398659090144284,3.0561122244489,-0.38574773378777,-0.58174773378777
"39",4.21843687374749,0.577308728996032,3.0561122244489,-0.38574773378777,-0.58174773378777
"40",4.37875751503006,0.585275425012695,3.0561122244489,-0.38574773378777,-0.58174773378777
