"","x","yplot","target","ftrue","fwrong"
"1",-2.63527054108216,-0.584563200841019,2.01402805611222,-0.158222122440938,-0.354222122440938
"2",-2.59519038076152,-0.450074374581488,2.01402805611222,-0.158222122440938,-0.354222122440938
"3",-2.43486973947896,-0.610717548217709,2.01402805611222,-0.158222122440938,-0.354222122440938
"4",-1.71342685370742,-0.195502622579791,2.01402805611222,-0.158222122440938,-0.354222122440938
"5",-0.470941883767535,0.315846930937732,2.01402805611222,-0.158222122440938,-0.354222122440938
"6",-0.110220440881764,0.368533572059618,2.01402805611222,-0.158222122440938,-0.354222122440938
"7",0.0701402805611222,0.404922470377939,2.01402805611222,-0.158222122440938,-0.354222122440938
"8",1.19238476953908,0.121663091272024,2.01402805611222,-0.158222122440938,-0.354222122440938
"9",1.25250501002004,0.142705801725588,2.01402805611222,-0.158222122440938,-0.354222122440938
"10",1.312625250501,-0.0250724967530805,2.01402805611222,-0.158222122440938,-0.354222122440938
"11",1.37274549098196,0.0353777208605308,2.01402805611222,-0.158222122440938,-0.354222122440938
"12",1.59318637274549,-0.131311047807286,2.01402805611222,-0.158222122440938,-0.354222122440938
"13",1.63326653306613,-0.261841874925588,2.01402805611222,-0.158222122440938,-0.354222122440938
"14",1.65330661322645,-0.0250815497815745,2.01402805611222,-0.158222122440938,-0.354222122440938
"15",1.9939879759519,-0.0718709273212346,2.01402805611222,-0.158222122440938,-0.354222122440938
"16",2.23446893787575,-0.276888974024007,2.01402805611222,-0.158222122440938,-0.354222122440938
"17",2.25450901803607,-0.0938702340692718,2.01402805611222,-0.158222122440938,-0.354222122440938
"18",2.27454909819639,-0.225348527908949,2.01402805611222,-0.158222122440938,-0.354222122440938
"19",2.29458917835671,-0.281270621274622,2.01402805611222,-0.158222122440938,-0.354222122440938
"20",2.35470941883768,-0.126821872725319,2.01402805611222,-0.158222122440938,-0.354222122440938
"21",2.43486973947896,-0.140380512553176,2.01402805611222,-0.158222122440938,-0.354222122440938
"22",2.51503006012024,-0.2196170080303,2.01402805611222,-0.158222122440938,-0.354222122440938
"23",2.65531062124249,-0.0177276202670107,2.01402805611222,-0.158222122440938,-0.354222122440938
"24",2.71543086172345,-0.168914160796431,2.01402805611222,-0.158222122440938,-0.354222122440938
"25",2.79559118236473,-0.0401900955728418,2.01402805611222,-0.158222122440938,-0.354222122440938
"26",2.85571142284569,-0.0725332017134171,2.01402805611222,-0.158222122440938,-0.354222122440938
"27",2.91583166332665,-0.238859009182469,2.01402805611222,-0.158222122440938,-0.354222122440938
"28",2.95591182364729,0.00577810613414617,2.01402805611222,-0.158222122440938,-0.354222122440938
"29",4.07815631262525,0.165368036055479,2.01402805611222,-0.158222122440938,-0.354222122440938
"30",4.19839679358717,0.00113664317903953,2.01402805611222,-0.158222122440938,-0.354222122440938
