"","x","yplot","target","ftrue","fwrong"
"1",-4.81963927855711,-0.0840979888114791,-0.591182364729459,-0.203867312213824,-0.399867312213824
"2",-2.99599198396794,-0.802720819598961,-0.591182364729459,-0.203867312213824,-0.399867312213824
"3",-1.71342685370742,-0.771168752343904,-0.591182364729459,-0.203867312213824,-0.399867312213824
"4",-1.53306613226453,-0.86978308305646,-0.591182364729459,-0.203867312213824,-0.399867312213824
"5",-1.47294589178357,-0.904902437333173,-0.591182364729459,-0.203867312213824,-0.399867312213824
"6",-1.45290581162325,-1.03570722569382,-0.591182364729459,-0.203867312213824,-0.399867312213824
"7",-1.39278557114228,-0.795709274527895,-0.591182364729459,-0.203867312213824,-0.399867312213824
"8",-1.27254509018036,-0.78631946992015,-0.591182364729459,-0.203867312213824,-0.399867312213824
"9",-1.25250501002004,-0.725645075780753,-0.591182364729459,-0.203867312213824,-0.399867312213824
"10",-1.2124248496994,-0.605793095590908,-0.591182364729459,-0.203867312213824,-0.399867312213824
"11",-1.13226452905812,-0.520074960978124,-0.591182364729459,-0.203867312213824,-0.399867312213824
"12",-1.07214428857715,-0.373324137445,-0.591182364729459,-0.203867312213824,-0.399867312213824
"13",-0.971943887775551,-0.574810133459988,-0.591182364729459,-0.203867312213824,-0.399867312213824
"14",-0.511022044088176,-0.0383040984275937,-0.591182364729459,-0.203867312213824,-0.399867312213824
"15",-0.210420841683367,0.0981427332573823,-0.591182364729459,-0.203867312213824,-0.399867312213824
"16",-0.130260521042084,0.0744846669887721,-0.591182364729459,-0.203867312213824,-0.399867312213824
"17",0.230460921843687,0.453440280373828,-0.591182364729459,-0.203867312213824,-0.399867312213824
"18",2.99599198396794,-0.442911765443831,-0.591182364729459,-0.203867312213824,-0.399867312213824
"19",4.77955911823647,-0.323003065834083,-0.591182364729459,-0.203867312213824,-0.399867312213824
"20",4.97995991983968,-0.351251212099126,-0.591182364729459,-0.203867312213824,-0.399867312213824
