"","x","yplot","target","ftrue","fwrong"
"1",-4.27855711422846,-0.11776243159681,-3.29659318637275,-0.126692111516229,0.0693078884837714
"2",-3.81763527054108,-0.161945402595327,-3.29659318637275,-0.126692111516229,0.0693078884837714
"3",-3.75751503006012,-0.216164422748127,-3.29659318637275,-0.126692111516229,0.0693078884837714
"4",-3.61723446893788,-0.1867548605033,-3.29659318637275,-0.126692111516229,0.0693078884837714
"5",-3.59719438877756,-0.147942485109866,-3.29659318637275,-0.126692111516229,0.0693078884837714
"6",-3.47695390781563,-0.0879152606264234,-3.29659318637275,-0.126692111516229,0.0693078884837714
"7",-3.17635270541082,-0.165171823622601,-3.29659318637275,-0.126692111516229,0.0693078884837714
"8",-3.1563126252505,0.0332035927775111,-3.29659318637275,-0.126692111516229,0.0693078884837714
"9",-3.11623246492986,-0.0157787214165871,-3.29659318637275,-0.126692111516229,0.0693078884837714
"10",-3.09619238476954,-0.416289112547925,-3.29659318637275,-0.126692111516229,0.0693078884837714
"11",-2.99599198396794,-0.164260240037424,-3.29659318637275,-0.126692111516229,0.0693078884837714
"12",-2.79559118236473,-0.0756497912303564,-3.29659318637275,-0.126692111516229,0.0693078884837714
"13",-2.63527054108216,-0.202173937673043,-3.29659318637275,-0.126692111516229,0.0693078884837714
"14",-2.59519038076152,-0.192854685710739,-3.29659318637275,-0.126692111516229,0.0693078884837714
"15",-1.37274549098196,-0.0564893806946426,-3.29659318637275,-0.126692111516229,0.0693078884837714
"16",0.110220440881763,-0.426218769160712,-3.29659318637275,-0.126692111516229,0.0693078884837714
"17",0.531062124248497,-0.58469425131792,-3.29659318637275,-0.126692111516229,0.0693078884837714
"18",2.09418837675351,-0.845446944185855,-3.29659318637275,-0.126692111516229,0.0693078884837714
"19",2.25450901803607,-0.780747573141627,-3.29659318637275,-0.126692111516229,0.0693078884837714
"20",3.75751503006012,0.0712748846703377,-3.29659318637275,-0.126692111516229,0.0693078884837714
