"","x","yplot","target","ftrue","fwrong"
"1",-5,0.947579711932386,-0.95190380761523,-0.0330122875034099,-0.22901228750341
"2",-4.61923847695391,1.101400823323,-0.95190380761523,-0.0330122875034099,-0.22901228750341
"3",-3.87775551102204,0.704282743615995,-0.95190380761523,-0.0330122875034099,-0.22901228750341
"4",-3.37675350701403,0.366928263777877,-0.95190380761523,-0.0330122875034099,-0.22901228750341
"5",-2.07414829659319,0.306355403851372,-0.95190380761523,-0.0330122875034099,-0.22901228750341
"6",-1.9939879759519,0.181097399060632,-0.95190380761523,-0.0330122875034099,-0.22901228750341
"7",-1.81362725450902,0.018968372507896,-0.95190380761523,-0.0330122875034099,-0.22901228750341
"8",-1.47294589178357,0.0128955741282513,-0.95190380761523,-0.0330122875034099,-0.22901228750341
"9",-1.07214428857715,-0.148686845427253,-0.95190380761523,-0.0330122875034099,-0.22901228750341
"10",-0.91182364729459,-0.0345782345604535,-0.95190380761523,-0.0330122875034099,-0.22901228750341
"11",-0.711422845691383,-0.164374144143151,-0.95190380761523,-0.0330122875034099,-0.22901228750341
"12",-0.190380761523047,-0.323970930701033,-0.95190380761523,-0.0330122875034099,-0.22901228750341
"13",0.270541082164328,-0.287091051699828,-0.95190380761523,-0.0330122875034099,-0.22901228750341
"14",0.571142284569138,-0.470931633038409,-0.95190380761523,-0.0330122875034099,-0.22901228750341
"15",1.09218436873747,-0.624970640639051,-0.95190380761523,-0.0330122875034099,-0.22901228750341
"16",1.47294589178357,-0.465705878612168,-0.95190380761523,-0.0330122875034099,-0.22901228750341
"17",1.49298597194389,-0.439391749359662,-0.95190380761523,-0.0330122875034099,-0.22901228750341
"18",1.95390781563126,-0.612812787183611,-0.95190380761523,-0.0330122875034099,-0.22901228750341
"19",2.23446893787575,-0.653389077633445,-0.95190380761523,-0.0330122875034099,-0.22901228750341
"20",4.57915831663327,-0.712401083521554,-0.95190380761523,-0.0330122875034099,-0.22901228750341
