"","x","yplot","target","ftrue","fwrong"
"1",-3.91783567134269,-0.856692313701868,2.29458917835671,0.291143987624353,0.487143987624353
"2",-2.67535070140281,-0.915143465957247,2.29458917835671,0.291143987624353,0.487143987624353
"3",0.430861723446894,-0.276070843104243,2.29458917835671,0.291143987624353,0.487143987624353
"4",1.77354709418838,0.0673230244927462,2.29458917835671,0.291143987624353,0.487143987624353
"5",1.91382765531062,0.177035338000237,2.29458917835671,0.291143987624353,0.487143987624353
"6",2.13426853707415,0.207002628759292,2.29458917835671,0.291143987624353,0.487143987624353
"7",2.25450901803607,0.33349805283745,2.29458917835671,0.291143987624353,0.487143987624353
"8",2.41482965931864,0.196635658039921,2.29458917835671,0.291143987624353,0.487143987624353
"9",2.77555110220441,0.518212477511349,2.29458917835671,0.291143987624353,0.487143987624353
"10",2.87575150300601,0.339426145302306,2.29458917835671,0.291143987624353,0.487143987624353
