"","x","yplot","target","ftrue","fwrong"
"1",-4.77955911823647,0.128405696123181,-2.59519038076152,-0.309667155306446,-0.113667155306446
"2",-3.11623246492986,-0.449718600833315,-2.59519038076152,-0.309667155306446,-0.113667155306446
"3",-2.4749498997996,-0.402348636874597,-2.59519038076152,-0.309667155306446,-0.113667155306446
"4",-1.85370741482966,-0.208988482254415,-2.59519038076152,-0.309667155306446,-0.113667155306446
"5",-1.75350701402806,-0.0504661847020475,-2.59519038076152,-0.309667155306446,-0.113667155306446
"6",-1.73346693386774,-0.187933219716225,-2.59519038076152,-0.309667155306446,-0.113667155306446
"7",-1.65330661322645,-0.0407905674351423,-2.59519038076152,-0.309667155306446,-0.113667155306446
"8",-1.35270541082164,0.255265993395169,-2.59519038076152,-0.309667155306446,-0.113667155306446
"9",-0.0901803607214431,0.253788180232871,-2.59519038076152,-0.309667155306446,-0.113667155306446
"10",-0.0701402805611222,0.676112235087238,-2.59519038076152,-0.309667155306446,-0.113667155306446
"11",0.831663326653306,-0.0039442749403953,-2.59519038076152,-0.309667155306446,-0.113667155306446
"12",0.911823647294589,-0.202513793842246,-2.59519038076152,-0.309667155306446,-0.113667155306446
"13",0.971943887775551,-0.135405244662189,-2.59519038076152,-0.309667155306446,-0.113667155306446
"14",1.55310621242485,-0.532136306421878,-2.59519038076152,-0.309667155306446,-0.113667155306446
"15",2.65531062124249,-0.67149687950284,-2.59519038076152,-0.309667155306446,-0.113667155306446
"16",2.99599198396794,-0.706093810701153,-2.59519038076152,-0.309667155306446,-0.113667155306446
"17",3.09619238476954,-0.605379201647608,-2.59519038076152,-0.309667155306446,-0.113667155306446
"18",3.79759519038076,-0.23329592365139,-2.59519038076152,-0.309667155306446,-0.113667155306446
"19",3.95791583166333,-0.274229287230078,-2.59519038076152,-0.309667155306446,-0.113667155306446
"20",4.59919839679359,0.089006181469471,-2.59519038076152,-0.309667155306446,-0.113667155306446
