"","x","yplot","target","ftrue","fwrong"
"1",-4.97995991983968,-0.922974339654954,-4.35871743486974,-0.627070680145595,-0.431070680145595
"2",-4.93987975951904,-0.83563687280788,-4.35871743486974,-0.627070680145595,-0.431070680145595
"3",-4.83967935871743,-0.979883731622291,-4.35871743486974,-0.627070680145595,-0.431070680145595
"4",-4.79959919839679,-0.909633161686195,-4.35871743486974,-0.627070680145595,-0.431070680145595
"5",-4.77955911823647,-0.905011744416799,-4.35871743486974,-0.627070680145595,-0.431070680145595
"6",-4.61923847695391,-0.699426218935362,-4.35871743486974,-0.627070680145595,-0.431070680145595
"7",-4.53907815631263,-0.742987928380507,-4.35871743486974,-0.627070680145595,-0.431070680145595
"8",-4.43887775551102,-0.798600478202026,-4.35871743486974,-0.627070680145595,-0.431070680145595
"9",-4.4188376753507,-0.825519911949231,-4.35871743486974,-0.627070680145595,-0.431070680145595
"10",-4.37875751503006,-0.749439575907516,-4.35871743486974,-0.627070680145595,-0.431070680145595
"11",-4.17835671342685,-0.560799695059607,-4.35871743486974,-0.627070680145595,-0.431070680145595
"12",-4.13827655310621,-0.4799202520513,-4.35871743486974,-0.627070680145595,-0.431070680145595
"13",-4.05811623246493,-0.46673925435142,-4.35871743486974,-0.627070680145595,-0.431070680145595
"14",-3.97795591182365,-0.589672374767636,-4.35871743486974,-0.627070680145595,-0.431070680145595
"15",-3.93787575150301,-0.469756968905978,-4.35871743486974,-0.627070680145595,-0.431070680145595
"16",-3.87775551102204,-0.643190385433348,-4.35871743486974,-0.627070680145595,-0.431070680145595
"17",-3.8376753507014,-0.395528410096302,-4.35871743486974,-0.627070680145595,-0.431070680145595
"18",-3.71743486973948,-0.40925087480862,-4.35871743486974,-0.627070680145595,-0.431070680145595
"19",-3.61723446893788,-0.132760971239236,-4.35871743486974,-0.627070680145595,-0.431070680145595
"20",-3.57715430861723,-0.413990121960496,-4.35871743486974,-0.627070680145595,-0.431070680145595
"21",-3.39679358717435,-0.245646365748291,-4.35871743486974,-0.627070680145595,-0.431070680145595
"22",-3.11623246492986,-0.263418896107361,-4.35871743486974,-0.627070680145595,-0.431070680145595
"23",-2.53507014028056,0.0602240748906523,-4.35871743486974,-0.627070680145595,-0.431070680145595
"24",-1.19238476953908,0.430647640033171,-4.35871743486974,-0.627070680145595,-0.431070680145595
"25",-0.170340681362726,0.735276705211709,-4.35871743486974,-0.627070680145595,-0.431070680145595
"26",1.39278557114228,0.468136181900426,-4.35871743486974,-0.627070680145595,-0.431070680145595
"27",2.17434869739479,0.696030010721227,-4.35871743486974,-0.627070680145595,-0.431070680145595
"28",2.81563126252505,0.391700032988607,-4.35871743486974,-0.627070680145595,-0.431070680145595
"29",3.57715430861723,0.44416621901728,-4.35871743486974,-0.627070680145595,-0.431070680145595
"30",3.87775551102204,0.201345458623477,-4.35871743486974,-0.627070680145595,-0.431070680145595
