"","x","yplot","target","ftrue","fwrong"
"1",-5,0.992293928058037,1.81362725450902,-0.483227518485024,-0.679227518485024
"2",-4.91983967935872,0.926869663322087,1.81362725450902,-0.483227518485024,-0.679227518485024
"3",-4.85971943887776,0.813911568024377,1.81362725450902,-0.483227518485024,-0.679227518485024
"4",-4.59919839679359,0.934972077061256,1.81362725450902,-0.483227518485024,-0.679227518485024
"5",-3.81763527054108,0.736436959348702,1.81362725450902,-0.483227518485024,-0.679227518485024
"6",-3.75751503006012,0.581932256324439,1.81362725450902,-0.483227518485024,-0.679227518485024
"7",-2.85571142284569,0.490151579118421,1.81362725450902,-0.483227518485024,-0.679227518485024
"8",-2.73547094188377,0.316497254893255,1.81362725450902,-0.483227518485024,-0.679227518485024
"9",0.430861723446894,-0.020323999012513,1.81362725450902,-0.483227518485024,-0.679227518485024
"10",0.6312625250501,-0.152738013524535,1.81362725450902,-0.483227518485024,-0.679227518485024
"11",0.95190380761523,-0.233144535118226,1.81362725450902,-0.483227518485024,-0.679227518485024
"12",0.991983967935871,-0.246010806236811,1.81362725450902,-0.483227518485024,-0.679227518485024
"13",1.17234468937876,-0.470256729326705,1.81362725450902,-0.483227518485024,-0.679227518485024
"14",1.19238476953908,-0.406588068992388,1.81362725450902,-0.483227518485024,-0.679227518485024
"15",1.23246492985972,-0.311073286454596,1.81362725450902,-0.483227518485024,-0.679227518485024
"16",1.33266533066132,-0.197998236115069,1.81362725450902,-0.483227518485024,-0.679227518485024
"17",1.47294589178357,-0.442837753836089,1.81362725450902,-0.483227518485024,-0.679227518485024
"18",1.49298597194389,-0.286256870830059,1.81362725450902,-0.483227518485024,-0.679227518485024
"19",1.55310621242485,-0.525905053189401,1.81362725450902,-0.483227518485024,-0.679227518485024
"20",1.69338677354709,-0.468516968570676,1.81362725450902,-0.483227518485024,-0.679227518485024
"21",1.75350701402806,-0.537513790507899,1.81362725450902,-0.483227518485024,-0.679227518485024
"22",1.77354709418838,-0.629479862171897,1.81362725450902,-0.483227518485024,-0.679227518485024
"23",1.7935871743487,-0.406410655592623,1.81362725450902,-0.483227518485024,-0.679227518485024
"24",1.91382765531062,-0.429443115165194,1.81362725450902,-0.483227518485024,-0.679227518485024
"25",1.9939879759519,-0.505096527079251,1.81362725450902,-0.483227518485024,-0.679227518485024
"26",2.09418837675351,-0.602457121955518,1.81362725450902,-0.483227518485024,-0.679227518485024
"27",2.23446893787575,-0.640114292092736,1.81362725450902,-0.483227518485024,-0.679227518485024
"28",2.374749498998,-0.737867484452115,1.81362725450902,-0.483227518485024,-0.679227518485024
"29",2.39478957915832,-0.592348550123136,1.81362725450902,-0.483227518485024,-0.679227518485024
"30",2.43486973947896,-0.898163071395517,1.81362725450902,-0.483227518485024,-0.679227518485024
"31",2.55511022044088,-0.701889271453486,1.81362725450902,-0.483227518485024,-0.679227518485024
"32",2.5751503006012,-0.710006759565645,1.81362725450902,-0.483227518485024,-0.679227518485024
"33",2.61523046092184,-0.524699911875381,1.81362725450902,-0.483227518485024,-0.679227518485024
"34",2.65531062124249,-0.879492899079689,1.81362725450902,-0.483227518485024,-0.679227518485024
"35",2.67535070140281,-0.680853942525259,1.81362725450902,-0.483227518485024,-0.679227518485024
"36",2.71543086172345,-0.504950337641979,1.81362725450902,-0.483227518485024,-0.679227518485024
"37",2.73547094188377,-0.722592508869997,1.81362725450902,-0.483227518485024,-0.679227518485024
"38",2.79559118236473,-0.648134320448027,1.81362725450902,-0.483227518485024,-0.679227518485024
"39",3.81763527054108,-0.881663752883541,1.81362725450902,-0.483227518485024,-0.679227518485024
"40",3.87775551102204,-0.572354061054375,1.81362725450902,-0.483227518485024,-0.679227518485024
