"","x","yplot","target","ftrue","fwrong"
"1",-4.63927855711423,-0.511400623005565,1.01202404809619,0.481295750111877,0.677295750111877
"2",-1.51302605210421,-0.165632371255285,1.01202404809619,0.481295750111877,0.677295750111877
"3",-1.19238476953908,-0.17719906096499,1.01202404809619,0.481295750111877,0.677295750111877
"4",0.571142284569138,0.232047919570615,1.01202404809619,0.481295750111877,0.677295750111877
"5",0.771543086172344,0.440271090811239,1.01202404809619,0.481295750111877,0.677295750111877
"6",0.891783567134269,0.29293579197021,1.01202404809619,0.481295750111877,0.677295750111877
"7",0.911823647294589,0.406885747069173,1.01202404809619,0.481295750111877,0.677295750111877
"8",0.971943887775551,0.487426654042967,1.01202404809619,0.481295750111877,0.677295750111877
"9",1.47294589178357,0.46824313981705,1.01202404809619,0.481295750111877,0.677295750111877
"10",1.63326653306613,0.682626712925023,1.01202404809619,0.481295750111877,0.677295750111877
