"","x","yplot","target","ftrue","fwrong"
"1",-4.97995991983968,-0.456764242027207,-4.93987975951904,-0.382885207029518,-0.578885207029518
"2",-4.8997995991984,-0.39902199212363,-4.93987975951904,-0.382885207029518,-0.578885207029518
"3",-4.69939879759519,-0.453456178341018,-4.93987975951904,-0.382885207029518,-0.578885207029518
"4",-4.63927855711423,-0.191258301574363,-4.93987975951904,-0.382885207029518,-0.578885207029518
"5",-4.61923847695391,-0.220706824256432,-4.93987975951904,-0.382885207029518,-0.578885207029518
"6",-4.59919839679359,-0.420498099338065,-4.93987975951904,-0.382885207029518,-0.578885207029518
"7",-4.45891783567134,-0.0339293339770556,-4.93987975951904,-0.382885207029518,-0.578885207029518
"8",-4.43887775551102,-0.262904582272371,-4.93987975951904,-0.382885207029518,-0.578885207029518
"9",-4.17835671342685,0.154040640752115,-4.93987975951904,-0.382885207029518,-0.578885207029518
"10",-4.11823647294589,0.00534185998317344,-4.93987975951904,-0.382885207029518,-0.578885207029518
"11",-4.01803607214429,-0.0179630796026965,-4.93987975951904,-0.382885207029518,-0.578885207029518
"12",-3.99799599198397,-0.128563450300288,-4.93987975951904,-0.382885207029518,-0.578885207029518
"13",-3.97795591182365,-0.103420190731468,-4.93987975951904,-0.382885207029518,-0.578885207029518
"14",-3.95791583166333,-0.0768204421825082,-4.93987975951904,-0.382885207029518,-0.578885207029518
"15",-3.87775551102204,-0.0893139569261212,-4.93987975951904,-0.382885207029518,-0.578885207029518
"16",-2.5751503006012,0.697148787772745,-4.93987975951904,-0.382885207029518,-0.578885207029518
"17",-1.45290581162325,0.890547893165621,-4.93987975951904,-0.382885207029518,-0.578885207029518
"18",0.190380761523046,0.509487861794079,-4.93987975951904,-0.382885207029518,-0.578885207029518
"19",1.97394789579158,-0.640112467046297,-4.93987975951904,-0.382885207029518,-0.578885207029518
"20",2.19438877755511,-0.651954474812472,-4.93987975951904,-0.382885207029518,-0.578885207029518
