"","x","yplot","target","ftrue","fwrong"
"1",-0.370741482965932,0.433385164694696,3.89779559118236,0.945103508575287,1.14110350857529
"2",1.45290581162325,0.767791614873257,3.89779559118236,0.945103508575287,1.14110350857529
"3",1.97394789579158,0.650270134146067,3.89779559118236,0.945103508575287,1.14110350857529
"4",3.13627254509018,0.986686996434275,3.89779559118236,0.945103508575287,1.14110350857529
"5",3.29659318637274,0.738543618348335,3.89779559118236,0.945103508575287,1.14110350857529
"6",3.43687374749499,0.885812535846703,3.89779559118236,0.945103508575287,1.14110350857529
"7",4.01803607214429,0.920134012203845,3.89779559118236,0.945103508575287,1.14110350857529
"8",4.27855711422846,0.897910818862112,3.89779559118236,0.945103508575287,1.14110350857529
"9",4.57915831663327,0.871382110036249,3.89779559118236,0.945103508575287,1.14110350857529
"10",4.61923847695391,0.997769928059865,3.89779559118236,0.945103508575287,1.14110350857529
