"","x","yplot","target","ftrue","fwrong"
"1",-4.57915831663327,-0.0893967782899755,4.43887775551102,-0.962190834161252,-0.766190834161252
"2",-4.35871743486974,-0.026399023754701,4.43887775551102,-0.962190834161252,-0.766190834161252
"3",-4.3186372745491,-0.0436233515732359,4.43887775551102,-0.962190834161252,-0.766190834161252
"4",-3.6372745490982,0.253231209173201,4.43887775551102,-0.962190834161252,-0.766190834161252
"5",-1.29258517034068,0.13451821217506,4.43887775551102,-0.962190834161252,-0.766190834161252
"6",-0.330661322645291,0.0762521296725417,4.43887775551102,-0.962190834161252,-0.766190834161252
"7",-0.170340681362726,-0.068404550700505,4.43887775551102,-0.962190834161252,-0.766190834161252
"8",0.771543086172344,-0.577336478393816,4.43887775551102,-0.962190834161252,-0.766190834161252
"9",1.13226452905812,-0.482946009693211,4.43887775551102,-0.962190834161252,-0.766190834161252
"10",1.53306613226453,-0.594202651369424,4.43887775551102,-0.962190834161252,-0.766190834161252
"11",2.25450901803607,-0.590419340609446,4.43887775551102,-0.962190834161252,-0.766190834161252
"12",2.5751503006012,-0.621760486840242,4.43887775551102,-0.962190834161252,-0.766190834161252
"13",3.21643286573146,-0.717295634276238,4.43887775551102,-0.962190834161252,-0.766190834161252
"14",3.35671342685371,-0.923009975925767,4.43887775551102,-0.962190834161252,-0.766190834161252
"15",3.57715430861723,-0.677615327751197,4.43887775551102,-0.962190834161252,-0.766190834161252
"16",3.59719438877755,-1.00294847701828,4.43887775551102,-0.962190834161252,-0.766190834161252
"17",3.75751503006012,-0.960876991562412,4.43887775551102,-0.962190834161252,-0.766190834161252
"18",3.89779559118236,-0.982853607383425,4.43887775551102,-0.962190834161252,-0.766190834161252
"19",4.55911823647295,-1.03695989091209,4.43887775551102,-0.962190834161252,-0.766190834161252
"20",4.65931863727455,-1.07461449289913,4.43887775551102,-0.962190834161252,-0.766190834161252
