"","x","yplot","target","ftrue","fwrong"
"1",-3.91783567134269,0.188034801313243,-0.430861723446894,0.0650937345694345,0.261093734569435
"2",-2.63527054108216,0.315068749895181,-0.430861723446894,0.0650937345694345,0.261093734569435
"3",-1.312625250501,0.165688093231431,-0.430861723446894,0.0650937345694345,0.261093734569435
"4",-1.27254509018036,0.0818731946882616,-0.430861723446894,0.0650937345694345,0.261093734569435
"5",-1.13226452905812,0.211668844773856,-0.430861723446894,0.0650937345694345,0.261093734569435
"6",-1.09218436873748,-0.0677701963850731,-0.430861723446894,0.0650937345694345,0.261093734569435
"7",-1.05210420841683,0.140050112065945,-0.430861723446894,0.0650937345694345,0.261093734569435
"8",-0.971943887775551,0.0616530622682068,-0.430861723446894,0.0650937345694345,0.261093734569435
"9",-0.95190380761523,0.172099505054465,-0.430861723446894,0.0650937345694345,0.261093734569435
"10",-0.61122244488978,0.00288193408377728,-0.430861723446894,0.0650937345694345,0.261093734569435
"11",-0.370741482965932,-0.0936893270054058,-0.430861723446894,0.0650937345694345,0.261093734569435
"12",-0.31062124248497,0.19391261906506,-0.430861723446894,0.0650937345694345,0.261093734569435
"13",-0.170340681362726,0.0288095137166385,-0.430861723446894,0.0650937345694345,0.261093734569435
"14",-0.150300601202405,-0.165214218470063,-0.430861723446894,0.0650937345694345,0.261093734569435
"15",-0.130260521042084,-0.0636924734676547,-0.430861723446894,0.0650937345694345,0.261093734569435
"16",-0.110220440881764,-0.138040789043594,-0.430861723446894,0.0650937345694345,0.261093734569435
"17",0.0701402805611222,-0.112245479156685,-0.430861723446894,0.0650937345694345,0.261093734569435
"18",0.0901803607214431,0.00777290383465297,-0.430861723446894,0.0650937345694345,0.261093734569435
"19",0.210420841683367,0.0655358635931241,-0.430861723446894,0.0650937345694345,0.261093734569435
"20",0.250501002004007,-0.131302016966827,-0.430861723446894,0.0650937345694345,0.261093734569435
"21",0.31062124248497,-0.0725834311383713,-0.430861723446894,0.0650937345694345,0.261093734569435
"22",0.410821643286573,-0.12644788908392,-0.430861723446894,0.0650937345694345,0.261093734569435
"23",0.531062124248497,-0.308537420022767,-0.430861723446894,0.0650937345694345,0.261093734569435
"24",0.671342685370742,-0.276234777035487,-0.430861723446894,0.0650937345694345,0.261093734569435
"25",1.27254509018036,-0.423876935607041,-0.430861723446894,0.0650937345694345,0.261093734569435
"26",1.43286573146293,-0.422521572239766,-0.430861723446894,0.0650937345694345,0.261093734569435
"27",1.61322645290581,-0.51320019022619,-0.430861723446894,0.0650937345694345,0.261093734569435
"28",3.17635270541082,-0.899091422587146,-0.430861723446894,0.0650937345694345,0.261093734569435
"29",3.99799599198397,-0.760601294604904,-0.430861723446894,0.0650937345694345,0.261093734569435
"30",4.27855711422846,-0.916778527182911,-0.430861723446894,0.0650937345694345,0.261093734569435
