"","x","yplot","target","ftrue","fwrong"
"1",-5,0.667216145189964,-4.91983967935872,0.662343861641959,0.466343861641959
"2",-4.85971943887776,0.58954967870597,-4.91983967935872,0.662343861641959,0.466343861641959
"3",-4.77955911823647,0.699157107471451,-4.91983967935872,0.662343861641959,0.466343861641959
"4",-4.75951903807615,0.786144489323311,-4.91983967935872,0.662343861641959,0.466343861641959
"5",-4.71943887775551,0.574559666832291,-4.91983967935872,0.662343861641959,0.466343861641959
"6",-4.55911823647295,0.622033893803194,-4.91983967935872,0.662343861641959,0.466343861641959
"7",-4.51903807615231,0.606515179712795,-4.91983967935872,0.662343861641959,0.466343861641959
"8",-4.43887775551102,0.73496268790027,-4.91983967935872,0.662343861641959,0.466343861641959
"9",-4.35871743486974,0.541459177095367,-4.91983967935872,0.662343861641959,0.466343861641959
"10",-4.3186372745491,0.589821734455919,-4.91983967935872,0.662343861641959,0.466343861641959
"11",-4.09819639278557,0.655472709001972,-4.91983967935872,0.662343861641959,0.466343861641959
"12",-4.01803607214429,0.502757947803096,-4.91983967935872,0.662343861641959,0.466343861641959
"13",-3.87775551102204,0.675602429859012,-4.91983967935872,0.662343861641959,0.466343861641959
"14",-3.09619238476954,0.640834179703309,-4.91983967935872,0.662343861641959,0.466343861641959
"15",-2.97595190380762,0.555469703872087,-4.91983967935872,0.662343861641959,0.466343861641959
"16",-2.87575150300601,0.636785298111447,-4.91983967935872,0.662343861641959,0.466343861641959
"17",-2.77555110220441,0.623776578132083,-4.91983967935872,0.662343861641959,0.466343861641959
"18",-2.55511022044088,0.496134493793419,-4.91983967935872,0.662343861641959,0.466343861641959
"19",-2.23446893787575,0.653881637938539,-4.91983967935872,0.662343861641959,0.466343861641959
"20",-1.91382765531062,0.625819621099581,-4.91983967935872,0.662343861641959,0.466343861641959
"21",-1.71342685370742,0.636098703439866,-4.91983967935872,0.662343861641959,0.466343861641959
"22",-0.93186372745491,0.366998013499939,-4.91983967935872,0.662343861641959,0.466343861641959
"23",-0.591182364729459,0.22680017674336,-4.91983967935872,0.662343861641959,0.466343861641959
"24",-0.490981963927856,0.282079194817089,-4.91983967935872,0.662343861641959,0.466343861641959
"25",-0.190380761523047,0.394376469958828,-4.91983967935872,0.662343861641959,0.466343861641959
"26",0.0300601202404804,0.384147958955493,-4.91983967935872,0.662343861641959,0.466343861641959
"27",0.751503006012024,0.315855113652961,-4.91983967935872,0.662343861641959,0.466343861641959
"28",1.37274549098196,0.0093684365875907,-4.91983967935872,0.662343861641959,0.466343861641959
"29",2.03406813627254,-0.102631849804692,-4.91983967935872,0.662343861641959,0.466343861641959
"30",2.07414829659319,0.00191038268292985,-4.91983967935872,0.662343861641959,0.466343861641959
"31",2.15430861723447,-0.0473595499584446,-4.91983967935872,0.662343861641959,0.466343861641959
"32",2.21442885771543,0.0742015465392524,-4.91983967935872,0.662343861641959,0.466343861641959
"33",2.23446893787575,-0.151919394053384,-4.91983967935872,0.662343861641959,0.466343861641959
"34",2.51503006012024,-0.127248689754817,-4.91983967935872,0.662343861641959,0.466343861641959
"35",2.89579158316633,-0.192743772322345,-4.91983967935872,0.662343861641959,0.466343861641959
"36",3.55711422845691,-0.438357382672355,-4.91983967935872,0.662343861641959,0.466343861641959
"37",3.75751503006012,-0.480567050587792,-4.91983967935872,0.662343861641959,0.466343861641959
"38",3.87775551102204,-0.708200934469143,-4.91983967935872,0.662343861641959,0.466343861641959
"39",4.39879759519038,-0.888350247932242,-4.91983967935872,0.662343861641959,0.466343861641959
"40",4.93987975951904,-0.880341387910312,-4.91983967935872,0.662343861641959,0.466343861641959
