"","x","yplot","target","ftrue","fwrong"
"1",-4.77955911823647,0.888085732201083,1.33266533066132,-0.18083215683744,-0.37683215683744
"2",-4.75951903807615,0.782232130234327,1.33266533066132,-0.18083215683744,-0.37683215683744
"3",-4.59919839679359,0.827865283831233,1.33266533066132,-0.18083215683744,-0.37683215683744
"4",-2.71543086172345,0.311287720610592,1.33266533066132,-0.18083215683744,-0.37683215683744
"5",-2.13426853707415,0.249118199937512,1.33266533066132,-0.18083215683744,-0.37683215683744
"6",-1.95390781563126,0.342261334544871,1.33266533066132,-0.18083215683744,-0.37683215683744
"7",-1.45290581162325,0.136990493228694,1.33266533066132,-0.18083215683744,-0.37683215683744
"8",-0.93186372745491,-0.289178293618824,1.33266533066132,-0.18083215683744,-0.37683215683744
"9",-0.711422845691383,-0.246649773157268,1.33266533066132,-0.18083215683744,-0.37683215683744
"10",-0.130260521042084,-0.286897325339622,1.33266533066132,-0.18083215683744,-0.37683215683744
"11",0.991983967935871,-0.193465347876598,1.33266533066132,-0.18083215683744,-0.37683215683744
"12",1.47294589178357,-0.00269796433217087,1.33266533066132,-0.18083215683744,-0.37683215683744
"13",1.69338677354709,0.00778627789389838,1.33266533066132,-0.18083215683744,-0.37683215683744
"14",1.77354709418838,-0.0965198995510537,1.33266533066132,-0.18083215683744,-0.37683215683744
"15",1.8937875751503,-0.00418241049791022,1.33266533066132,-0.18083215683744,-0.37683215683744
"16",2.23446893787575,0.0111129474988563,1.33266533066132,-0.18083215683744,-0.37683215683744
"17",2.33466933867735,-0.0730700110029926,1.33266533066132,-0.18083215683744,-0.37683215683744
"18",2.87575150300601,0.0387990397881017,1.33266533066132,-0.18083215683744,-0.37683215683744
"19",3.89779559118236,-0.539826489069426,1.33266533066132,-0.18083215683744,-0.37683215683744
"20",4.05811623246493,-0.595142477052351,1.33266533066132,-0.18083215683744,-0.37683215683744
