"","x","yplot","target","ftrue","fwrong"
"1",-4.13827655310621,0.794109065028944,-2.85571142284569,0.420453374278673,0.224453374278673
"2",-3.39679358717435,0.607417580308755,-2.85571142284569,0.420453374278673,0.224453374278673
"3",-3.29659318637275,0.594442388945241,-2.85571142284569,0.420453374278673,0.224453374278673
"4",-2.85571142284569,0.454456160925672,-2.85571142284569,0.420453374278673,0.224453374278673
"5",-1.43286573146293,0.00217070134049863,-2.85571142284569,0.420453374278673,0.224453374278673
"6",-1.15230460921844,-0.141180021787192,-2.85571142284569,0.420453374278673,0.224453374278673
"7",-1.05210420841683,-0.103112215663491,-2.85571142284569,0.420453374278673,0.224453374278673
"8",1.95390781563126,-0.663730842673041,-2.85571142284569,0.420453374278673,0.224453374278673
"9",3.53707414829659,-0.567111129238768,-2.85571142284569,0.420453374278673,0.224453374278673
"10",3.91783567134268,-0.506016446667401,-2.85571142284569,0.420453374278673,0.224453374278673
