"","x","yplot","target","ftrue","fwrong"
"1",-4.53907815631263,0.277494074195267,1.73346693386774,0.0320827266532776,-0.163917273346722
"2",-3.45691382765531,-0.283689382222054,1.73346693386774,0.0320827266532776,-0.163917273346722
"3",-3.23647294589178,-0.143790494307086,1.73346693386774,0.0320827266532776,-0.163917273346722
"4",-2.71543086172345,-0.212764242427193,1.73346693386774,0.0320827266532776,-0.163917273346722
"5",-0.771543086172345,-0.641398777260846,1.73346693386774,0.0320827266532776,-0.163917273346722
"6",0.270541082164328,-0.445587340659686,1.73346693386774,0.0320827266532776,-0.163917273346722
"7",0.430861723446894,-0.196247715798267,1.73346693386774,0.0320827266532776,-0.163917273346722
"8",0.771543086172344,-0.318179690467534,1.73346693386774,0.0320827266532776,-0.163917273346722
"9",1.4128256513026,0.129708677537969,1.73346693386774,0.0320827266532776,-0.163917273346722
"10",2.65531062124249,0.337728771796754,1.73346693386774,0.0320827266532776,-0.163917273346722
