"","x","yplot","target","ftrue","fwrong"
"1",-4.33867735470942,0.427282391928986,-3.37675350701403,0.0982514363590272,-0.0977485636409728
"2",-4.13827655310621,0.531606644751004,-3.37675350701403,0.0982514363590272,-0.0977485636409728
"3",-3.77755511022044,0.354410209248347,-3.37675350701403,0.0982514363590272,-0.0977485636409728
"4",-3.51703406813627,0.108085378846736,-3.37675350701403,0.0982514363590272,-0.0977485636409728
"5",-2.53507014028056,-0.184512415606774,-3.37675350701403,0.0982514363590272,-0.0977485636409728
"6",-2.41482965931864,0.0116902610338425,-3.37675350701403,0.0982514363590272,-0.0977485636409728
"7",-1.73346693386774,-0.099992728193713,-3.37675350701403,0.0982514363590272,-0.0977485636409728
"8",-0.651302605210421,0.624309891381475,-3.37675350701403,0.0982514363590272,-0.0977485636409728
"9",-0.390781563126253,0.875754807315617,-3.37675350701403,0.0982514363590272,-0.0977485636409728
"10",-0.230460921843687,0.750487209876135,-3.37675350701403,0.0982514363590272,-0.0977485636409728
"11",0.591182364729459,0.877826876804679,-3.37675350701403,0.0982514363590272,-0.0977485636409728
"12",0.711422845691382,0.898944763056651,-3.37675350701403,0.0982514363590272,-0.0977485636409728
"13",0.871743486973948,0.88960585282436,-3.37675350701403,0.0982514363590272,-0.0977485636409728
"14",1.15230460921844,0.65129747685552,-3.37675350701403,0.0982514363590272,-0.0977485636409728
"15",1.27254509018036,0.61125773948312,-3.37675350701403,0.0982514363590272,-0.0977485636409728
"16",1.87374749498998,0.419112856953433,-3.37675350701403,0.0982514363590272,-0.0977485636409728
"17",2.5751503006012,0.0306237612869806,-3.37675350701403,0.0982514363590272,-0.0977485636409728
"18",2.79559118236473,-0.129057339529969,-3.37675350701403,0.0982514363590272,-0.0977485636409728
"19",2.85571142284569,-0.0806500316810486,-3.37675350701403,0.0982514363590272,-0.0977485636409728
"20",2.97595190380761,-0.0817728907790384,-3.37675350701403,0.0982514363590272,-0.0977485636409728
