"","x","yplot","target","ftrue","fwrong"
"1",-4.8997995991984,-0.922281935497048,-0.93186372745491,0.0878088832431174,-0.108191116756883
"2",-4.09819639278557,-0.810032624365125,-0.93186372745491,0.0878088832431174,-0.108191116756883
"3",-3.53707414829659,-0.760973442454305,-0.93186372745491,0.0878088832431174,-0.108191116756883
"4",-2.69539078156313,-0.566533733079822,-0.93186372745491,0.0878088832431174,-0.108191116756883
"5",-2.13426853707415,-0.424515579639091,-0.93186372745491,0.0878088832431174,-0.108191116756883
"6",-1.69338677354709,-0.165114194386943,-0.93186372745491,0.0878088832431174,-0.108191116756883
"7",-1.51302605210421,-0.114959889031586,-0.93186372745491,0.0878088832431174,-0.108191116756883
"8",-1.45290581162325,0.00461990455999634,-0.93186372745491,0.0878088832431174,-0.108191116756883
"9",-0.711422845691383,0.171888043962521,-0.93186372745491,0.0878088832431174,-0.108191116756883
"10",-0.591182364729459,0.271932448556295,-0.93186372745491,0.0878088832431174,-0.108191116756883
"11",-0.110220440881764,0.448093151276383,-0.93186372745491,0.0878088832431174,-0.108191116756883
"12",1.23246492985972,0.452453712409689,-0.93186372745491,0.0878088832431174,-0.108191116756883
"13",1.85370741482966,0.639856926493638,-0.93186372745491,0.0878088832431174,-0.108191116756883
"14",2.374749498998,0.669616577193357,-0.93186372745491,0.0878088832431174,-0.108191116756883
"15",2.61523046092184,0.772918891781015,-0.93186372745491,0.0878088832431174,-0.108191116756883
"16",2.89579158316633,0.575348079233484,-0.93186372745491,0.0878088832431174,-0.108191116756883
"17",3.0561122244489,0.486408285502671,-0.93186372745491,0.0878088832431174,-0.108191116756883
"18",3.39679358717435,0.627099647389462,-0.93186372745491,0.0878088832431174,-0.108191116756883
"19",4.3186372745491,0.504630807123716,-0.93186372745491,0.0878088832431174,-0.108191116756883
"20",4.63927855711423,0.499202969037916,-0.93186372745491,0.0878088832431174,-0.108191116756883
