"","x","yplot","target","ftrue","fwrong"
"1",-4.93987975951904,-0.0329252976177155,-3.51703406813627,-0.284545799951985,-0.0885457999519852
"2",-4.81963927855711,-0.109840449901419,-3.51703406813627,-0.284545799951985,-0.0885457999519852
"3",-4.67935871743487,-0.0634021718213998,-3.51703406813627,-0.284545799951985,-0.0885457999519852
"4",-4.43887775551102,-0.0861463415071984,-3.51703406813627,-0.284545799951985,-0.0885457999519852
"5",-4.39879759519038,-0.0240578614918277,-3.51703406813627,-0.284545799951985,-0.0885457999519852
"6",-4.35871743486974,0.0180062761663745,-3.51703406813627,-0.284545799951985,-0.0885457999519852
"7",-4.19839679358717,-0.227992029998707,-3.51703406813627,-0.284545799951985,-0.0885457999519852
"8",-4.15831663326653,-0.13511026103311,-3.51703406813627,-0.284545799951985,-0.0885457999519852
"9",-3.85771543086172,-0.0711923027339294,-3.51703406813627,-0.284545799951985,-0.0885457999519852
"10",-3.71743486973948,-0.208646887870272,-3.51703406813627,-0.284545799951985,-0.0885457999519852
"11",-3.55711422845691,-0.46721214664516,-3.51703406813627,-0.284545799951985,-0.0885457999519852
"12",-3.43687374749499,-0.193137620959044,-3.51703406813627,-0.284545799951985,-0.0885457999519852
"13",-3.41683366733467,-0.344381666990867,-3.51703406813627,-0.284545799951985,-0.0885457999519852
"14",-3.35671342685371,-0.303005254059857,-3.51703406813627,-0.284545799951985,-0.0885457999519852
"15",-3.27655310621242,-0.4225651031377,-3.51703406813627,-0.284545799951985,-0.0885457999519852
"16",-2.95591182364729,-0.518640868805405,-3.51703406813627,-0.284545799951985,-0.0885457999519852
"17",-2.69539078156313,-0.604939092203319,-3.51703406813627,-0.284545799951985,-0.0885457999519852
"18",-2.61523046092184,-0.649760977602901,-3.51703406813627,-0.284545799951985,-0.0885457999519852
"19",-1.95390781563126,-0.627198516661247,-3.51703406813627,-0.284545799951985,-0.0885457999519852
"20",-1.8937875751503,-0.773654935230105,-3.51703406813627,-0.284545799951985,-0.0885457999519852
"21",-1.65330661322645,-0.734881910994995,-3.51703406813627,-0.284545799951985,-0.0885457999519852
"22",-1.39278557114228,-0.773687662220952,-3.51703406813627,-0.284545799951985,-0.0885457999519852
"23",-1.03206412825651,-0.95576250532982,-3.51703406813627,-0.284545799951985,-0.0885457999519852
"24",-0.91182364729459,-0.782265011757046,-3.51703406813627,-0.284545799951985,-0.0885457999519852
"25",-0.110220440881764,-0.665448781028723,-3.51703406813627,-0.284545799951985,-0.0885457999519852
"26",0.270541082164328,-0.474282394411646,-3.51703406813627,-0.284545799951985,-0.0885457999519852
"27",0.410821643286573,-0.254881171225967,-3.51703406813627,-0.284545799951985,-0.0885457999519852
"28",0.511022044088176,-0.509636378278676,-3.51703406813627,-0.284545799951985,-0.0885457999519852
"29",1.07214428857715,-0.0146904643519613,-3.51703406813627,-0.284545799951985,-0.0885457999519852
"30",1.09218436873747,-0.278524736023884,-3.51703406813627,-0.284545799951985,-0.0885457999519852
"31",1.17234468937876,-0.146232266708488,-3.51703406813627,-0.284545799951985,-0.0885457999519852
"32",1.57314629258517,0.0339887069455345,-3.51703406813627,-0.284545799951985,-0.0885457999519852
"33",1.91382765531062,0.238659688301244,-3.51703406813627,-0.284545799951985,-0.0885457999519852
"34",1.95390781563126,0.435068411770089,-3.51703406813627,-0.284545799951985,-0.0885457999519852
"35",1.97394789579158,0.144340637946427,-3.51703406813627,-0.284545799951985,-0.0885457999519852
"36",2.27454909819639,0.342257732257485,-3.51703406813627,-0.284545799951985,-0.0885457999519852
"37",2.35470941883768,0.427364492553948,-3.51703406813627,-0.284545799951985,-0.0885457999519852
"38",3.09619238476954,0.563825706939826,-3.51703406813627,-0.284545799951985,-0.0885457999519852
"39",3.13627254509018,0.362017237690684,-3.51703406813627,-0.284545799951985,-0.0885457999519852
"40",3.79759519038076,0.266377716961664,-3.51703406813627,-0.284545799951985,-0.0885457999519852
"41",3.8376753507014,0.264496768223349,-3.51703406813627,-0.284545799951985,-0.0885457999519852
"42",3.99799599198397,0.321797933275303,-3.51703406813627,-0.284545799951985,-0.0885457999519852
"43",4.01803607214429,0.334853490123569,-3.51703406813627,-0.284545799951985,-0.0885457999519852
"44",4.05811623246493,0.326243431825858,-3.51703406813627,-0.284545799951985,-0.0885457999519852
"45",4.11823647294589,0.368226657354422,-3.51703406813627,-0.284545799951985,-0.0885457999519852
"46",4.29859719438878,0.51674938593645,-3.51703406813627,-0.284545799951985,-0.0885457999519852
"47",4.35871743486974,0.417235106117618,-3.51703406813627,-0.284545799951985,-0.0885457999519852
"48",4.49899799599198,0.426118213776908,-3.51703406813627,-0.284545799951985,-0.0885457999519852
"49",4.63927855711423,0.43521715313494,-3.51703406813627,-0.284545799951985,-0.0885457999519852
"50",4.91983967935872,0.626636854590184,-3.51703406813627,-0.284545799951985,-0.0885457999519852
