"","x","yplot","target","ftrue","fwrong"
"1",-4.91983967935872,-0.485737611384567,0.0901803607214431,0.727385164546602,0.923385164546602
"2",-4.53907815631263,-0.305930474837644,0.0901803607214431,0.727385164546602,0.923385164546602
"3",-3.8376753507014,0.137668558742084,0.0901803607214431,0.727385164546602,0.923385164546602
"4",-3.69739478957916,0.279649204992551,0.0901803607214431,0.727385164546602,0.923385164546602
"5",-3.47695390781563,0.244725644048637,0.0901803607214431,0.727385164546602,0.923385164546602
"6",-3.33667334669339,0.34373547606552,0.0901803607214431,0.727385164546602,0.923385164546602
"7",-3.03607214428858,0.527320987723377,0.0901803607214431,0.727385164546602,0.923385164546602
"8",-2.95591182364729,0.372608845318753,0.0901803607214431,0.727385164546602,0.923385164546602
"9",-2.83567134268537,0.63379515895083,0.0901803607214431,0.727385164546602,0.923385164546602
"10",-2.53507014028056,0.79279331029952,0.0901803607214431,0.727385164546602,0.923385164546602
"11",-2.4749498997996,0.709949887904184,0.0901803607214431,0.727385164546602,0.923385164546602
"12",-2.31462925851703,0.563646869838138,0.0901803607214431,0.727385164546602,0.923385164546602
"13",-2.01402805611222,0.626818798597449,0.0901803607214431,0.727385164546602,0.923385164546602
"14",-1.53306613226453,0.764600143080689,0.0901803607214431,0.727385164546602,0.923385164546602
"15",-1.17234468937876,0.831890073106756,0.0901803607214431,0.727385164546602,0.923385164546602
"16",-0.93186372745491,0.73115137376958,0.0901803607214431,0.727385164546602,0.923385164546602
"17",-0.91182364729459,0.705567474297503,0.0901803607214431,0.727385164546602,0.923385164546602
"18",-0.811623246492986,0.62793917692939,0.0901803607214431,0.727385164546602,0.923385164546602
"19",-0.711422845691383,0.621738194505846,0.0901803607214431,0.727385164546602,0.923385164546602
"20",-0.691382765531062,0.725201960164278,0.0901803607214431,0.727385164546602,0.923385164546602
"21",-0.450901803607215,0.734647221732626,0.0901803607214431,0.727385164546602,0.923385164546602
"22",-0.0901803607214431,0.752453429802488,0.0901803607214431,0.727385164546602,0.923385164546602
"23",0.0300601202404804,0.678031533106783,0.0901803607214431,0.727385164546602,0.923385164546602
"24",0.0701402805611222,0.870172370761786,0.0901803607214431,0.727385164546602,0.923385164546602
"25",0.110220440881763,0.959085548549326,0.0901803607214431,0.727385164546602,0.923385164546602
"26",0.250501002004007,0.800885517496362,0.0901803607214431,0.727385164546602,0.923385164546602
"27",0.531062124248497,0.834429591728486,0.0901803607214431,0.727385164546602,0.923385164546602
"28",0.791583166332665,0.606758809260012,0.0901803607214431,0.727385164546602,0.923385164546602
"29",0.95190380761523,0.561785213102891,0.0901803607214431,0.727385164546602,0.923385164546602
"30",1.57314629258517,0.549586356835474,0.0901803607214431,0.727385164546602,0.923385164546602
"31",1.67334669338677,0.673858947256535,0.0901803607214431,0.727385164546602,0.923385164546602
"32",1.87374749498998,0.549506462715923,0.0901803607214431,0.727385164546602,0.923385164546602
"33",2.21442885771543,0.426570574503436,0.0901803607214431,0.727385164546602,0.923385164546602
"34",2.91583166332665,0.103161078740891,0.0901803607214431,0.727385164546602,0.923385164546602
"35",2.93587174348697,0.213398707104953,0.0901803607214431,0.727385164546602,0.923385164546602
"36",3.59719438877755,0.321130885825295,0.0901803607214431,0.727385164546602,0.923385164546602
"37",3.67735470941884,0.379730884557126,0.0901803607214431,0.727385164546602,0.923385164546602
"38",3.71743486973948,0.181798909476804,0.0901803607214431,0.727385164546602,0.923385164546602
"39",4.01803607214429,0.160450548572873,0.0901803607214431,0.727385164546602,0.923385164546602
"40",4.81963927855711,0.17791011427174,0.0901803607214431,0.727385164546602,0.923385164546602
