"","x","yplot","target","ftrue","fwrong"
"1",-4.79959919839679,0.893382800554931,-2.03406813627255,-0.823568395476329,-0.627568395476329
"2",-4.43887775551102,0.682236919155281,-2.03406813627255,-0.823568395476329,-0.627568395476329
"3",-3.43687374749499,-0.12918021749751,-2.03406813627255,-0.823568395476329,-0.627568395476329
"4",-3.01603206412826,-0.392371754911387,-2.03406813627255,-0.823568395476329,-0.627568395476329
"5",-2.99599198396794,-0.389002375211348,-2.03406813627255,-0.823568395476329,-0.627568395476329
"6",-2.95591182364729,-0.334736626562939,-2.03406813627255,-0.823568395476329,-0.627568395476329
"7",-2.83567134268537,-0.388838793466865,-2.03406813627255,-0.823568395476329,-0.627568395476329
"8",-2.71543086172345,-0.400259182341134,-2.03406813627255,-0.823568395476329,-0.627568395476329
"9",-2.69539078156313,-0.702253086552054,-2.03406813627255,-0.823568395476329,-0.627568395476329
"10",-2.5751503006012,-0.690891932844921,-2.03406813627255,-0.823568395476329,-0.627568395476329
"11",-2.55511022044088,-0.574048048733312,-2.03406813627255,-0.823568395476329,-0.627568395476329
"12",-2.53507014028056,-0.710239924307428,-2.03406813627255,-0.823568395476329,-0.627568395476329
"13",-2.51503006012024,-0.789366836490364,-2.03406813627255,-0.823568395476329,-0.627568395476329
"14",-2.49498997995992,-0.803554204584005,-2.03406813627255,-0.823568395476329,-0.627568395476329
"15",-2.23446893787575,-0.968028836853808,-2.03406813627255,-0.823568395476329,-0.627568395476329
"16",-2.19438877755511,-0.592566307554434,-2.03406813627255,-0.823568395476329,-0.627568395476329
"17",-2.11422845691383,-0.790133159604973,-2.03406813627255,-0.823568395476329,-0.627568395476329
"18",-2.05410821643287,-0.808890604872802,-2.03406813627255,-0.823568395476329,-0.627568395476329
"19",-1.8937875751503,-0.906321516081606,-2.03406813627255,-0.823568395476329,-0.627568395476329
"20",-1.85370741482966,-0.859109414290553,-2.03406813627255,-0.823568395476329,-0.627568395476329
"21",-1.83366733466934,-0.760389882923687,-2.03406813627255,-0.823568395476329,-0.627568395476329
"22",-1.73346693386774,-0.958496146828679,-2.03406813627255,-0.823568395476329,-0.627568395476329
"23",-1.69338677354709,-0.980654926728768,-2.03406813627255,-0.823568395476329,-0.627568395476329
"24",-1.67334669338677,-0.887706596060541,-2.03406813627255,-0.823568395476329,-0.627568395476329
"25",-1.57314629258517,-0.78170948226178,-2.03406813627255,-0.823568395476329,-0.627568395476329
"26",-1.51302605210421,-0.813435713647841,-2.03406813627255,-0.823568395476329,-0.627568395476329
"27",-1.47294589178357,-0.797679279807768,-2.03406813627255,-0.823568395476329,-0.627568395476329
"28",-1.45290581162325,-0.855179216844644,-2.03406813627255,-0.823568395476329,-0.627568395476329
"29",-1.43286573146293,-0.903666959636016,-2.03406813627255,-0.823568395476329,-0.627568395476329
"30",-1.35270541082164,-0.773099593425358,-2.03406813627255,-0.823568395476329,-0.627568395476329
"31",-1.33266533066132,-0.775358362517782,-2.03406813627255,-0.823568395476329,-0.627568395476329
"32",-1.29258517034068,-0.748487849007972,-2.03406813627255,-0.823568395476329,-0.627568395476329
"33",-1.25250501002004,-0.810173168506982,-2.03406813627255,-0.823568395476329,-0.627568395476329
"34",-1.19238476953908,-0.811657243925073,-2.03406813627255,-0.823568395476329,-0.627568395476329
"35",-1.17234468937876,-0.867411537858438,-2.03406813627255,-0.823568395476329,-0.627568395476329
"36",-1.13226452905812,-0.783328308139419,-2.03406813627255,-0.823568395476329,-0.627568395476329
"37",-1.1122244488978,-0.89864877852879,-2.03406813627255,-0.823568395476329,-0.627568395476329
"38",-1.07214428857715,-0.776101400678067,-2.03406813627255,-0.823568395476329,-0.627568395476329
"39",-0.831663326653307,-0.739513994454173,-2.03406813627255,-0.823568395476329,-0.627568395476329
"40",-0.531062124248497,-0.832520893770565,-2.03406813627255,-0.823568395476329,-0.627568395476329
"41",1.33266533066132,-0.510727207551792,-2.03406813627255,-0.823568395476329,-0.627568395476329
"42",1.49298597194389,-0.635225317003903,-2.03406813627255,-0.823568395476329,-0.627568395476329
"43",2.65531062124249,-0.364673619724063,-2.03406813627255,-0.823568395476329,-0.627568395476329
"44",2.91583166332665,-0.544127691565467,-2.03406813627255,-0.823568395476329,-0.627568395476329
"45",2.97595190380761,-0.238213631486038,-2.03406813627255,-0.823568395476329,-0.627568395476329
"46",3.07615230460922,-0.341529753813434,-2.03406813627255,-0.823568395476329,-0.627568395476329
"47",3.39679358717435,-0.218205507535667,-2.03406813627255,-0.823568395476329,-0.627568395476329
"48",3.57715430861723,0.0452754234921302,-2.03406813627255,-0.823568395476329,-0.627568395476329
"49",3.61723446893788,-0.0568835308546814,-2.03406813627255,-0.823568395476329,-0.627568395476329
"50",4.79959919839679,0.390782220017692,-2.03406813627255,-0.823568395476329,-0.627568395476329
