"","x","yplot","target","ftrue","fwrong"
"1",-4.47895791583166,0.490869660760668,2.21442885771543,0.581050423239765,0.777050423239765
"2",-4.35871743486974,0.473016671899287,2.21442885771543,0.581050423239765,0.777050423239765
"3",-3.91783567134269,0.378605776700425,2.21442885771543,0.581050423239765,0.777050423239765
"4",-3.6372745490982,0.176663935613209,2.21442885771543,0.581050423239765,0.777050423239765
"5",-3.33667334669339,-0.122118384557405,2.21442885771543,0.581050423239765,0.777050423239765
"6",-2.71543086172345,-0.32524678515337,2.21442885771543,0.581050423239765,0.777050423239765
"7",-2.41482965931864,-0.360266701210142,2.21442885771543,0.581050423239765,0.777050423239765
"8",-2.374749498998,-0.596795193883182,2.21442885771543,0.581050423239765,0.777050423239765
"9",1.1122244488978,0.15524743203717,2.21442885771543,0.581050423239765,0.777050423239765
"10",1.27254509018036,0.294993716517025,2.21442885771543,0.581050423239765,0.777050423239765
"11",1.35270541082164,0.391673200884676,2.21442885771543,0.581050423239765,0.777050423239765
"12",1.59318637274549,0.622963608975771,2.21442885771543,0.581050423239765,0.777050423239765
"13",1.61322645290581,0.276199452025992,2.21442885771543,0.581050423239765,0.777050423239765
"14",1.65330661322645,0.174340641435741,2.21442885771543,0.581050423239765,0.777050423239765
"15",1.95390781563126,0.456223761495424,2.21442885771543,0.581050423239765,0.777050423239765
"16",1.97394789579158,0.55198964196123,2.21442885771543,0.581050423239765,0.777050423239765
"17",2.05410821643287,0.53172364728077,2.21442885771543,0.581050423239765,0.777050423239765
"18",2.21442885771543,0.338747903751021,2.21442885771543,0.581050423239765,0.777050423239765
"19",2.23446893787575,0.559143984266516,2.21442885771543,0.581050423239765,0.777050423239765
"20",2.27454909819639,0.457387646680201,2.21442885771543,0.581050423239765,0.777050423239765
"21",2.374749498998,0.698117447104814,2.21442885771543,0.581050423239765,0.777050423239765
"22",2.41482965931864,0.61410884156212,2.21442885771543,0.581050423239765,0.777050423239765
"23",2.51503006012024,0.373269033020943,2.21442885771543,0.581050423239765,0.777050423239765
"24",2.77555110220441,0.610666929228488,2.21442885771543,0.581050423239765,0.777050423239765
"25",2.79559118236473,0.700837070118606,2.21442885771543,0.581050423239765,0.777050423239765
"26",2.91583166332665,0.805213828381452,2.21442885771543,0.581050423239765,0.777050423239765
"27",3.01603206412826,0.876197611972188,2.21442885771543,0.581050423239765,0.777050423239765
"28",3.0561122244489,0.705594858670334,2.21442885771543,0.581050423239765,0.777050423239765
"29",3.07615230460922,0.689930078212636,2.21442885771543,0.581050423239765,0.777050423239765
"30",3.17635270541082,0.743648536464674,2.21442885771543,0.581050423239765,0.777050423239765
