"","x","yplot","target","ftrue","fwrong"
"1",-4.39879759519038,-0.324947996140851,3.03607214428858,0.814200132020329,0.618200132020329
"2",-4.2184368737475,-0.146047006782768,3.03607214428858,0.814200132020329,0.618200132020329
"3",-3.93787575150301,-0.327810544920803,3.03607214428858,0.814200132020329,0.618200132020329
"4",-3.79759519038076,-0.526164416742514,3.03607214428858,0.814200132020329,0.618200132020329
"5",-3.67735470941884,-0.55137821747198,3.03607214428858,0.814200132020329,0.618200132020329
"6",-3.11623246492986,-0.63979014627288,3.03607214428858,0.814200132020329,0.618200132020329
"7",-2.99599198396794,-0.570782040872818,3.03607214428858,0.814200132020329,0.618200132020329
"8",-2.89579158316633,-0.608416625523349,3.03607214428858,0.814200132020329,0.618200132020329
"9",-2.87575150300601,-0.532956575925641,3.03607214428858,0.814200132020329,0.618200132020329
"10",-2.05410821643287,-0.651686780061367,3.03607214428858,0.814200132020329,0.618200132020329
"11",-1.53306613226453,-0.561552746058864,3.03607214428858,0.814200132020329,0.618200132020329
"12",-1.35270541082164,-0.63332583733626,3.03607214428858,0.814200132020329,0.618200132020329
"13",-1.27254509018036,-0.612386812980318,3.03607214428858,0.814200132020329,0.618200132020329
"14",-1.17234468937876,-0.607191510063813,3.03607214428858,0.814200132020329,0.618200132020329
"15",-1.15230460921844,-0.511737649906358,3.03607214428858,0.814200132020329,0.618200132020329
"16",-0.851703406813628,-0.644458573758281,3.03607214428858,0.814200132020329,0.618200132020329
"17",-0.831663326653307,-0.416457954551864,3.03607214428858,0.814200132020329,0.618200132020329
"18",-0.731462925851703,-0.428427764494641,3.03607214428858,0.814200132020329,0.618200132020329
"19",-0.651302605210421,-0.381237221853359,3.03607214428858,0.814200132020329,0.618200132020329
"20",-0.551102204408818,-0.372247278448874,3.03607214428858,0.814200132020329,0.618200132020329
"21",-0.370741482965932,-0.219140989886061,3.03607214428858,0.814200132020329,0.618200132020329
"22",-0.230460921843687,-0.252289825368663,3.03607214428858,0.814200132020329,0.618200132020329
"23",-0.170340681362726,-0.42595834860082,3.03607214428858,0.814200132020329,0.618200132020329
"24",0.31062124248497,-0.0761258704031056,3.03607214428858,0.814200132020329,0.618200132020329
"25",0.450901803607215,0.0825513356249418,3.03607214428858,0.814200132020329,0.618200132020329
"26",0.911823647294589,0.26259262435836,3.03607214428858,0.814200132020329,0.618200132020329
"27",1.23246492985972,0.445100272425876,3.03607214428858,0.814200132020329,0.618200132020329
"28",1.61322645290581,0.304782278740285,3.03607214428858,0.814200132020329,0.618200132020329
"29",1.69338677354709,0.45525495440381,3.03607214428858,0.814200132020329,0.618200132020329
"30",2.13426853707415,0.705536284436711,3.03607214428858,0.814200132020329,0.618200132020329
"31",2.27454909819639,0.553057649448005,3.03607214428858,0.814200132020329,0.618200132020329
"32",2.33466933867735,0.536327125178024,3.03607214428858,0.814200132020329,0.618200132020329
"33",2.39478957915832,0.867192486891638,3.03607214428858,0.814200132020329,0.618200132020329
"34",2.65531062124249,0.700481025505931,3.03607214428858,0.814200132020329,0.618200132020329
"35",2.99599198396794,0.784668374030297,3.03607214428858,0.814200132020329,0.618200132020329
"36",3.1563126252505,0.873773294639687,3.03607214428858,0.814200132020329,0.618200132020329
"37",3.21643286573146,0.868821026433003,3.03607214428858,0.814200132020329,0.618200132020329
"38",3.41683366733467,0.978389131204256,3.03607214428858,0.814200132020329,0.618200132020329
"39",3.47695390781563,0.886842642407876,3.03607214428858,0.814200132020329,0.618200132020329
"40",3.51703406813627,0.931355336943943,3.03607214428858,0.814200132020329,0.618200132020329
"41",3.69739478957916,1.08862919546267,3.03607214428858,0.814200132020329,0.618200132020329
"42",3.7374749498998,0.830757818760161,3.03607214428858,0.814200132020329,0.618200132020329
"43",3.75751503006012,1.00522989924461,3.03607214428858,0.814200132020329,0.618200132020329
"44",3.97795591182365,0.684051469282065,3.03607214428858,0.814200132020329,0.618200132020329
"45",4.25851703406814,0.749672703194522,3.03607214428858,0.814200132020329,0.618200132020329
"46",4.59919839679359,0.739940970407933,3.03607214428858,0.814200132020329,0.618200132020329
"47",4.71943887775551,0.604682404491159,3.03607214428858,0.814200132020329,0.618200132020329
"48",4.87975951903808,0.573664260345815,3.03607214428858,0.814200132020329,0.618200132020329
"49",4.93987975951904,0.616006940446278,3.03607214428858,0.814200132020329,0.618200132020329
"50",5,0.246917536810369,3.03607214428858,0.814200132020329,0.618200132020329
