"","x","yplot","target","ftrue","fwrong"
"1",-5,-0.770036959684909,0.831663326653306,0.494270140088854,0.298270140088853
"2",-4.07815631262525,-0.657574602166462,0.831663326653306,0.494270140088854,0.298270140088853
"3",-4.01803607214429,-0.558010564228621,0.831663326653306,0.494270140088854,0.298270140088853
"4",-3.91783567134269,-0.574010073179171,0.831663326653306,0.494270140088854,0.298270140088853
"5",-3.39679358717435,-0.36487874180259,0.831663326653306,0.494270140088854,0.298270140088853
"6",-3.23647294589178,-0.462205360254029,0.831663326653306,0.494270140088854,0.298270140088853
"7",-2.59519038076152,-0.379176491190508,0.831663326653306,0.494270140088854,0.298270140088853
"8",-2.45490981963928,-0.279641891151508,0.831663326653306,0.494270140088854,0.298270140088853
"9",-1.73346693386774,-0.150807071719322,0.831663326653306,0.494270140088854,0.298270140088853
"10",-1.61322645290581,-0.217857726362812,0.831663326653306,0.494270140088854,0.298270140088853
"11",-1.15230460921844,-0.11689828621453,0.831663326653306,0.494270140088854,0.298270140088853
"12",-1.01202404809619,-0.0646486530073694,0.831663326653306,0.494270140088854,0.298270140088853
"13",-0.891783567134269,0.0411798159585027,0.831663326653306,0.494270140088854,0.298270140088853
"14",-0.711422845691383,0.101099016494819,0.831663326653306,0.494270140088854,0.298270140088853
"15",0.130260521042084,0.388518372353778,0.831663326653306,0.494270140088854,0.298270140088853
"16",0.250501002004007,0.496402575223241,0.831663326653306,0.494270140088854,0.298270140088853
"17",0.270541082164328,0.137635570472549,0.831663326653306,0.494270140088854,0.298270140088853
"18",0.350701402805611,0.434728290485863,0.831663326653306,0.494270140088854,0.298270140088853
"19",0.511022044088176,0.332745765946532,0.831663326653306,0.494270140088854,0.298270140088853
"20",0.971943887775551,0.612937855009701,0.831663326653306,0.494270140088854,0.298270140088853
"21",1.25250501002004,0.678307903246934,0.831663326653306,0.494270140088854,0.298270140088853
"22",1.33266533066132,0.598822162575124,0.831663326653306,0.494270140088854,0.298270140088853
"23",1.51302605210421,0.626425750776634,0.831663326653306,0.494270140088854,0.298270140088853
"24",1.57314629258517,0.751526807747971,0.831663326653306,0.494270140088854,0.298270140088853
"25",1.59318637274549,0.714586888522591,0.831663326653306,0.494270140088854,0.298270140088853
"26",1.63326653306613,0.642438319816691,0.831663326653306,0.494270140088854,0.298270140088853
"27",1.8937875751503,0.640309735204184,0.831663326653306,0.494270140088854,0.298270140088853
"28",1.93386773547094,0.719391909584414,0.831663326653306,0.494270140088854,0.298270140088853
"29",2.07414829659319,0.755709758008352,0.831663326653306,0.494270140088854,0.298270140088853
"30",2.21442885771543,0.767539786677598,0.831663326653306,0.494270140088854,0.298270140088853
"31",2.71543086172345,0.91711122231656,0.831663326653306,0.494270140088854,0.298270140088853
"32",2.93587174348697,1.03489641341243,0.831663326653306,0.494270140088854,0.298270140088853
"33",3.03607214428858,0.907000457905727,0.831663326653306,0.494270140088854,0.298270140088853
"34",3.2565130260521,0.835368999818417,0.831663326653306,0.494270140088854,0.298270140088853
"35",3.37675350701403,0.972808675881073,0.831663326653306,0.494270140088854,0.298270140088853
"36",3.67735470941884,0.770473266119009,0.831663326653306,0.494270140088854,0.298270140088853
"37",3.79759519038076,0.997971320283456,0.831663326653306,0.494270140088854,0.298270140088853
"38",4.15831663326653,0.782428111532957,0.831663326653306,0.494270140088854,0.298270140088853
"39",4.37875751503006,0.873604473183397,0.831663326653306,0.494270140088854,0.298270140088853
"40",4.61923847695391,0.797987113108845,0.831663326653306,0.494270140088854,0.298270140088853
