"","x","yplot","target","ftrue","fwrong"
"1",-4.57915831663327,0.807144605956349,-1.51302605210421,0.210658315273142,0.014658315273142
"2",-4.25851703406814,0.73500685461532,-1.51302605210421,0.210658315273142,0.014658315273142
"3",-3.67735470941884,0.584572163961234,-1.51302605210421,0.210658315273142,0.014658315273142
"4",-3.61723446893788,0.438869282570006,-1.51302605210421,0.210658315273142,0.014658315273142
"5",-3.47695390781563,0.564335230601001,-1.51302605210421,0.210658315273142,0.014658315273142
"6",-3.33667334669339,0.574411643191718,-1.51302605210421,0.210658315273142,0.014658315273142
"7",-3.11623246492986,0.4461181796677,-1.51302605210421,0.210658315273142,0.014658315273142
"8",-2.13426853707415,0.280901369189446,-1.51302605210421,0.210658315273142,0.014658315273142
"9",-2.07414829659319,0.222123469563536,-1.51302605210421,0.210658315273142,0.014658315273142
"10",-2.03406813627255,0.438316862685041,-1.51302605210421,0.210658315273142,0.014658315273142
"11",-1.8937875751503,0.395400601283769,-1.51302605210421,0.210658315273142,0.014658315273142
"12",-1.81362725450902,0.220270958268134,-1.51302605210421,0.210658315273142,0.014658315273142
"13",-1.75350701402806,0.367496238351896,-1.51302605210421,0.210658315273142,0.014658315273142
"14",-1.19238476953908,0.146508231176567,-1.51302605210421,0.210658315273142,0.014658315273142
"15",-0.631262525050101,-0.0185676136700974,-1.51302605210421,0.210658315273142,0.014658315273142
"16",-0.571142284569138,0.0955827224523481,-1.51302605210421,0.210658315273142,0.014658315273142
"17",-0.450901803607215,-0.0445364238870994,-1.51302605210421,0.210658315273142,0.014658315273142
"18",-0.230460921843687,0.0556997377231908,-1.51302605210421,0.210658315273142,0.014658315273142
"19",-0.0300601202404813,-0.0109450812712007,-1.51302605210421,0.210658315273142,0.014658315273142
"20",0.591182364729459,-0.186855699327153,-1.51302605210421,0.210658315273142,0.014658315273142
"21",1.07214428857715,-0.198860898595175,-1.51302605210421,0.210658315273142,0.014658315273142
"22",1.29258517034068,0.13528080054746,-1.51302605210421,0.210658315273142,0.014658315273142
"23",1.77354709418838,-0.205885206694149,-1.51302605210421,0.210658315273142,0.014658315273142
"24",2.01402805611222,-0.127146195830353,-1.51302605210421,0.210658315273142,0.014658315273142
"25",3.01603206412826,-0.112222705440256,-1.51302605210421,0.210658315273142,0.014658315273142
"26",3.21643286573146,-0.253321893890696,-1.51302605210421,0.210658315273142,0.014658315273142
"27",3.6372745490982,0.0362182867195558,-1.51302605210421,0.210658315273142,0.014658315273142
"28",4.39879759519038,-0.32563652852356,-1.51302605210421,0.210658315273142,0.014658315273142
"29",4.85971943887776,-0.241163406485576,-1.51302605210421,0.210658315273142,0.014658315273142
"30",4.97995991983968,-0.376039089105299,-1.51302605210421,0.210658315273142,0.014658315273142
