"","x","yplot","target","ftrue","fwrong"
"1",-4.13827655310621,-0.573918404246588,2.65531062124249,0.0835596954283736,0.279559695428374
"2",-3.99799599198397,-0.778460573450403,2.65531062124249,0.0835596954283736,0.279559695428374
"3",-3.45691382765531,-0.788839695529926,2.65531062124249,0.0835596954283736,0.279559695428374
"4",-2.71543086172345,-0.92095101434007,2.65531062124249,0.0835596954283736,0.279559695428374
"5",-1.15230460921844,-1.01940651597002,2.65531062124249,0.0835596954283736,0.279559695428374
"6",-0.0501002004008022,-0.810657276962078,2.65531062124249,0.0835596954283736,0.279559695428374
"7",0.33066132264529,-0.534618686096413,2.65531062124249,0.0835596954283736,0.279559695428374
"8",1.51302605210421,0.00396401986916234,2.65531062124249,0.0835596954283736,0.279559695428374
"9",1.77354709418838,-0.0259505234899672,2.65531062124249,0.0835596954283736,0.279559695428374
"10",1.7935871743487,-0.273114740552557,2.65531062124249,0.0835596954283736,0.279559695428374
"11",1.85370741482966,-0.149783151340603,2.65531062124249,0.0835596954283736,0.279559695428374
"12",1.87374749498998,-0.0411012892637054,2.65531062124249,0.0835596954283736,0.279559695428374
"13",2.01402805611222,0.100777858378486,2.65531062124249,0.0835596954283736,0.279559695428374
"14",2.03406813627254,0.0286419658636714,2.65531062124249,0.0835596954283736,0.279559695428374
"15",2.27454909819639,0.16426626101948,2.65531062124249,0.0835596954283736,0.279559695428374
"16",2.51503006012024,-0.0817676634297784,2.65531062124249,0.0835596954283736,0.279559695428374
"17",2.53507014028056,0.0368226791208738,2.65531062124249,0.0835596954283736,0.279559695428374
"18",2.77555110220441,-0.013385911645101,2.65531062124249,0.0835596954283736,0.279559695428374
"19",2.79559118236473,0.115025328881866,2.65531062124249,0.0835596954283736,0.279559695428374
"20",2.83567134268537,0.0356768742662166,2.65531062124249,0.0835596954283736,0.279559695428374
"21",2.87575150300601,0.238962291067877,2.65531062124249,0.0835596954283736,0.279559695428374
"22",2.95591182364729,0.13770845529684,2.65531062124249,0.0835596954283736,0.279559695428374
"23",2.97595190380761,0.285498489248269,2.65531062124249,0.0835596954283736,0.279559695428374
"24",3.03607214428858,0.163403106057444,2.65531062124249,0.0835596954283736,0.279559695428374
"25",3.0561122244489,0.165220959373987,2.65531062124249,0.0835596954283736,0.279559695428374
"26",3.31663326653307,0.434765143395053,2.65531062124249,0.0835596954283736,0.279559695428374
"27",3.43687374749499,0.265914204866486,2.65531062124249,0.0835596954283736,0.279559695428374
"28",3.49699398797595,0.0487626288673792,2.65531062124249,0.0835596954283736,0.279559695428374
"29",3.53707414829659,0.387140121847089,2.65531062124249,0.0835596954283736,0.279559695428374
"30",4.81963927855711,0.530295664332185,2.65531062124249,0.0835596954283736,0.279559695428374
