"","x","yplot","target","ftrue","fwrong"
"1",-4.63927855711423,-0.817415511652718,-0.851703406813628,0.365558833601364,0.169558833601364
"2",-4.45891783567134,-0.745031107385751,-0.851703406813628,0.365558833601364,0.169558833601364
"3",-3.93787575150301,-0.584386374889909,-0.851703406813628,0.365558833601364,0.169558833601364
"4",-2.91583166332665,-0.0996651140121278,-0.851703406813628,0.365558833601364,0.169558833601364
"5",-2.79559118236473,-0.376225912851313,-0.851703406813628,0.365558833601364,0.169558833601364
"6",-2.59519038076152,-0.13828794084627,-0.851703406813628,0.365558833601364,0.169558833601364
"7",-2.55511022044088,-0.206348141597479,-0.851703406813628,0.365558833601364,0.169558833601364
"8",-2.43486973947896,0.166353303195979,-0.851703406813628,0.365558833601364,0.169558833601364
"9",-2.41482965931864,-0.164950756157185,-0.851703406813628,0.365558833601364,0.169558833601364
"10",-2.23446893787575,-0.128573625940369,-0.851703406813628,0.365558833601364,0.169558833601364
"11",-1.7935871743487,0.0403120958947798,-0.851703406813628,0.365558833601364,0.169558833601364
"12",-1.75350701402806,-0.125951786883397,-0.851703406813628,0.365558833601364,0.169558833601364
"13",-1.69338677354709,0.110174785821484,-0.851703406813628,0.365558833601364,0.169558833601364
"14",-1.45290581162325,0.255964396079963,-0.851703406813628,0.365558833601364,0.169558833601364
"15",-1.23246492985972,0.0348215835128327,-0.851703406813628,0.365558833601364,0.169558833601364
"16",-1.17234468937876,0.381921987150495,-0.851703406813628,0.365558833601364,0.169558833601364
"17",-1.09218436873748,0.216833533213445,-0.851703406813628,0.365558833601364,0.169558833601364
"18",-0.991983967935872,0.461972238201341,-0.851703406813628,0.365558833601364,0.169558833601364
"19",-0.891783567134269,0.430470052312332,-0.851703406813628,0.365558833601364,0.169558833601364
"20",-0.771543086172345,0.213461543955284,-0.851703406813628,0.365558833601364,0.169558833601364
"21",-0.671342685370742,0.354380584777178,-0.851703406813628,0.365558833601364,0.169558833601364
"22",-0.330661322645291,0.427279822555459,-0.851703406813628,0.365558833601364,0.169558833601364
"23",0.390781563126252,0.715703330477146,-0.851703406813628,0.365558833601364,0.169558833601364
"24",0.771543086172344,0.855637743313369,-0.851703406813628,0.365558833601364,0.169558833601364
"25",0.791583166332665,0.725795605757938,-0.851703406813628,0.365558833601364,0.169558833601364
"26",0.831663326653306,0.727768100124013,-0.851703406813628,0.365558833601364,0.169558833601364
"27",0.891783567134269,0.753927832615263,-0.851703406813628,0.365558833601364,0.169558833601364
"28",1.2124248496994,0.901597457510103,-0.851703406813628,0.365558833601364,0.169558833601364
"29",1.23246492985972,0.737104317759619,-0.851703406813628,0.365558833601364,0.169558833601364
"30",1.47294589178357,0.937759135072195,-0.851703406813628,0.365558833601364,0.169558833601364
"31",1.75350701402806,0.87162439329768,-0.851703406813628,0.365558833601364,0.169558833601364
"32",1.81362725450902,0.975078349856679,-0.851703406813628,0.365558833601364,0.169558833601364
"33",1.83366733466934,1.05143521048495,-0.851703406813628,0.365558833601364,0.169558833601364
"34",1.91382765531062,1.08385782538375,-0.851703406813628,0.365558833601364,0.169558833601364
"35",2.11422845691383,0.993645974052038,-0.851703406813628,0.365558833601364,0.169558833601364
"36",2.23446893787575,0.997311957860348,-0.851703406813628,0.365558833601364,0.169558833601364
"37",2.29458917835671,0.813367038167561,-0.851703406813628,0.365558833601364,0.169558833601364
"38",3.77755511022044,0.865607892337607,-0.851703406813628,0.365558833601364,0.169558833601364
"39",4.35871743486974,0.585811501317411,-0.851703406813628,0.365558833601364,0.169558833601364
"40",4.85971943887776,0.404625593416244,-0.851703406813628,0.365558833601364,0.169558833601364
