"","x","yplot","target","ftrue","fwrong"
"1",-4.63927855711423,-0.373415110237101,-1.03206412825651,-0.375165535099114,-0.179165535099114
"2",-4.47895791583166,-0.366998058907213,-1.03206412825651,-0.375165535099114,-0.179165535099114
"3",-4.4188376753507,-0.389710848152678,-1.03206412825651,-0.375165535099114,-0.179165535099114
"4",-3.85771543086172,-0.337567977844723,-1.03206412825651,-0.375165535099114,-0.179165535099114
"5",-3.33667334669339,-0.472623117103145,-1.03206412825651,-0.375165535099114,-0.179165535099114
"6",-3.2565130260521,-0.559702440428972,-1.03206412825651,-0.375165535099114,-0.179165535099114
"7",-2.35470941883768,-0.320999024622798,-1.03206412825651,-0.375165535099114,-0.179165535099114
"8",-2.27454909819639,-0.441398272061789,-1.03206412825651,-0.375165535099114,-0.179165535099114
"9",-2.11422845691383,-0.541220506130039,-1.03206412825651,-0.375165535099114,-0.179165535099114
"10",-1.81362725450902,-0.644119171749343,-1.03206412825651,-0.375165535099114,-0.179165535099114
"11",-1.71342685370742,-0.415902786884343,-1.03206412825651,-0.375165535099114,-0.179165535099114
"12",-1.47294589178357,-0.613331916286505,-1.03206412825651,-0.375165535099114,-0.179165535099114
"13",-1.312625250501,-0.449048295124513,-1.03206412825651,-0.375165535099114,-0.179165535099114
"14",-1.19238476953908,-0.39809422093455,-1.03206412825651,-0.375165535099114,-0.179165535099114
"15",-0.571142284569138,-0.415278400607344,-1.03206412825651,-0.375165535099114,-0.179165535099114
"16",-0.531062124248497,-0.357372077198966,-1.03206412825651,-0.375165535099114,-0.179165535099114
"17",-0.450901803607215,-0.298413031139446,-1.03206412825651,-0.375165535099114,-0.179165535099114
"18",-0.0701402805611222,-0.26876812232858,-1.03206412825651,-0.375165535099114,-0.179165535099114
"19",0.531062124248497,-0.0819672512502748,-1.03206412825651,-0.375165535099114,-0.179165535099114
"20",0.731462925851703,-0.0960432587335153,-1.03206412825651,-0.375165535099114,-0.179165535099114
"21",1.33266533066132,0.108306504115028,-1.03206412825651,-0.375165535099114,-0.179165535099114
"22",1.7935871743487,0.564600094413583,-1.03206412825651,-0.375165535099114,-0.179165535099114
"23",2.03406813627254,0.423244307590931,-1.03206412825651,-0.375165535099114,-0.179165535099114
"24",2.21442885771543,0.410346642671656,-1.03206412825651,-0.375165535099114,-0.179165535099114
"25",2.71543086172345,0.477619705077853,-1.03206412825651,-0.375165535099114,-0.179165535099114
"26",2.93587174348697,0.526347446036464,-1.03206412825651,-0.375165535099114,-0.179165535099114
"27",3.47695390781563,0.604494208239577,-1.03206412825651,-0.375165535099114,-0.179165535099114
"28",3.57715430861723,0.637681075273302,-1.03206412825651,-0.375165535099114,-0.179165535099114
"29",4.27855711422846,0.621620238295085,-1.03206412825651,-0.375165535099114,-0.179165535099114
"30",4.93987975951904,1.01136585444868,-1.03206412825651,-0.375165535099114,-0.179165535099114
