"","x","yplot","target","ftrue","fwrong"
"1",-4.87975951903808,-0.574679670345065,-2.91583166332665,-0.1385960509691,-0.3345960509691
"2",-4.75951903807615,-0.593002008517538,-2.91583166332665,-0.1385960509691,-0.3345960509691
"3",-4.55911823647295,-0.658089685565416,-2.91583166332665,-0.1385960509691,-0.3345960509691
"4",-4.53907815631263,-0.6858350833114,-2.91583166332665,-0.1385960509691,-0.3345960509691
"5",-4.23847695390782,-0.397506932867182,-2.91583166332665,-0.1385960509691,-0.3345960509691
"6",-3.85771543086172,-0.34526469470113,-2.91583166332665,-0.1385960509691,-0.3345960509691
"7",-3.8376753507014,-0.242116102082947,-2.91583166332665,-0.1385960509691,-0.3345960509691
"8",-3.81763527054108,-0.238778442205625,-2.91583166332665,-0.1385960509691,-0.3345960509691
"9",-3.79759519038076,-0.379331731045438,-2.91583166332665,-0.1385960509691,-0.3345960509691
"10",-3.61723446893788,-0.311000638289135,-2.91583166332665,-0.1385960509691,-0.3345960509691
"11",-3.59719438877756,-0.355550683626761,-2.91583166332665,-0.1385960509691,-0.3345960509691
"12",-3.55711422845691,-0.264950195716764,-2.91583166332665,-0.1385960509691,-0.3345960509691
"13",-3.51703406813627,-0.400821795709163,-2.91583166332665,-0.1385960509691,-0.3345960509691
"14",-3.49699398797595,-0.299480633101924,-2.91583166332665,-0.1385960509691,-0.3345960509691
"15",-3.43687374749499,-0.366952677495593,-2.91583166332665,-0.1385960509691,-0.3345960509691
"16",-3.35671342685371,-0.120024393467031,-2.91583166332665,-0.1385960509691,-0.3345960509691
"17",-3.2565130260521,-0.125272700842786,-2.91583166332665,-0.1385960509691,-0.3345960509691
"18",-3.11623246492986,-0.14136075291013,-2.91583166332665,-0.1385960509691,-0.3345960509691
"19",-3.07615230460922,-0.311357569438853,-2.91583166332665,-0.1385960509691,-0.3345960509691
"20",-3.0561122244489,-0.103087943242366,-2.91583166332665,-0.1385960509691,-0.3345960509691
"21",-2.97595190380762,-0.232952916173482,-2.91583166332665,-0.1385960509691,-0.3345960509691
"22",-2.93587174348697,-0.193307468410737,-2.91583166332665,-0.1385960509691,-0.3345960509691
"23",-2.91583166332665,-0.273285370567676,-2.91583166332665,-0.1385960509691,-0.3345960509691
"24",-2.89579158316633,-0.116035457363792,-2.91583166332665,-0.1385960509691,-0.3345960509691
"25",-2.87575150300601,-0.173891009218409,-2.91583166332665,-0.1385960509691,-0.3345960509691
"26",-2.75551102204409,-0.230652698945302,-2.91583166332665,-0.1385960509691,-0.3345960509691
"27",-2.55511022044088,-0.190120631610239,-2.91583166332665,-0.1385960509691,-0.3345960509691
"28",-2.41482965931864,-0.257890025843602,-2.91583166332665,-0.1385960509691,-0.3345960509691
"29",-2.25450901803607,-0.021087723833251,-2.91583166332665,-0.1385960509691,-0.3345960509691
"30",-2.15430861723447,0.0481854289210819,-2.91583166332665,-0.1385960509691,-0.3345960509691
"31",-2.13426853707415,0.0956269587779469,-2.91583166332665,-0.1385960509691,-0.3345960509691
"32",-2.09418837675351,-0.0177378850294751,-2.91583166332665,-0.1385960509691,-0.3345960509691
"33",-1.93386773547094,0.0455331563946469,-2.91583166332665,-0.1385960509691,-0.3345960509691
"34",-1.39278557114228,0.226099074921032,-2.91583166332665,-0.1385960509691,-0.3345960509691
"35",-0.571142284569138,0.31262643504815,-2.91583166332665,-0.1385960509691,-0.3345960509691
"36",-0.531062124248497,0.450712738291053,-2.91583166332665,-0.1385960509691,-0.3345960509691
"37",0.611222444889779,0.379331984956719,-2.91583166332665,-0.1385960509691,-0.3345960509691
"38",0.95190380761523,0.406272915974015,-2.91583166332665,-0.1385960509691,-0.3345960509691
"39",3.23647294589178,0.408745645720024,-2.91583166332665,-0.1385960509691,-0.3345960509691
"40",4.23847695390782,0.710463708523042,-2.91583166332665,-0.1385960509691,-0.3345960509691
