"","x","yplot","target","ftrue","fwrong"
"1",-4.79959919839679,0.818390209580558,-2.83567134268537,0.706811451842316,0.902811451842316
"2",-4.57915831663327,0.624576342477864,-2.83567134268537,0.706811451842316,0.902811451842316
"3",-3.8376753507014,0.65382319667792,-2.83567134268537,0.706811451842316,0.902811451842316
"4",-3.81763527054108,0.851913852586175,-2.83567134268537,0.706811451842316,0.902811451842316
"5",-3.79759519038076,0.840210886046677,-2.83567134268537,0.706811451842316,0.902811451842316
"6",-3.77755511022044,0.733950807175178,-2.83567134268537,0.706811451842316,0.902811451842316
"7",-3.75751503006012,0.763297625672565,-2.83567134268537,0.706811451842316,0.902811451842316
"8",-3.7374749498998,0.687606619012388,-2.83567134268537,0.706811451842316,0.902811451842316
"9",-3.69739478957916,0.792554246190963,-2.83567134268537,0.706811451842316,0.902811451842316
"10",-3.65731462925852,0.721109308969857,-2.83567134268537,0.706811451842316,0.902811451842316
"11",-3.53707414829659,0.910532168117322,-2.83567134268537,0.706811451842316,0.902811451842316
"12",-3.51703406813627,0.820384668122177,-2.83567134268537,0.706811451842316,0.902811451842316
"13",-3.47695390781563,0.681070690994718,-2.83567134268537,0.706811451842316,0.902811451842316
"14",-3.43687374749499,0.620482358907397,-2.83567134268537,0.706811451842316,0.902811451842316
"15",-3.37675350701403,0.779557736971049,-2.83567134268537,0.706811451842316,0.902811451842316
"16",-3.35671342685371,0.658243919462098,-2.83567134268537,0.706811451842316,0.902811451842316
"17",-3.2565130260521,0.555976539564613,-2.83567134268537,0.706811451842316,0.902811451842316
"18",-3.23647294589178,0.692626349956642,-2.83567134268537,0.706811451842316,0.902811451842316
"19",-3.21643286573146,0.672377324475935,-2.83567134268537,0.706811451842316,0.902811451842316
"20",-3.13627254509018,0.572199241348673,-2.83567134268537,0.706811451842316,0.902811451842316
"21",-3.07615230460922,0.69395755675937,-2.83567134268537,0.706811451842316,0.902811451842316
"22",-2.99599198396794,0.65739194916567,-2.83567134268537,0.706811451842316,0.902811451842316
"23",-2.97595190380762,0.661748653061779,-2.83567134268537,0.706811451842316,0.902811451842316
"24",-2.83567134268537,0.76675619038793,-2.83567134268537,0.706811451842316,0.902811451842316
"25",-2.81563126252505,0.753090308182056,-2.83567134268537,0.706811451842316,0.902811451842316
"26",-2.75551102204409,0.756694698976841,-2.83567134268537,0.706811451842316,0.902811451842316
"27",-2.71543086172345,0.803588541701439,-2.83567134268537,0.706811451842316,0.902811451842316
"28",-2.5751503006012,0.607364922574714,-2.83567134268537,0.706811451842316,0.902811451842316
"29",-2.55511022044088,0.656910338901721,-2.83567134268537,0.706811451842316,0.902811451842316
"30",-2.374749498998,0.787783032119078,-2.83567134268537,0.706811451842316,0.902811451842316
"31",-2.31462925851703,0.612798775201417,-2.83567134268537,0.706811451842316,0.902811451842316
"32",-2.29458917835671,0.602593225753783,-2.83567134268537,0.706811451842316,0.902811451842316
"33",-2.27454909819639,0.778524846716582,-2.83567134268537,0.706811451842316,0.902811451842316
"34",-2.09418837675351,0.623355934019153,-2.83567134268537,0.706811451842316,0.902811451842316
"35",-2.07414829659319,0.829302647975992,-2.83567134268537,0.706811451842316,0.902811451842316
"36",-2.01402805611222,0.709940091930599,-2.83567134268537,0.706811451842316,0.902811451842316
"37",-1.87374749498998,0.70905212208109,-2.83567134268537,0.706811451842316,0.902811451842316
"38",-1.85370741482966,0.844560331508515,-2.83567134268537,0.706811451842316,0.902811451842316
"39",-1.65330661322645,0.666565959131241,-2.83567134268537,0.706811451842316,0.902811451842316
"40",-1.53306613226453,0.75041846500396,-2.83567134268537,0.706811451842316,0.902811451842316
"41",-0.631262525050101,0.320441061956419,-2.83567134268537,0.706811451842316,0.902811451842316
"42",-0.551102204408818,0.340872679280991,-2.83567134268537,0.706811451842316,0.902811451842316
"43",0.290581162324649,-0.0330137268235588,-2.83567134268537,0.706811451842316,0.902811451842316
"44",0.350701402805611,-0.210069999932188,-2.83567134268537,0.706811451842316,0.902811451842316
"45",0.771543086172344,-0.405414514621986,-2.83567134268537,0.706811451842316,0.902811451842316
"46",2.75551102204409,-0.419434458535982,-2.83567134268537,0.706811451842316,0.902811451842316
"47",2.87575150300601,-0.434375303853668,-2.83567134268537,0.706811451842316,0.902811451842316
"48",3.67735470941884,-0.405304731024309,-2.83567134268537,0.706811451842316,0.902811451842316
"49",4.77955911823647,-0.10905425670016,-2.83567134268537,0.706811451842316,0.902811451842316
"50",4.95991983967936,-0.115820498376704,-2.83567134268537,0.706811451842316,0.902811451842316
