"","x","yplot","target","ftrue","fwrong"
"1",-2.95591182364729,0.538424843678637,2.99599198396794,0.103456152567634,-0.0925438474323655
"2",-2.91583166332665,0.620388595573116,2.99599198396794,0.103456152567634,-0.0925438474323655
"3",-2.77555110220441,0.805906303293553,2.99599198396794,0.103456152567634,-0.0925438474323655
"4",-2.45490981963928,0.722773760981538,2.99599198396794,0.103456152567634,-0.0925438474323655
"5",-2.27454909819639,0.995074196935833,2.99599198396794,0.103456152567634,-0.0925438474323655
"6",-1.69338677354709,1.04070094226788,2.99599198396794,0.103456152567634,-0.0925438474323655
"7",-1.59318637274549,0.936113190077059,2.99599198396794,0.103456152567634,-0.0925438474323655
"8",-0.751503006012024,0.714811401316336,2.99599198396794,0.103456152567634,-0.0925438474323655
"9",-0.270541082164329,0.0177585463219267,2.99599198396794,0.103456152567634,-0.0925438474323655
"10",0.771543086172344,-0.345307464670415,2.99599198396794,0.103456152567634,-0.0925438474323655
"11",0.871743486973948,-0.276516101048255,2.99599198396794,0.103456152567634,-0.0925438474323655
"12",2.11422845691383,-0.0957764943544545,2.99599198396794,0.103456152567634,-0.0925438474323655
"13",2.15430861723447,-0.206673287138425,2.99599198396794,0.103456152567634,-0.0925438474323655
"14",2.17434869739479,-0.283481563960176,2.99599198396794,0.103456152567634,-0.0925438474323655
"15",2.19438877755511,-0.178647780724953,2.99599198396794,0.103456152567634,-0.0925438474323655
"16",2.29458917835671,0.0220018454739897,2.99599198396794,0.103456152567634,-0.0925438474323655
"17",2.33466933867735,-0.189365670373645,2.99599198396794,0.103456152567634,-0.0925438474323655
"18",2.41482965931864,-0.195529705711105,2.99599198396794,0.103456152567634,-0.0925438474323655
"19",2.43486973947896,-0.0662492363071113,2.99599198396794,0.103456152567634,-0.0925438474323655
"20",2.4749498997996,-0.263577944887354,2.99599198396794,0.103456152567634,-0.0925438474323655
"21",2.49498997995992,-0.153660216091417,2.99599198396794,0.103456152567634,-0.0925438474323655
"22",2.61523046092184,-0.0773686035132515,2.99599198396794,0.103456152567634,-0.0925438474323655
"23",2.63527054108216,-0.00722738499443702,2.99599198396794,0.103456152567634,-0.0925438474323655
"24",2.67535070140281,-0.00659119867484444,2.99599198396794,0.103456152567634,-0.0925438474323655
"25",2.69539078156313,0.0146341272221194,2.99599198396794,0.103456152567634,-0.0925438474323655
"26",2.79559118236473,-0.0275670408324157,2.99599198396794,0.103456152567634,-0.0925438474323655
"27",2.85571142284569,0.0614672968328739,2.99599198396794,0.103456152567634,-0.0925438474323655
"28",2.91583166332665,0.230416285300559,2.99599198396794,0.103456152567634,-0.0925438474323655
"29",2.93587174348697,-0.00222324754157871,2.99599198396794,0.103456152567634,-0.0925438474323655
"30",3.0561122244489,0.164122634921213,2.99599198396794,0.103456152567634,-0.0925438474323655
"31",3.09619238476954,0.0959274048168508,2.99599198396794,0.103456152567634,-0.0925438474323655
"32",3.17635270541082,0.175053712737048,2.99599198396794,0.103456152567634,-0.0925438474323655
"33",3.2565130260521,-0.0166266063664773,2.99599198396794,0.103456152567634,-0.0925438474323655
"34",3.29659318637274,0.257774681553499,2.99599198396794,0.103456152567634,-0.0925438474323655
"35",3.31663326653307,0.1970758331315,2.99599198396794,0.103456152567634,-0.0925438474323655
"36",3.37675350701403,0.244251097529593,2.99599198396794,0.103456152567634,-0.0925438474323655
"37",3.39679358717435,0.0718882937223174,2.99599198396794,0.103456152567634,-0.0925438474323655
"38",3.43687374749499,0.226532805169637,2.99599198396794,0.103456152567634,-0.0925438474323655
"39",3.49699398797595,0.289922594552546,2.99599198396794,0.103456152567634,-0.0925438474323655
"40",3.53707414829659,0.111968939599931,2.99599198396794,0.103456152567634,-0.0925438474323655
"41",3.55711422845691,0.233022586950416,2.99599198396794,0.103456152567634,-0.0925438474323655
"42",3.57715430861723,0.255798873257362,2.99599198396794,0.103456152567634,-0.0925438474323655
"43",3.61723446893788,0.144883421938324,2.99599198396794,0.103456152567634,-0.0925438474323655
"44",3.65731462925852,0.383431490962525,2.99599198396794,0.103456152567634,-0.0925438474323655
"45",3.69739478957916,0.511711784419994,2.99599198396794,0.103456152567634,-0.0925438474323655
"46",3.75751503006012,0.385881871409959,2.99599198396794,0.103456152567634,-0.0925438474323655
"47",4.13827655310621,0.398405452338881,2.99599198396794,0.103456152567634,-0.0925438474323655
"48",4.3186372745491,0.331504140044536,2.99599198396794,0.103456152567634,-0.0925438474323655
"49",4.59919839679359,0.274314535730599,2.99599198396794,0.103456152567634,-0.0925438474323655
"50",4.85971943887776,0.339360636016014,2.99599198396794,0.103456152567634,-0.0925438474323655
