"","x","yplot","target","ftrue","fwrong"
"1",-2.77555110220441,0.776341882190784,-1.87374749498998,0.747060207056144,0.943060207056144
"2",-2.49498997995992,0.847114805565144,-1.87374749498998,0.747060207056144,0.943060207056144
"3",-2.43486973947896,0.698551968562217,-1.87374749498998,0.747060207056144,0.943060207056144
"4",-2.07414829659319,0.547054978388357,-1.87374749498998,0.747060207056144,0.943060207056144
"5",-1.43286573146293,0.521424294611014,-1.87374749498998,0.747060207056144,0.943060207056144
"6",-1.03206412825651,0.774932085853319,-1.87374749498998,0.747060207056144,0.943060207056144
"7",-0.891783567134269,0.485518196768589,-1.87374749498998,0.747060207056144,0.943060207056144
"8",-0.430861723446894,0.584301885515642,-1.87374749498998,0.747060207056144,0.943060207056144
"9",1.35270541082164,0.167674678376926,-1.87374749498998,0.747060207056144,0.943060207056144
"10",4.95991983967936,-0.887019611707303,-1.87374749498998,0.747060207056144,0.943060207056144
