"","x","yplot","target","ftrue","fwrong"
"1",-3.57715430861723,0.511993333986046,1.83366733466934,-0.0470500605254596,-0.24305006052546
"2",-3.2565130260521,0.664523330556582,1.83366733466934,-0.0470500605254596,-0.24305006052546
"3",0.651302605210421,-0.519568540688654,1.83366733466934,-0.0470500605254596,-0.24305006052546
"4",1.15230460921844,-0.120104094526568,1.83366733466934,-0.0470500605254596,-0.24305006052546
"5",1.312625250501,-0.192668823797885,1.83366733466934,-0.0470500605254596,-0.24305006052546
"6",1.69338677354709,-0.125161914655302,1.83366733466934,-0.0470500605254596,-0.24305006052546
"7",1.97394789579158,-0.0509228783950538,1.83366733466934,-0.0470500605254596,-0.24305006052546
"8",2.25450901803607,-0.00614100366924392,1.83366733466934,-0.0470500605254596,-0.24305006052546
"9",2.27454909819639,0.0146449197918821,1.83366733466934,-0.0470500605254596,-0.24305006052546
"10",2.41482965931864,-0.0629785641585065,1.83366733466934,-0.0470500605254596,-0.24305006052546
