"","x","yplot","target","ftrue","fwrong"
"1",-2.35470941883768,-0.203731540539028,-1.7935871743487,-0.375121772756908,-0.179121772756908
"2",-2.25450901803607,-0.226929734793991,-1.7935871743487,-0.375121772756908,-0.179121772756908
"3",-2.19438877755511,-0.263932107075569,-1.7935871743487,-0.375121772756908,-0.179121772756908
"4",-2.07414829659319,-0.298213838818583,-1.7935871743487,-0.375121772756908,-0.179121772756908
"5",-1.45290581162325,-0.545321370664506,-1.7935871743487,-0.375121772756908,-0.179121772756908
"6",-1.25250501002004,-0.43076028978555,-1.7935871743487,-0.375121772756908,-0.179121772756908
"7",-1.03206412825651,-0.568721880751567,-1.7935871743487,-0.375121772756908,-0.179121772756908
"8",0.95190380761523,-0.497291586688018,-1.7935871743487,-0.375121772756908,-0.179121772756908
"9",1.25250501002004,-0.212968576549912,-1.7935871743487,-0.375121772756908,-0.179121772756908
"10",2.99599198396794,0.413327290530729,-1.7935871743487,-0.375121772756908,-0.179121772756908
