"","x","yplot","target","ftrue","fwrong"
"1",-4.85971943887776,0.14185844486424,3.47695390781563,-0.396521817756681,-0.592521817756681
"2",-4.07815631262525,0.137882406603593,3.47695390781563,-0.396521817756681,-0.592521817756681
"3",-3.57715430861723,0.164992485463298,3.47695390781563,-0.396521817756681,-0.592521817756681
"4",-0.591182364729459,0.33845439938365,3.47695390781563,-0.396521817756681,-0.592521817756681
"5",0.571142284569138,0.164514209155562,3.47695390781563,-0.396521817756681,-0.592521817756681
"6",1.91382765531062,-0.592299780340321,3.47695390781563,-0.396521817756681,-0.592521817756681
"7",2.53507014028056,-0.699353935182134,3.47695390781563,-0.396521817756681,-0.592521817756681
"8",2.67535070140281,-0.76491551886269,3.47695390781563,-0.396521817756681,-0.592521817756681
"9",2.79559118236473,-0.514281480778235,3.47695390781563,-0.396521817756681,-0.592521817756681
"10",2.81563126252505,-0.641731928822662,3.47695390781563,-0.396521817756681,-0.592521817756681
"11",2.85571142284569,-0.707079950367715,3.47695390781563,-0.396521817756681,-0.592521817756681
"12",2.87575150300601,-0.779879614638005,3.47695390781563,-0.396521817756681,-0.592521817756681
"13",3.23647294589178,-0.381605749611298,3.47695390781563,-0.396521817756681,-0.592521817756681
"14",3.29659318637274,-0.695012354930337,3.47695390781563,-0.396521817756681,-0.592521817756681
"15",3.33667334669339,-0.495074724440028,3.47695390781563,-0.396521817756681,-0.592521817756681
"16",3.45691382765531,-0.521863818837025,3.47695390781563,-0.396521817756681,-0.592521817756681
"17",3.59719438877755,-0.352663105442698,3.47695390781563,-0.396521817756681,-0.592521817756681
"18",3.6372745490982,-0.369004266299794,3.47695390781563,-0.396521817756681,-0.592521817756681
"19",3.7374749498998,-0.341584649172975,3.47695390781563,-0.396521817756681,-0.592521817756681
"20",3.87775551102204,-0.00395561083623575,3.47695390781563,-0.396521817756681,-0.592521817756681
"21",3.89779559118236,-0.0884795463343428,3.47695390781563,-0.396521817756681,-0.592521817756681
"22",3.97795591182365,-0.0902512950935731,3.47695390781563,-0.396521817756681,-0.592521817756681
"23",4.07815631262525,0.0864960723821365,3.47695390781563,-0.396521817756681,-0.592521817756681
"24",4.13827655310621,0.10095932938526,3.47695390781563,-0.396521817756681,-0.592521817756681
"25",4.35871743486974,0.35087111693268,3.47695390781563,-0.396521817756681,-0.592521817756681
"26",4.4188376753507,0.236401429115278,3.47695390781563,-0.396521817756681,-0.592521817756681
"27",4.43887775551102,0.104850950749817,3.47695390781563,-0.396521817756681,-0.592521817756681
"28",4.53907815631263,0.453402772033795,3.47695390781563,-0.396521817756681,-0.592521817756681
"29",4.57915831663327,0.261250008139713,3.47695390781563,-0.396521817756681,-0.592521817756681
"30",4.8997995991984,0.38397670917457,3.47695390781563,-0.396521817756681,-0.592521817756681
