"","x","yplot","target","ftrue","fwrong"
"1",-4.8997995991984,0.938737115137902,-4.03807615230461,0.221524979527047,0.417524979527047
"2",-4.71943887775551,0.933013946435373,-4.03807615230461,0.221524979527047,0.417524979527047
"3",-4.67935871743487,0.864418890623417,-4.03807615230461,0.221524979527047,0.417524979527047
"4",-4.65931863727455,0.847853562864992,-4.03807615230461,0.221524979527047,0.417524979527047
"5",-4.55911823647295,0.862049112478998,-4.03807615230461,0.221524979527047,0.417524979527047
"6",-4.53907815631263,0.504904383678647,-4.03807615230461,0.221524979527047,0.417524979527047
"7",-4.4188376753507,0.409089029606267,-4.03807615230461,0.221524979527047,0.417524979527047
"8",-4.13827655310621,0.339975002348443,-4.03807615230461,0.221524979527047,0.417524979527047
"9",-4.03807615230461,0.248224448539971,-4.03807615230461,0.221524979527047,0.417524979527047
"10",-3.93787575150301,0.0522527429400323,-4.03807615230461,0.221524979527047,0.417524979527047
"11",-3.89779559118236,0.218559152765771,-4.03807615230461,0.221524979527047,0.417524979527047
"12",-3.7374749498998,-0.184526958270565,-4.03807615230461,0.221524979527047,0.417524979527047
"13",-3.6372745490982,-0.26751911302489,-4.03807615230461,0.221524979527047,0.417524979527047
"14",-3.57715430861723,-0.18100121336863,-4.03807615230461,0.221524979527047,0.417524979527047
"15",-3.37675350701403,-0.30269509067884,-4.03807615230461,0.221524979527047,0.417524979527047
"16",-3.35671342685371,-0.599821653119419,-4.03807615230461,0.221524979527047,0.417524979527047
"17",-3.27655310621242,-0.576525062610166,-4.03807615230461,0.221524979527047,0.417524979527047
"18",-3.17635270541082,-0.714994991363278,-4.03807615230461,0.221524979527047,0.417524979527047
"19",-3.1563126252505,-0.884045871165698,-4.03807615230461,0.221524979527047,0.417524979527047
"20",-3.09619238476954,-0.785423298948978,-4.03807615230461,0.221524979527047,0.417524979527047
"21",-3.0561122244489,-0.713784987017666,-4.03807615230461,0.221524979527047,0.417524979527047
"22",-1.93386773547094,-0.666434287820184,-4.03807615230461,0.221524979527047,0.417524979527047
"23",-1.87374749498998,-0.738540027048597,-4.03807615230461,0.221524979527047,0.417524979527047
"24",-1.77354709418838,-0.680209241515552,-4.03807615230461,0.221524979527047,0.417524979527047
"25",-1.67334669338677,-0.450397532036552,-4.03807615230461,0.221524979527047,0.417524979527047
"26",-0.91182364729459,-0.0807157477236642,-4.03807615230461,0.221524979527047,0.417524979527047
"27",0.6312625250501,-0.163392194732813,-4.03807615230461,0.221524979527047,0.417524979527047
"28",2.83567134268537,-0.971951003157813,-4.03807615230461,0.221524979527047,0.417524979527047
"29",3.81763527054108,-1.02326692253446,-4.03807615230461,0.221524979527047,0.417524979527047
"30",4.71943887775551,-0.441881017895903,-4.03807615230461,0.221524979527047,0.417524979527047
