"","x","yplot","target","ftrue","fwrong"
"1",-4.67935871743487,-0.744555641968295,3.93787575150301,0.340175238564697,0.144175238564697
"2",-4.3186372745491,-0.908518118855742,3.93787575150301,0.340175238564697,0.144175238564697
"3",-4.15831663326653,-0.91661932630468,3.93787575150301,0.340175238564697,0.144175238564697
"4",-3.87775551102204,-0.767839353194989,3.93787575150301,0.340175238564697,0.144175238564697
"5",-3.75751503006012,-0.86496541310491,3.93787575150301,0.340175238564697,0.144175238564697
"6",-3.29659318637275,-0.825389229199717,3.93787575150301,0.340175238564697,0.144175238564697
"7",-2.77555110220441,-0.763804775620696,3.93787575150301,0.340175238564697,0.144175238564697
"8",-2.39478957915832,-0.688759595389516,3.93787575150301,0.340175238564697,0.144175238564697
"9",-2.29458917835671,-0.854324799075488,3.93787575150301,0.340175238564697,0.144175238564697
"10",-2.25450901803607,-0.779994626555389,3.93787575150301,0.340175238564697,0.144175238564697
"11",-1.8937875751503,-0.799523214248805,3.93787575150301,0.340175238564697,0.144175238564697
"12",-1.83366733466934,-0.843931481075057,3.93787575150301,0.340175238564697,0.144175238564697
"13",-0.691382765531062,-0.988774184532088,3.93787575150301,0.340175238564697,0.144175238564697
"14",-0.390781563126253,-0.668275445053478,3.93787575150301,0.340175238564697,0.144175238564697
"15",0.370741482965932,-0.704398122283097,3.93787575150301,0.340175238564697,0.144175238564697
"16",0.551102204408817,-0.573468470122428,3.93787575150301,0.340175238564697,0.144175238564697
"17",0.831663326653306,-0.63118773285522,3.93787575150301,0.340175238564697,0.144175238564697
"18",1.17234468937876,-0.710713174198221,3.93787575150301,0.340175238564697,0.144175238564697
"19",1.23246492985972,-0.633928508717298,3.93787575150301,0.340175238564697,0.144175238564697
"20",1.27254509018036,-0.431867166591584,3.93787575150301,0.340175238564697,0.144175238564697
"21",2.09418837675351,-0.18840163777294,3.93787575150301,0.340175238564697,0.144175238564697
"22",3.17635270541082,0.0978748270066382,3.93787575150301,0.340175238564697,0.144175238564697
"23",3.23647294589178,0.0775624264681004,3.93787575150301,0.340175238564697,0.144175238564697
"24",3.29659318637274,0.0373266764368568,3.93787575150301,0.340175238564697,0.144175238564697
"25",3.37675350701403,0.312471512313082,3.93787575150301,0.340175238564697,0.144175238564697
"26",3.49699398797595,0.268738680861962,3.93787575150301,0.340175238564697,0.144175238564697
"27",3.93787575150301,0.241803748523602,3.93787575150301,0.340175238564697,0.144175238564697
"28",3.99799599198397,0.431027409713564,3.93787575150301,0.340175238564697,0.144175238564697
"29",4.27855711422846,0.431238015717245,3.93787575150301,0.340175238564697,0.144175238564697
"30",4.33867735470942,0.546247967334456,3.93787575150301,0.340175238564697,0.144175238564697
