"","x","yplot","target","ftrue","fwrong"
"1",-3.33667334669339,-1.04004927874083,2.4749498997996,-0.34225001567197,-0.14625001567197
"2",-2.55511022044088,-1.02817214295049,2.4749498997996,-0.34225001567197,-0.14625001567197
"3",-2.13426853707415,-0.706612851492592,2.4749498997996,-0.34225001567197,-0.14625001567197
"4",-1.83366733466934,-0.923359943505096,2.4749498997996,-0.34225001567197,-0.14625001567197
"5",-0.771543086172345,-0.791337274333584,2.4749498997996,-0.34225001567197,-0.14625001567197
"6",2.4749498997996,-0.38532000577346,2.4749498997996,-0.34225001567197,-0.14625001567197
"7",2.77555110220441,-0.455814933504893,2.4749498997996,-0.34225001567197,-0.14625001567197
"8",2.93587174348697,-0.147670107027302,2.4749498997996,-0.34225001567197,-0.14625001567197
"9",4.19839679358717,-0.0236777341652675,2.4749498997996,-0.34225001567197,-0.14625001567197
"10",4.3186372745491,0.148542989431717,2.4749498997996,-0.34225001567197,-0.14625001567197
