"","x","yplot","target","ftrue","fwrong"
"1",-4.55911823647295,0.468051280700826,3.01603206412826,-0.501054205974928,-0.697054205974928
"2",-3.55711422845691,0.16357989075664,3.01603206412826,-0.501054205974928,-0.697054205974928
"3",-3.1563126252505,0.069836146353321,3.01603206412826,-0.501054205974928,-0.697054205974928
"4",-2.79559118236473,-0.061566418769353,3.01603206412826,-0.501054205974928,-0.697054205974928
"5",-1.23246492985972,-0.315983324873131,3.01603206412826,-0.501054205974928,-0.697054205974928
"6",0.0701402805611222,-0.663379005200729,3.01603206412826,-0.501054205974928,-0.697054205974928
"7",0.971943887775551,-0.506076261994771,3.01603206412826,-0.501054205974928,-0.697054205974928
"8",1.15230460921844,-0.53000054318964,3.01603206412826,-0.501054205974928,-0.697054205974928
"9",1.17234468937876,-0.398689881490078,3.01603206412826,-0.501054205974928,-0.697054205974928
"10",2.35470941883768,-0.5578723375141,3.01603206412826,-0.501054205974928,-0.697054205974928
"11",2.79559118236473,-0.616684670081059,3.01603206412826,-0.501054205974928,-0.697054205974928
"12",2.89579158316633,-0.490686983155931,3.01603206412826,-0.501054205974928,-0.697054205974928
"13",2.97595190380761,-0.563678050593511,3.01603206412826,-0.501054205974928,-0.697054205974928
"14",3.71743486973948,-0.581479028367309,3.01603206412826,-0.501054205974928,-0.697054205974928
"15",3.81763527054108,-0.485020967815452,3.01603206412826,-0.501054205974928,-0.697054205974928
"16",4.15831663326653,-0.446295682384327,3.01603206412826,-0.501054205974928,-0.697054205974928
"17",4.35871743486974,-0.348972852037041,3.01603206412826,-0.501054205974928,-0.697054205974928
"18",4.61923847695391,-0.279774361552727,3.01603206412826,-0.501054205974928,-0.697054205974928
"19",4.67935871743487,-0.223917142092801,3.01603206412826,-0.501054205974928,-0.697054205974928
"20",4.73947895791583,-0.302737389285453,3.01603206412826,-0.501054205974928,-0.697054205974928
