"","x","yplot","target","ftrue","fwrong"
"1",-4.8997995991984,-0.927280576651808,3.59719438877755,0.644211723174638,0.840211723174638
"2",-3.87775551102204,-0.513610193838701,3.59719438877755,0.644211723174638,0.840211723174638
"3",-3.69739478957916,-0.226629914571219,3.59719438877755,0.644211723174638,0.840211723174638
"4",-2.99599198396794,0.0906213203102965,3.59719438877755,0.644211723174638,0.840211723174638
"5",-2.27454909819639,0.238529589185938,3.59719438877755,0.644211723174638,0.840211723174638
"6",0.110220440881763,0.654622984923276,3.59719438877755,0.644211723174638,0.840211723174638
"7",3.01603206412826,0.615372180127781,3.59719438877755,0.644211723174638,0.840211723174638
"8",3.0561122244489,0.452393412314235,3.59719438877755,0.644211723174638,0.840211723174638
"9",3.71743486973948,0.567241601681055,3.59719438877755,0.644211723174638,0.840211723174638
"10",4.93987975951904,0.641311806558101,3.59719438877755,0.644211723174638,0.840211723174638
