"","x","yplot","target","ftrue","fwrong"
"1",-4.83967935871743,0.203617338990448,-3.01603206412826,0.49866587001829,0.69466587001829
"2",-4.77955911823647,0.46880441964669,-3.01603206412826,0.49866587001829,0.69466587001829
"3",-4.75951903807615,0.458395618150433,-3.01603206412826,0.49866587001829,0.69466587001829
"4",-4.25851703406814,0.267943580385683,-3.01603206412826,0.49866587001829,0.69466587001829
"5",-4.19839679358717,0.471444842177575,-3.01603206412826,0.49866587001829,0.69466587001829
"6",-4.15831663326653,0.595627261934295,-3.01603206412826,0.49866587001829,0.69466587001829
"7",-3.99799599198397,0.375301447485547,-3.01603206412826,0.49866587001829,0.69466587001829
"8",-3.8376753507014,0.316416882624077,-3.01603206412826,0.49866587001829,0.69466587001829
"9",-3.65731462925852,0.454369674170753,-3.01603206412826,0.49866587001829,0.69466587001829
"10",-3.49699398797595,0.431886793181276,-3.01603206412826,0.49866587001829,0.69466587001829
"11",-3.27655310621242,0.433528265622373,-3.01603206412826,0.49866587001829,0.69466587001829
"12",-3.21643286573146,0.586244929224421,-3.01603206412826,0.49866587001829,0.69466587001829
"13",-3.07615230460922,0.561337627029062,-3.01603206412826,0.49866587001829,0.69466587001829
"14",-2.89579158316633,0.433887824293237,-3.01603206412826,0.49866587001829,0.69466587001829
"15",-2.79559118236473,0.537844890774257,-3.01603206412826,0.49866587001829,0.69466587001829
"16",-2.67535070140281,0.439896247750163,-3.01603206412826,0.49866587001829,0.69466587001829
"17",-2.53507014028056,0.500701417586597,-3.01603206412826,0.49866587001829,0.69466587001829
"18",-2.31462925851703,0.526100927704194,-3.01603206412826,0.49866587001829,0.69466587001829
"19",-2.25450901803607,0.502073357731194,-3.01603206412826,0.49866587001829,0.69466587001829
"20",-2.13426853707415,0.545511852737626,-3.01603206412826,0.49866587001829,0.69466587001829
"21",-2.07414829659319,0.69793692849287,-3.01603206412826,0.49866587001829,0.69466587001829
"22",-1.97394789579158,0.625633250201796,-3.01603206412826,0.49866587001829,0.69466587001829
"23",-1.29258517034068,0.508192053680093,-3.01603206412826,0.49866587001829,0.69466587001829
"24",-1.23246492985972,0.838849549563689,-3.01603206412826,0.49866587001829,0.69466587001829
"25",-1.15230460921844,0.611564607606432,-3.01603206412826,0.49866587001829,0.69466587001829
"26",-1.03206412825651,0.700704848968825,-3.01603206412826,0.49866587001829,0.69466587001829
"27",-0.91182364729459,0.61921774904937,-3.01603206412826,0.49866587001829,0.69466587001829
"28",-0.711422845691383,0.761368351804191,-3.01603206412826,0.49866587001829,0.69466587001829
"29",-0.470941883767535,0.822013675521797,-3.01603206412826,0.49866587001829,0.69466587001829
"30",-0.0901803607214431,0.766135915335392,-3.01603206412826,0.49866587001829,0.69466587001829
"31",-0.0701402805611222,0.728213764291095,-3.01603206412826,0.49866587001829,0.69466587001829
"32",-0.0300601202404813,0.762105640560906,-3.01603206412826,0.49866587001829,0.69466587001829
"33",0.0100200400801604,0.799631532578259,-3.01603206412826,0.49866587001829,0.69466587001829
"34",0.33066132264529,0.91461842583256,-3.01603206412826,0.49866587001829,0.69466587001829
"35",0.350701402805611,0.761940424663507,-3.01603206412826,0.49866587001829,0.69466587001829
"36",0.370741482965932,0.764565010808443,-3.01603206412826,0.49866587001829,0.69466587001829
"37",0.490981963927855,0.951043117265946,-3.01603206412826,0.49866587001829,0.69466587001829
"38",1.23246492985972,0.910643738179186,-3.01603206412826,0.49866587001829,0.69466587001829
"39",1.33266533066132,0.658919824193603,-3.01603206412826,0.49866587001829,0.69466587001829
"40",2.29458917835671,0.104572016011758,-3.01603206412826,0.49866587001829,0.69466587001829
"41",2.43486973947896,0.233762754742165,-3.01603206412826,0.49866587001829,0.69466587001829
"42",2.45490981963928,0.172310601862483,-3.01603206412826,0.49866587001829,0.69466587001829
"43",3.13627254509018,-0.107854064066439,-3.01603206412826,0.49866587001829,0.69466587001829
"44",3.1563126252505,-0.301169710790189,-3.01603206412826,0.49866587001829,0.69466587001829
"45",3.31663326653307,-0.568551305238005,-3.01603206412826,0.49866587001829,0.69466587001829
"46",3.53707414829659,-0.519164297237058,-3.01603206412826,0.49866587001829,0.69466587001829
"47",3.65731462925852,-0.467014392662398,-3.01603206412826,0.49866587001829,0.69466587001829
"48",3.99799599198397,-0.504264355427195,-3.01603206412826,0.49866587001829,0.69466587001829
"49",4.59919839679359,-0.713828538561599,-3.01603206412826,0.49866587001829,0.69466587001829
"50",4.83967935871743,-0.630355313786333,-3.01603206412826,0.49866587001829,0.69466587001829
