"","x","yplot","target","ftrue","fwrong"
"1",-4.85971943887776,-0.60272198154761,-4.33867735470942,-0.306250580918308,-0.502250580918308
"2",-4.81963927855711,-0.680585584925964,-4.33867735470942,-0.306250580918308,-0.502250580918308
"3",-4.71943887775551,-0.509513072302199,-4.33867735470942,-0.306250580918308,-0.502250580918308
"4",-4.63927855711423,-0.674518017404001,-4.33867735470942,-0.306250580918308,-0.502250580918308
"5",-4.59919839679359,-0.428055400007671,-4.33867735470942,-0.306250580918308,-0.502250580918308
"6",-4.45891783567134,-0.221383789460114,-4.33867735470942,-0.306250580918308,-0.502250580918308
"7",-4.4188376753507,-0.378515595448428,-4.33867735470942,-0.306250580918308,-0.502250580918308
"8",-4.39879759519038,-0.449867434736982,-4.33867735470942,-0.306250580918308,-0.502250580918308
"9",-4.2184368737475,-0.432754696217473,-4.33867735470942,-0.306250580918308,-0.502250580918308
"10",-4.19839679358717,-0.291460190075571,-4.33867735470942,-0.306250580918308,-0.502250580918308
"11",-3.97795591182365,0.0775152683911806,-4.33867735470942,-0.306250580918308,-0.502250580918308
"12",-3.77755511022044,-0.00453878065657359,-4.33867735470942,-0.306250580918308,-0.502250580918308
"13",-3.59719438877756,0.0214176536593381,-4.33867735470942,-0.306250580918308,-0.502250580918308
"14",-3.55711422845691,0.190221952203595,-4.33867735470942,-0.306250580918308,-0.502250580918308
"15",-3.53707414829659,0.0561295652072443,-4.33867735470942,-0.306250580918308,-0.502250580918308
"16",-3.19639278557114,0.159662200461712,-4.33867735470942,-0.306250580918308,-0.502250580918308
"17",-3.03607214428858,0.206018563131005,-4.33867735470942,-0.306250580918308,-0.502250580918308
"18",-2.43486973947896,0.299306383548325,-4.33867735470942,-0.306250580918308,-0.502250580918308
"19",-1.95390781563126,0.286687858217843,-4.33867735470942,-0.306250580918308,-0.502250580918308
"20",-1.73346693386774,0.236616419169269,-4.33867735470942,-0.306250580918308,-0.502250580918308
"21",-1.63326653306613,0.2588145237787,-4.33867735470942,-0.306250580918308,-0.502250580918308
"22",-1.49298597194389,0.141514936189833,-4.33867735470942,-0.306250580918308,-0.502250580918308
"23",-1.37274549098196,0.0806966914858382,-4.33867735470942,-0.306250580918308,-0.502250580918308
"24",-1.35270541082164,0.396333583010577,-4.33867735470942,-0.306250580918308,-0.502250580918308
"25",-0.831663326653307,0.305262650374588,-4.33867735470942,-0.306250580918308,-0.502250580918308
"26",-0.691382765531062,0.35228329512449,-4.33867735470942,-0.306250580918308,-0.502250580918308
"27",-0.250501002004008,0.202838852443486,-4.33867735470942,-0.306250580918308,-0.502250580918308
"28",-0.0901803607214431,0.161578842981483,-4.33867735470942,-0.306250580918308,-0.502250580918308
"29",0.0501002004008013,0.00917754219526282,-4.33867735470942,-0.306250580918308,-0.502250580918308
"30",0.270541082164328,0.581277177188477,-4.33867735470942,-0.306250580918308,-0.502250580918308
"31",0.370741482965932,0.32224195870298,-4.33867735470942,-0.306250580918308,-0.502250580918308
"32",0.410821643286573,0.156738810346761,-4.33867735470942,-0.306250580918308,-0.502250580918308
"33",0.430861723446894,0.250611027372096,-4.33867735470942,-0.306250580918308,-0.502250580918308
"34",0.490981963927855,0.330305433299906,-4.33867735470942,-0.306250580918308,-0.502250580918308
"35",0.891783567134269,0.141298236777617,-4.33867735470942,-0.306250580918308,-0.502250580918308
"36",1.312625250501,0.468683360378799,-4.33867735470942,-0.306250580918308,-0.502250580918308
"37",1.57314629258517,0.366014380875293,-4.33867735470942,-0.306250580918308,-0.502250580918308
"38",2.03406813627254,0.512671566532041,-4.33867735470942,-0.306250580918308,-0.502250580918308
"39",2.17434869739479,0.511972315977595,-4.33867735470942,-0.306250580918308,-0.502250580918308
"40",2.4749498997996,0.568841319512277,-4.33867735470942,-0.306250580918308,-0.502250580918308
"41",2.63527054108216,0.3336698681101,-4.33867735470942,-0.306250580918308,-0.502250580918308
"42",3.09619238476954,0.336105887674851,-4.33867735470942,-0.306250580918308,-0.502250580918308
"43",3.47695390781563,0.296574338695639,-4.33867735470942,-0.306250580918308,-0.502250580918308
"44",3.59719438877755,0.301868842998435,-4.33867735470942,-0.306250580918308,-0.502250580918308
"45",3.65731462925852,0.350094522894463,-4.33867735470942,-0.306250580918308,-0.502250580918308
"46",3.67735470941884,0.470700621173863,-4.33867735470942,-0.306250580918308,-0.502250580918308
"47",4.09819639278557,0.261754533904445,-4.33867735470942,-0.306250580918308,-0.502250580918308
"48",4.29859719438878,0.443788073572384,-4.33867735470942,-0.306250580918308,-0.502250580918308
"49",4.79959919839679,0.60118714764062,-4.33867735470942,-0.306250580918308,-0.502250580918308
"50",4.85971943887776,0.486477291446676,-4.33867735470942,-0.306250580918308,-0.502250580918308
