"","x","yplot","target","ftrue","fwrong"
"1",-4.8997995991984,-0.139456342152197,3.59719438877755,0.768678483148754,0.964678483148754
"2",-4.83967935871743,-0.130710044244327,3.59719438877755,0.768678483148754,0.964678483148754
"3",-4.65931863727455,-0.00540790975382299,3.59719438877755,0.768678483148754,0.964678483148754
"4",-4.53907815631263,-0.0281915953940141,3.59719438877755,0.768678483148754,0.964678483148754
"5",-4.37875751503006,0.224981470625598,3.59719438877755,0.768678483148754,0.964678483148754
"6",-4.33867735470942,0.10647791864298,3.59719438877755,0.768678483148754,0.964678483148754
"7",-3.97795591182365,0.454171666219771,3.59719438877755,0.768678483148754,0.964678483148754
"8",-3.93787575150301,0.544348869174626,3.59719438877755,0.768678483148754,0.964678483148754
"9",-3.2565130260521,0.79458726235672,3.59719438877755,0.768678483148754,0.964678483148754
"10",-2.85571142284569,0.850228591086476,3.59719438877755,0.768678483148754,0.964678483148754
"11",-2.81563126252505,0.910970333624533,3.59719438877755,0.768678483148754,0.964678483148754
"12",-2.45490981963928,0.6719672597122,3.59719438877755,0.768678483148754,0.964678483148754
"13",-2.41482965931864,0.860952900109975,3.59719438877755,0.768678483148754,0.964678483148754
"14",-2.01402805611222,0.662127738705759,3.59719438877755,0.768678483148754,0.964678483148754
"15",-1.87374749498998,0.8230216506633,3.59719438877755,0.768678483148754,0.964678483148754
"16",-1.29258517034068,0.680606615838909,3.59719438877755,0.768678483148754,0.964678483148754
"17",-0.971943887775551,0.567583894197101,3.59719438877755,0.768678483148754,0.964678483148754
"18",-0.851703406813628,0.593146170087224,3.59719438877755,0.768678483148754,0.964678483148754
"19",-0.771543086172345,0.600122245948433,3.59719438877755,0.768678483148754,0.964678483148754
"20",-0.631262525050101,0.776676274789826,3.59719438877755,0.768678483148754,0.964678483148754
"21",-0.110220440881764,0.551990752160095,3.59719438877755,0.768678483148754,0.964678483148754
"22",-0.0501002004008022,0.847129177201128,3.59719438877755,0.768678483148754,0.964678483148754
"23",0.0901803607214431,0.850724936251575,3.59719438877755,0.768678483148754,0.964678483148754
"24",0.611222444889779,0.876908998833115,3.59719438877755,0.768678483148754,0.964678483148754
"25",0.6312625250501,0.936859929956747,3.59719438877755,0.768678483148754,0.964678483148754
"26",0.711422845691382,0.815244162157736,3.59719438877755,0.768678483148754,0.964678483148754
"27",0.771543086172344,0.863038623807088,3.59719438877755,0.768678483148754,0.964678483148754
"28",0.95190380761523,0.772998967933954,3.59719438877755,0.768678483148754,0.964678483148754
"29",1.13226452905812,1.06240157111982,3.59719438877755,0.768678483148754,0.964678483148754
"30",1.45290581162325,0.865559874977762,3.59719438877755,0.768678483148754,0.964678483148754
"31",1.61322645290581,1.00516198772215,3.59719438877755,0.768678483148754,0.964678483148754
"32",2.07414829659319,0.844653642952365,3.59719438877755,0.768678483148754,0.964678483148754
"33",2.41482965931864,0.694845564310619,3.59719438877755,0.768678483148754,0.964678483148754
"34",2.61523046092184,0.785556756179588,3.59719438877755,0.768678483148754,0.964678483148754
"35",2.85571142284569,0.680136815036398,3.59719438877755,0.768678483148754,0.964678483148754
"36",2.93587174348697,0.815274160507584,3.59719438877755,0.768678483148754,0.964678483148754
"37",3.17635270541082,0.926836459643404,3.59719438877755,0.768678483148754,0.964678483148754
"38",3.23647294589178,0.852132267577383,3.59719438877755,0.768678483148754,0.964678483148754
"39",3.49699398797595,0.67369457889802,3.59719438877755,0.768678483148754,0.964678483148754
"40",3.55711422845691,0.695018628379632,3.59719438877755,0.768678483148754,0.964678483148754
"41",3.6372745490982,0.8496258970539,3.59719438877755,0.768678483148754,0.964678483148754
"42",3.93787575150301,0.859452319008291,3.59719438877755,0.768678483148754,0.964678483148754
"43",3.95791583166333,0.715900234003843,3.59719438877755,0.768678483148754,0.964678483148754
"44",4.03807615230461,0.734998431548066,3.59719438877755,0.768678483148754,0.964678483148754
"45",4.29859719438878,0.461686148233909,3.59719438877755,0.768678483148754,0.964678483148754
"46",4.33867735470942,0.690870067467192,3.59719438877755,0.768678483148754,0.964678483148754
"47",4.43887775551102,0.669206918834952,3.59719438877755,0.768678483148754,0.964678483148754
"48",4.45891783567134,0.612962026248448,3.59719438877755,0.768678483148754,0.964678483148754
"49",4.69939879759519,0.645693379495006,3.59719438877755,0.768678483148754,0.964678483148754
"50",4.93987975951904,0.579036534407597,3.59719438877755,0.768678483148754,0.964678483148754
