"","x","yplot","target","ftrue","fwrong"
"1",-3.01603206412826,-0.0913440154066497,0.250501002004007,0.650693143294682,0.454693143294682
"2",-2.61523046092184,0.0905060577046513,0.250501002004007,0.650693143294682,0.454693143294682
"3",-1.71342685370742,0.444847909241278,0.250501002004007,0.650693143294682,0.454693143294682
"4",-1.65330661322645,0.362462139792646,0.250501002004007,0.650693143294682,0.454693143294682
"5",-1.43286573146293,0.354288709284904,0.250501002004007,0.650693143294682,0.454693143294682
"6",-0.571142284569138,0.681994487507565,0.250501002004007,0.650693143294682,0.454693143294682
"7",-0.0501002004008022,0.619824506886975,0.250501002004007,0.650693143294682,0.454693143294682
"8",0.350701402805611,0.743209598062529,0.250501002004007,0.650693143294682,0.454693143294682
"9",0.671342685370742,0.519270215710879,0.250501002004007,0.650693143294682,0.454693143294682
"10",1.03206412825651,0.274027487668928,0.250501002004007,0.650693143294682,0.454693143294682
"11",1.17234468937876,0.158501359868089,0.250501002004007,0.650693143294682,0.454693143294682
"12",1.33266533066132,0.0320149624078227,0.250501002004007,0.650693143294682,0.454693143294682
"13",1.49298597194389,0.135987565962598,0.250501002004007,0.650693143294682,0.454693143294682
"14",2.27454909819639,-0.308816135165729,0.250501002004007,0.650693143294682,0.454693143294682
"15",2.71543086172345,-0.518801588018057,0.250501002004007,0.650693143294682,0.454693143294682
"16",2.83567134268537,-0.663339792034425,0.250501002004007,0.650693143294682,0.454693143294682
"17",3.77755511022044,-0.352290154823627,0.250501002004007,0.650693143294682,0.454693143294682
"18",4.39879759519038,-0.0151014433397541,0.250501002004007,0.650693143294682,0.454693143294682
"19",4.5190380761523,0.0999622377451035,0.250501002004007,0.650693143294682,0.454693143294682
"20",4.85971943887776,0.707727294826135,0.250501002004007,0.650693143294682,0.454693143294682
