"","x","yplot","target","ftrue","fwrong"
"1",-4.53907815631263,-0.170907958930611,3.8376753507014,-0.151480396671778,0.0445196033282219
"2",-4.4188376753507,-0.246125720162236,3.8376753507014,-0.151480396671778,0.0445196033282219
"3",-3.1563126252505,0.0805491831568723,3.8376753507014,-0.151480396671778,0.0445196033282219
"4",-2.85571142284569,0.0671144517151249,3.8376753507014,-0.151480396671778,0.0445196033282219
"5",-1.85370741482966,-0.453932400459964,3.8376753507014,-0.151480396671778,0.0445196033282219
"6",-1.77354709418838,-0.330693137034023,3.8376753507014,-0.151480396671778,0.0445196033282219
"7",-1.75350701402806,-0.390210857533531,3.8376753507014,-0.151480396671778,0.0445196033282219
"8",-1.71342685370742,-0.461087900835487,3.8376753507014,-0.151480396671778,0.0445196033282219
"9",-1.25250501002004,-0.541223755017485,3.8376753507014,-0.151480396671778,0.0445196033282219
"10",-0.270541082164329,-0.598746057189209,3.8376753507014,-0.151480396671778,0.0445196033282219
"11",-0.210420841683367,-0.517568515672197,3.8376753507014,-0.151480396671778,0.0445196033282219
"12",0.130260521042084,-0.076021801614043,3.8376753507014,-0.151480396671778,0.0445196033282219
"13",0.671342685370742,0.234447820169622,3.8376753507014,-0.151480396671778,0.0445196033282219
"14",1.45290581162325,0.84942275788179,3.8376753507014,-0.151480396671778,0.0445196033282219
"15",3.19639278557114,0.106505027631953,3.8376753507014,-0.151480396671778,0.0445196033282219
"16",3.65731462925852,-0.032840216047772,3.8376753507014,-0.151480396671778,0.0445196033282219
"17",3.77755511022044,-0.0977725791728894,3.8376753507014,-0.151480396671778,0.0445196033282219
"18",4.21843687374749,-0.299088361966402,3.8376753507014,-0.151480396671778,0.0445196033282219
"19",4.45891783567134,0.131391937880656,3.8376753507014,-0.151480396671778,0.0445196033282219
"20",4.49899799599198,-0.154103120652458,3.8376753507014,-0.151480396671778,0.0445196033282219
