"","x","yplot","target","ftrue","fwrong"
"1",-4.85971943887776,0.565091961675377,4.77955911823647,-0.379234373896111,-0.575234373896111
"2",-3.2565130260521,-0.16328259745209,4.77955911823647,-0.379234373896111,-0.575234373896111
"3",-3.19639278557114,-0.237582690511156,4.77955911823647,-0.379234373896111,-0.575234373896111
"4",-1.9939879759519,-0.440770919965509,4.77955911823647,-0.379234373896111,-0.575234373896111
"5",-0.751503006012024,-0.46307281684016,4.77955911823647,-0.379234373896111,-0.575234373896111
"6",-0.631262525050101,-0.567440314004414,4.77955911823647,-0.379234373896111,-0.575234373896111
"7",1.35270541082164,-0.166951780734211,4.77955911823647,-0.379234373896111,-0.575234373896111
"8",3.93787575150301,-0.27516335326793,4.77955911823647,-0.379234373896111,-0.575234373896111
"9",3.95791583166333,-0.423906184516062,4.77955911823647,-0.379234373896111,-0.575234373896111
"10",4.63927855711423,-0.468889593964537,4.77955911823647,-0.379234373896111,-0.575234373896111
