"","x","yplot","target","ftrue","fwrong"
"1",-4.93987975951904,0.480644220672119,2.01402805611222,-0.317949454199678,-0.513949454199678
"2",-3.13627254509018,-0.501590019824448,2.01402805611222,-0.317949454199678,-0.513949454199678
"3",-1.57314629258517,-1.09798508724837,2.01402805611222,-0.317949454199678,-0.513949454199678
"4",1.25250501002004,-0.402020862377774,2.01402805611222,-0.317949454199678,-0.513949454199678
"5",1.45290581162325,-0.294079274022574,2.01402805611222,-0.317949454199678,-0.513949454199678
"6",1.55310621242485,-0.330124949619969,2.01402805611222,-0.317949454199678,-0.513949454199678
"7",1.69338677354709,-0.495790636233771,2.01402805611222,-0.317949454199678,-0.513949454199678
"8",1.95390781563126,-0.376247915631939,2.01402805611222,-0.317949454199678,-0.513949454199678
"9",2.21442885771543,-0.399679690648519,2.01402805611222,-0.317949454199678,-0.513949454199678
"10",2.77555110220441,-0.12624859303679,2.01402805611222,-0.317949454199678,-0.513949454199678
