"","x","yplot","target","ftrue","fwrong"
"1",-4.65931863727455,-0.221803913979425,1.05210420841683,0.814234789166424,0.618234789166424
"2",-3.11623246492986,0.272866698627404,1.05210420841683,0.814234789166424,0.618234789166424
"3",-1.63326653306613,0.78461704866153,1.05210420841683,0.814234789166424,0.618234789166424
"4",-0.631262525050101,0.756248147951516,1.05210420841683,0.814234789166424,0.618234789166424
"5",-0.450901803607215,0.73568722545248,1.05210420841683,0.814234789166424,0.618234789166424
"6",-0.230460921843687,0.968909488636779,1.05210420841683,0.814234789166424,0.618234789166424
"7",-0.0300601202404813,0.957116721997993,1.05210420841683,0.814234789166424,0.618234789166424
"8",0.490981963927855,0.74364888716669,1.05210420841683,0.814234789166424,0.618234789166424
"9",0.511022044088176,0.956309558948391,1.05210420841683,0.814234789166424,0.618234789166424
"10",1.23246492985972,0.810250060259294,1.05210420841683,0.814234789166424,0.618234789166424
"11",1.25250501002004,0.837963975475348,1.05210420841683,0.814234789166424,0.618234789166424
"12",1.29258517034068,0.779806083599328,1.05210420841683,0.814234789166424,0.618234789166424
"13",1.9939879759519,0.579284397973692,1.05210420841683,0.814234789166424,0.618234789166424
"14",2.09418837675351,0.545391568401869,1.05210420841683,0.814234789166424,0.618234789166424
"15",2.19438877755511,0.483859870292607,1.05210420841683,0.814234789166424,0.618234789166424
"16",2.39478957915832,0.635634874400133,1.05210420841683,0.814234789166424,0.618234789166424
"17",3.95791583166333,-0.0658842611380021,1.05210420841683,0.814234789166424,0.618234789166424
"18",4.07815631262525,-0.0760287141461882,1.05210420841683,0.814234789166424,0.618234789166424
"19",4.37875751503006,-0.0187696562486389,1.05210420841683,0.814234789166424,0.618234789166424
"20",4.49899799599198,-0.203568638246609,1.05210420841683,0.814234789166424,0.618234789166424
