"","x","yplot","target","ftrue","fwrong"
"1",-3.59719438877756,-0.228391670795427,1.29258517034068,0.580539635594897,0.384539635594897
"2",0.691382765531062,0.416745065869526,1.29258517034068,0.580539635594897,0.384539635594897
"3",0.771543086172344,0.403056173914753,1.29258517034068,0.580539635594897,0.384539635594897
"4",0.851703406813627,0.552444531152659,1.29258517034068,0.580539635594897,0.384539635594897
"5",1.15230460921844,0.483677191663968,1.29258517034068,0.580539635594897,0.384539635594897
"6",1.77354709418838,0.620282429194091,1.29258517034068,0.580539635594897,0.384539635594897
"7",1.95390781563126,0.546030889870056,1.29258517034068,0.580539635594897,0.384539635594897
"8",2.23446893787575,0.44055903122536,1.29258517034068,0.580539635594897,0.384539635594897
"9",2.43486973947896,0.263861811438468,1.29258517034068,0.580539635594897,0.384539635594897
"10",3.09619238476954,0.141067915752759,1.29258517034068,0.580539635594897,0.384539635594897
