"","x","yplot","target","ftrue","fwrong"
"1",-4.77955911823647,0.68045064971484,2.39478957915832,0.463374513142898,0.659374513142898
"2",-4.49899799599198,0.503779804675727,2.39478957915832,0.463374513142898,0.659374513142898
"3",-4.29859719438878,0.189736687822868,2.39478957915832,0.463374513142898,0.659374513142898
"4",-2.53507014028056,-0.123046707552626,2.39478957915832,0.463374513142898,0.659374513142898
"5",-1.93386773547094,-0.235419908250102,2.39478957915832,0.463374513142898,0.659374513142898
"6",-1.81362725450902,-0.0395003633401104,2.39478957915832,0.463374513142898,0.659374513142898
"7",-1.35270541082164,-0.0641961107318863,2.39478957915832,0.463374513142898,0.659374513142898
"8",0.190380761523046,0.14068193815303,2.39478957915832,0.463374513142898,0.659374513142898
"9",1.07214428857715,0.32232309615495,2.39478957915832,0.463374513142898,0.659374513142898
"10",1.2124248496994,0.282433485894029,2.39478957915832,0.463374513142898,0.659374513142898
"11",1.45290581162325,0.585746933959257,2.39478957915832,0.463374513142898,0.659374513142898
"12",1.65330661322645,0.626952111454149,2.39478957915832,0.463374513142898,0.659374513142898
"13",2.43486973947896,0.569220174543126,2.39478957915832,0.463374513142898,0.659374513142898
"14",2.67535070140281,0.500446214894695,2.39478957915832,0.463374513142898,0.659374513142898
"15",2.95591182364729,0.122656108872466,2.39478957915832,0.463374513142898,0.659374513142898
"16",3.29659318637274,0.0155722325674743,2.39478957915832,0.463374513142898,0.659374513142898
"17",4.27855711422846,-0.602250578622922,2.39478957915832,0.463374513142898,0.659374513142898
"18",4.39879759519038,-0.503656790505026,2.39478957915832,0.463374513142898,0.659374513142898
"19",4.81963927855711,-0.747003292540754,2.39478957915832,0.463374513142898,0.659374513142898
"20",4.97995991983968,-0.869787819825436,2.39478957915832,0.463374513142898,0.659374513142898
