"","x","yplot","target","ftrue","fwrong"
"1",-4.95991983967936,0.950962737731977,-3.13627254509018,0.721123960868782,0.917123960868782
"2",-4.8997995991984,1.18942216339903,-3.13627254509018,0.721123960868782,0.917123960868782
"3",-4.19839679358717,0.94882285618694,-3.13627254509018,0.721123960868782,0.917123960868782
"4",-4.09819639278557,0.861010483494111,-3.13627254509018,0.721123960868782,0.917123960868782
"5",-3.77755511022044,0.923650006454509,-3.13627254509018,0.721123960868782,0.917123960868782
"6",-3.65731462925852,0.545879216355361,-3.13627254509018,0.721123960868782,0.917123960868782
"7",-3.49699398797595,0.752885453109821,-3.13627254509018,0.721123960868782,0.917123960868782
"8",-3.39679358717435,0.807216066173335,-3.13627254509018,0.721123960868782,0.917123960868782
"9",-2.99599198396794,0.828853147321134,-3.13627254509018,0.721123960868782,0.917123960868782
"10",-2.79559118236473,0.793091964011562,-3.13627254509018,0.721123960868782,0.917123960868782
"11",-2.45490981963928,1.02042765822575,-3.13627254509018,0.721123960868782,0.917123960868782
"12",-2.35470941883768,1.0389215791637,-3.13627254509018,0.721123960868782,0.917123960868782
"13",-1.57314629258517,1.02821320591202,-3.13627254509018,0.721123960868782,0.917123960868782
"14",-1.1122244488978,0.90109393492269,-3.13627254509018,0.721123960868782,0.917123960868782
"15",-0.571142284569138,0.406133371531948,-3.13627254509018,0.721123960868782,0.917123960868782
"16",-0.270541082164329,0.284022288610957,-3.13627254509018,0.721123960868782,0.917123960868782
"17",-0.0300601202404813,0.102141171528473,-3.13627254509018,0.721123960868782,0.917123960868782
"18",0.150300601202405,-0.190055626732197,-3.13627254509018,0.721123960868782,0.917123960868782
"19",1.69338677354709,0.0281571952877969,-3.13627254509018,0.721123960868782,0.917123960868782
"20",1.9939879759519,0.133710078193409,-3.13627254509018,0.721123960868782,0.917123960868782
"21",2.33466933867735,0.246189004892797,-3.13627254509018,0.721123960868782,0.917123960868782
"22",2.39478957915832,0.355009789882549,-3.13627254509018,0.721123960868782,0.917123960868782
"23",2.43486973947896,0.317195996603214,-3.13627254509018,0.721123960868782,0.917123960868782
"24",2.85571142284569,0.377335735475435,-3.13627254509018,0.721123960868782,0.917123960868782
"25",3.19639278557114,0.626283935332164,-3.13627254509018,0.721123960868782,0.917123960868782
"26",3.27655310621243,0.585557493870926,-3.13627254509018,0.721123960868782,0.917123960868782
"27",3.65731462925852,0.57397752549592,-3.13627254509018,0.721123960868782,0.917123960868782
"28",4.3186372745491,0.362221752368735,-3.13627254509018,0.721123960868782,0.917123960868782
"29",4.75951903807615,0.584294595091519,-3.13627254509018,0.721123960868782,0.917123960868782
"30",4.8997995991984,0.394095632097505,-3.13627254509018,0.721123960868782,0.917123960868782
