"","x","yplot","target","ftrue","fwrong"
"1",-4.97995991983968,0.501475470464488,-4.33867735470942,0.610939451600472,0.414939451600472
"2",-4.8997995991984,0.383410802767388,-4.33867735470942,0.610939451600472,0.414939451600472
"3",-4.79959919839679,0.514836191396166,-4.33867735470942,0.610939451600472,0.414939451600472
"4",-4.77955911823647,0.436847634766296,-4.33867735470942,0.610939451600472,0.414939451600472
"5",-4.75951903807615,0.641781932544893,-4.33867735470942,0.610939451600472,0.414939451600472
"6",-4.71943887775551,0.536730135127948,-4.33867735470942,0.610939451600472,0.414939451600472
"7",-4.49899799599198,0.596123985005423,-4.33867735470942,0.610939451600472,0.414939451600472
"8",-4.4188376753507,0.631921423519393,-4.33867735470942,0.610939451600472,0.414939451600472
"9",-4.29859719438878,0.553936876185139,-4.33867735470942,0.610939451600472,0.414939451600472
"10",-4.27855711422846,0.477846360979364,-4.33867735470942,0.610939451600472,0.414939451600472
"11",-4.15831663326653,0.385149235190003,-4.33867735470942,0.610939451600472,0.414939451600472
"12",-3.95791583166333,0.630326262706586,-4.33867735470942,0.610939451600472,0.414939451600472
"13",-3.91783567134269,0.630920082882814,-4.33867735470942,0.610939451600472,0.414939451600472
"14",-3.69739478957916,0.90853273074577,-4.33867735470942,0.610939451600472,0.414939451600472
"15",-3.57715430861723,1.00727065228035,-4.33867735470942,0.610939451600472,0.414939451600472
"16",-3.19639278557114,0.642434400044795,-4.33867735470942,0.610939451600472,0.414939451600472
"17",-3.17635270541082,0.712056396698203,-4.33867735470942,0.610939451600472,0.414939451600472
"18",-3.11623246492986,0.680847430223779,-4.33867735470942,0.610939451600472,0.414939451600472
"19",-3.09619238476954,0.67474021259558,-4.33867735470942,0.610939451600472,0.414939451600472
"20",-2.79559118236473,0.768917432947598,-4.33867735470942,0.610939451600472,0.414939451600472
"21",-2.77555110220441,0.710420793013201,-4.33867735470942,0.610939451600472,0.414939451600472
"22",-2.61523046092184,0.870789153874093,-4.33867735470942,0.610939451600472,0.414939451600472
"23",-2.45490981963928,0.593734423218982,-4.33867735470942,0.610939451600472,0.414939451600472
"24",-2.43486973947896,0.79593590809905,-4.33867735470942,0.610939451600472,0.414939451600472
"25",-2.35470941883768,0.820839476379156,-4.33867735470942,0.610939451600472,0.414939451600472
"26",-1.87374749498998,0.681777752755603,-4.33867735470942,0.610939451600472,0.414939451600472
"27",-1.83366733466934,0.60368605501846,-4.33867735470942,0.610939451600472,0.414939451600472
"28",-1.75350701402806,0.790045163059935,-4.33867735470942,0.610939451600472,0.414939451600472
"29",-1.65330661322645,0.803668827267067,-4.33867735470942,0.610939451600472,0.414939451600472
"30",-1.47294589178357,0.511951433096922,-4.33867735470942,0.610939451600472,0.414939451600472
"31",-1.33266533066132,0.699927553071986,-4.33867735470942,0.610939451600472,0.414939451600472
"32",-0.731462925851703,0.354749849656554,-4.33867735470942,0.610939451600472,0.414939451600472
"33",0.0501002004008013,0.529545612095748,-4.33867735470942,0.610939451600472,0.414939451600472
"34",1.17234468937876,-0.00461405444467447,-4.33867735470942,0.610939451600472,0.414939451600472
"35",1.312625250501,0.0203976503022638,-4.33867735470942,0.610939451600472,0.414939451600472
"36",1.63326653306613,-0.0942443938294522,-4.33867735470942,0.610939451600472,0.414939451600472
"37",1.97394789579158,-0.133818901055767,-4.33867735470942,0.610939451600472,0.414939451600472
"38",2.01402805611222,-0.29737627951072,-4.33867735470942,0.610939451600472,0.414939451600472
"39",2.55511022044088,-0.299084790734201,-4.33867735470942,0.610939451600472,0.414939451600472
"40",2.63527054108216,-0.256752850270738,-4.33867735470942,0.610939451600472,0.414939451600472
"41",2.83567134268537,-0.396367546591147,-4.33867735470942,0.610939451600472,0.414939451600472
"42",2.91583166332665,-0.524212524120389,-4.33867735470942,0.610939451600472,0.414939451600472
"43",3.01603206412826,-0.152469264434621,-4.33867735470942,0.610939451600472,0.414939451600472
"44",3.53707414829659,-0.762213996698375,-4.33867735470942,0.610939451600472,0.414939451600472
"45",3.59719438877755,-0.388982157824464,-4.33867735470942,0.610939451600472,0.414939451600472
"46",3.81763527054108,-0.511845194113163,-4.33867735470942,0.610939451600472,0.414939451600472
"47",4.09819639278557,-0.689736180713025,-4.33867735470942,0.610939451600472,0.414939451600472
"48",4.19839679358717,-0.544605798809633,-4.33867735470942,0.610939451600472,0.414939451600472
"49",4.61923847695391,-0.588010829584383,-4.33867735470942,0.610939451600472,0.414939451600472
"50",4.67935871743487,-0.628788606251892,-4.33867735470942,0.610939451600472,0.414939451600472
