"","x","yplot","target","ftrue","fwrong"
"1",-2.45490981963928,-0.334111276861486,1.29258517034068,0.435846017741831,0.631846017741831
"2",0.911823647294589,0.291495113279312,1.29258517034068,0.435846017741831,0.631846017741831
"3",1.01202404809619,0.528472624103513,1.29258517034068,0.435846017741831,0.631846017741831
"4",1.1122244488978,0.613392565827151,1.29258517034068,0.435846017741831,0.631846017741831
"5",1.53306613226453,0.285092816684059,1.29258517034068,0.435846017741831,0.631846017741831
"6",1.81362725450902,0.557418142655615,1.29258517034068,0.435846017741831,0.631846017741831
"7",1.87374749498998,0.528670502967435,1.29258517034068,0.435846017741831,0.631846017741831
"8",2.17434869739479,0.482407279819671,1.29258517034068,0.435846017741831,0.631846017741831
"9",3.8376753507014,0.936293697537595,1.29258517034068,0.435846017741831,0.631846017741831
"10",3.93787575150301,0.507823124810999,1.29258517034068,0.435846017741831,0.631846017741831
