"","x","yplot","target","ftrue","fwrong"
"1",-4.37875751503006,0.0145028101026036,2.77555110220441,-0.084435835048511,-0.280435835048511
"2",-3.6372745490982,0.484123230374537,2.77555110220441,-0.084435835048511,-0.280435835048511
"3",-3.55711422845691,0.69087707876983,2.77555110220441,-0.084435835048511,-0.280435835048511
"4",-2.33466933867735,0.679362438132821,2.77555110220441,-0.084435835048511,-0.280435835048511
"5",-2.01402805611222,0.725070051151514,2.77555110220441,-0.084435835048511,-0.280435835048511
"6",-1.87374749498998,0.406679407020848,2.77555110220441,-0.084435835048511,-0.280435835048511
"7",-1.55310621242485,0.449127053542357,2.77555110220441,-0.084435835048511,-0.280435835048511
"8",-1.29258517034068,0.265220958973298,2.77555110220441,-0.084435835048511,-0.280435835048511
"9",-1.01202404809619,-0.039256325679984,2.77555110220441,-0.084435835048511,-0.280435835048511
"10",-0.971943887775551,0.118034804897762,2.77555110220441,-0.084435835048511,-0.280435835048511
"11",0.531062124248497,-0.65822720735953,2.77555110220441,-0.084435835048511,-0.280435835048511
"12",0.93186372745491,-0.498362457165943,2.77555110220441,-0.084435835048511,-0.280435835048511
"13",2.374749498998,-0.0487511042574469,2.77555110220441,-0.084435835048511,-0.280435835048511
"14",2.59519038076152,-0.0964134756832176,2.77555110220441,-0.084435835048511,-0.280435835048511
"15",3.17635270541082,-0.136400674441071,2.77555110220441,-0.084435835048511,-0.280435835048511
"16",3.35671342685371,-0.253853933297971,2.77555110220441,-0.084435835048511,-0.280435835048511
"17",3.57715430861723,-0.194083811300832,2.77555110220441,-0.084435835048511,-0.280435835048511
"18",3.6372745490982,-0.342813789573299,2.77555110220441,-0.084435835048511,-0.280435835048511
"19",4.67935871743487,-0.696658068659606,2.77555110220441,-0.084435835048511,-0.280435835048511
"20",4.93987975951904,-0.585547577647203,2.77555110220441,-0.084435835048511,-0.280435835048511
