"","x","yplot","target","ftrue","fwrong"
"1",-3.55711422845691,-0.797215392766589,0.170340681362725,0.606140507103531,0.410140507103531
"2",-2.93587174348697,-0.892782094555226,0.170340681362725,0.606140507103531,0.410140507103531
"3",-2.65531062124249,-0.832138304878846,0.170340681362725,0.606140507103531,0.410140507103531
"4",-2.25450901803607,-0.709254157814477,0.170340681362725,0.606140507103531,0.410140507103531
"5",-2.21442885771543,-0.528795412250442,0.170340681362725,0.606140507103531,0.410140507103531
"6",-1.8937875751503,-0.344888014070275,0.170340681362725,0.606140507103531,0.410140507103531
"7",-1.09218436873748,0.0489630529474965,0.170340681362725,0.606140507103531,0.410140507103531
"8",-0.751503006012024,0.290550005751065,0.170340681362725,0.606140507103531,0.410140507103531
"9",-0.691382765531062,0.358134374035703,0.170340681362725,0.606140507103531,0.410140507103531
"10",-0.631262525050101,0.242711499983608,0.170340681362725,0.606140507103531,0.410140507103531
"11",-0.61122244488978,0.366291196661859,0.170340681362725,0.606140507103531,0.410140507103531
"12",-0.551102204408818,0.520464820047565,0.170340681362725,0.606140507103531,0.410140507103531
"13",-0.511022044088176,0.531108898100116,0.170340681362725,0.606140507103531,0.410140507103531
"14",-0.390781563126253,0.284038177070415,0.170340681362725,0.606140507103531,0.410140507103531
"15",-0.350701402805611,0.501002151616733,0.170340681362725,0.606140507103531,0.410140507103531
"16",-0.31062124248497,0.618162538652645,0.170340681362725,0.606140507103531,0.410140507103531
"17",-0.230460921843687,0.530925384738037,0.170340681362725,0.606140507103531,0.410140507103531
"18",-0.210420841683367,0.28811485632339,0.170340681362725,0.606140507103531,0.410140507103531
"19",-0.190380761523047,0.574217832000004,0.170340681362725,0.606140507103531,0.410140507103531
"20",-0.150300601202405,0.550924650661664,0.170340681362725,0.606140507103531,0.410140507103531
"21",-0.130260521042084,0.550154170508399,0.170340681362725,0.606140507103531,0.410140507103531
"22",-0.110220440881764,0.515574749388751,0.170340681362725,0.606140507103531,0.410140507103531
"23",-0.0300601202404813,0.532229455433874,0.170340681362725,0.606140507103531,0.410140507103531
"24",0.0300601202404804,0.558026700572275,0.170340681362725,0.606140507103531,0.410140507103531
"25",0.0901803607214431,0.627209462340406,0.170340681362725,0.606140507103531,0.410140507103531
"26",0.130260521042084,0.497635174842348,0.170340681362725,0.606140507103531,0.410140507103531
"27",0.190380761523046,0.5479895712772,0.170340681362725,0.606140507103531,0.410140507103531
"28",0.250501002004007,0.58506038012172,0.170340681362725,0.606140507103531,0.410140507103531
"29",0.31062124248497,0.540424388428451,0.170340681362725,0.606140507103531,0.410140507103531
"30",0.370741482965932,0.65814192339085,0.170340681362725,0.606140507103531,0.410140507103531
"31",0.430861723446894,0.679297980435303,0.170340681362725,0.606140507103531,0.410140507103531
"32",0.450901803607215,0.825360428015396,0.170340681362725,0.606140507103531,0.410140507103531
"33",0.511022044088176,0.674625277803577,0.170340681362725,0.606140507103531,0.410140507103531
"34",0.6312625250501,0.77225833465835,0.170340681362725,0.606140507103531,0.410140507103531
"35",0.651302605210421,0.667981368610636,0.170340681362725,0.606140507103531,0.410140507103531
"36",0.711422845691382,0.729748055403355,0.170340681362725,0.606140507103531,0.410140507103531
"37",0.731462925851703,0.794801043255903,0.170340681362725,0.606140507103531,0.410140507103531
"38",0.771543086172344,0.732796599921317,0.170340681362725,0.606140507103531,0.410140507103531
"39",0.791583166332665,0.748042198960942,0.170340681362725,0.606140507103531,0.410140507103531
"40",0.871743486973948,0.666589463645708,0.170340681362725,0.606140507103531,0.410140507103531
"41",0.95190380761523,0.642505768986337,0.170340681362725,0.606140507103531,0.410140507103531
"42",0.991983967935871,0.683701515310277,0.170340681362725,0.606140507103531,0.410140507103531
"43",1.51302605210421,0.61963930502181,0.170340681362725,0.606140507103531,0.410140507103531
"44",1.63326653306613,0.754077295966744,0.170340681362725,0.606140507103531,0.410140507103531
"45",2.23446893787575,0.69259083866127,0.170340681362725,0.606140507103531,0.410140507103531
"46",2.55511022044088,0.40159452414597,0.170340681362725,0.606140507103531,0.410140507103531
"47",2.97595190380761,0.117172869287676,0.170340681362725,0.606140507103531,0.410140507103531
"48",3.6372745490982,-0.305638185534021,0.170340681362725,0.606140507103531,0.410140507103531
"49",3.77755511022044,-0.105414322678757,0.170340681362725,0.606140507103531,0.410140507103531
"50",4.65931863727455,-0.462726619563204,0.170340681362725,0.606140507103531,0.410140507103531
