"","x","yplot","target","ftrue","fwrong"
"1",-3.93787575150301,0.157225459324384,4.95991983967936,-0.198668302306998,-0.00266830230699758
"2",-0.871743486973948,-0.810696487776523,4.95991983967936,-0.198668302306998,-0.00266830230699758
"3",1.25250501002004,-0.696129958646649,4.95991983967936,-0.198668302306998,-0.00266830230699758
"4",1.37274549098196,-0.521775024536286,4.95991983967936,-0.198668302306998,-0.00266830230699758
"5",2.21442885771543,-0.568358233737514,4.95991983967936,-0.198668302306998,-0.00266830230699758
"6",3.03607214428858,-0.42062465755857,4.95991983967936,-0.198668302306998,-0.00266830230699758
"7",3.29659318637274,-0.403989182535097,4.95991983967936,-0.198668302306998,-0.00266830230699758
"8",3.41683366733467,-0.586699569323985,4.95991983967936,-0.198668302306998,-0.00266830230699758
"9",3.6372745490982,-0.259892656803201,4.95991983967936,-0.198668302306998,-0.00266830230699758
"10",3.97795591182365,-0.381874296354818,4.95991983967936,-0.198668302306998,-0.00266830230699758
"11",4.07815631262525,-0.266862444429198,4.95991983967936,-0.198668302306998,-0.00266830230699758
"12",4.17835671342685,-0.23277508536414,4.95991983967936,-0.198668302306998,-0.00266830230699758
"13",4.21843687374749,-0.249967876654292,4.95991983967936,-0.198668302306998,-0.00266830230699758
"14",4.23847695390782,-0.335741674432785,4.95991983967936,-0.198668302306998,-0.00266830230699758
"15",4.25851703406814,-0.320887914406024,4.95991983967936,-0.198668302306998,-0.00266830230699758
"16",4.35871743486974,-0.253960506484747,4.95991983967936,-0.198668302306998,-0.00266830230699758
"17",4.37875751503006,-0.195272002964168,4.95991983967936,-0.198668302306998,-0.00266830230699758
"18",4.4188376753507,-0.14566436845254,4.95991983967936,-0.198668302306998,-0.00266830230699758
"19",4.45891783567134,-0.261251842990904,4.95991983967936,-0.198668302306998,-0.00266830230699758
"20",4.49899799599198,-0.2788016067053,4.95991983967936,-0.198668302306998,-0.00266830230699758
"21",4.53907815631263,-0.276265239462269,4.95991983967936,-0.198668302306998,-0.00266830230699758
"22",4.55911823647295,-0.190495449994437,4.95991983967936,-0.198668302306998,-0.00266830230699758
"23",4.57915831663327,-0.324591335082604,4.95991983967936,-0.198668302306998,-0.00266830230699758
"24",4.67935871743487,-0.218851941481141,4.95991983967936,-0.198668302306998,-0.00266830230699758
"25",4.77955911823647,-0.208611644688762,4.95991983967936,-0.198668302306998,-0.00266830230699758
"26",4.79959919839679,-0.209467967289094,4.95991983967936,-0.198668302306998,-0.00266830230699758
"27",4.81963927855711,-0.301795385566685,4.95991983967936,-0.198668302306998,-0.00266830230699758
"28",4.85971943887776,-0.152454133913629,4.95991983967936,-0.198668302306998,-0.00266830230699758
"29",4.8997995991984,-0.306094545311621,4.95991983967936,-0.198668302306998,-0.00266830230699758
"30",5,-0.0322477996256264,4.95991983967936,-0.198668302306998,-0.00266830230699758
