"","x","yplot","target","ftrue","fwrong"
"1",-4.77955911823647,0.444617837823597,4.65931863727455,-0.72328809771325,-0.91928809771325
"2",-4.37875751503006,0.410847443964048,4.65931863727455,-0.72328809771325,-0.91928809771325
"3",-2.5751503006012,0.108630130974344,4.65931863727455,-0.72328809771325,-0.91928809771325
"4",-2.15430861723447,-0.129463558540866,4.65931863727455,-0.72328809771325,-0.91928809771325
"5",-1.1122244488978,-0.401072977722533,4.65931863727455,-0.72328809771325,-0.91928809771325
"6",-0.651302605210421,-0.220174266139567,4.65931863727455,-0.72328809771325,-0.91928809771325
"7",-0.470941883767535,-0.258113843116898,4.65931863727455,-0.72328809771325,-0.91928809771325
"8",-0.0701402805611222,-0.0968822694257768,4.65931863727455,-0.72328809771325,-0.91928809771325
"9",1.27254509018036,0.490384566468834,4.65931863727455,-0.72328809771325,-0.91928809771325
"10",1.4128256513026,0.613117040843097,4.65931863727455,-0.72328809771325,-0.91928809771325
"11",2.03406813627254,0.352983847881824,4.65931863727455,-0.72328809771325,-0.91928809771325
"12",2.09418837675351,0.473818177192933,4.65931863727455,-0.72328809771325,-0.91928809771325
"13",3.01603206412826,-0.158358453845036,4.65931863727455,-0.72328809771325,-0.91928809771325
"14",3.1563126252505,-0.0161338684568988,4.65931863727455,-0.72328809771325,-0.91928809771325
"15",3.2565130260521,0.11424345932035,4.65931863727455,-0.72328809771325,-0.91928809771325
"16",3.69739478957916,-0.375076948182702,4.65931863727455,-0.72328809771325,-0.91928809771325
"17",3.71743486973948,-0.462486068204967,4.65931863727455,-0.72328809771325,-0.91928809771325
"18",3.7374749498998,-0.441253529387581,4.65931863727455,-0.72328809771325,-0.91928809771325
"19",3.77755511022044,-0.394418154350783,4.65931863727455,-0.72328809771325,-0.91928809771325
"20",3.79759519038076,-0.538459263318872,4.65931863727455,-0.72328809771325,-0.91928809771325
"21",3.81763527054108,-0.470562218174251,4.65931863727455,-0.72328809771325,-0.91928809771325
"22",3.89779559118236,-0.608516374496145,4.65931863727455,-0.72328809771325,-0.91928809771325
"23",3.91783567134268,-0.455541183164593,4.65931863727455,-0.72328809771325,-0.91928809771325
"24",3.93787575150301,-0.354207689161538,4.65931863727455,-0.72328809771325,-0.91928809771325
"25",3.99799599198397,-0.574675229348761,4.65931863727455,-0.72328809771325,-0.91928809771325
"26",4.01803607214429,-0.457062920459154,4.65931863727455,-0.72328809771325,-0.91928809771325
"27",4.03807615230461,-0.643292209728571,4.65931863727455,-0.72328809771325,-0.91928809771325
"28",4.13827655310621,-0.733540508932059,4.65931863727455,-0.72328809771325,-0.91928809771325
"29",4.19839679358717,-0.639184484268018,4.65931863727455,-0.72328809771325,-0.91928809771325
"30",4.23847695390782,-0.738710931815656,4.65931863727455,-0.72328809771325,-0.91928809771325
"31",4.25851703406814,-0.700993161493753,4.65931863727455,-0.72328809771325,-0.91928809771325
"32",4.29859719438878,-0.578028825890173,4.65931863727455,-0.72328809771325,-0.91928809771325
"33",4.33867735470942,-0.641925824597911,4.65931863727455,-0.72328809771325,-0.91928809771325
"34",4.37875751503006,-0.665489259649928,4.65931863727455,-0.72328809771325,-0.91928809771325
"35",4.39879759519038,-0.572001468723819,4.65931863727455,-0.72328809771325,-0.91928809771325
"36",4.4188376753507,-0.65124061471781,4.65931863727455,-0.72328809771325,-0.91928809771325
"37",4.47895791583166,-0.680319189436066,4.65931863727455,-0.72328809771325,-0.91928809771325
"38",4.5190380761523,-0.909189727303064,4.65931863727455,-0.72328809771325,-0.91928809771325
"39",4.53907815631263,-0.651724697095897,4.65931863727455,-0.72328809771325,-0.91928809771325
"40",4.55911823647295,-0.67701352950094,4.65931863727455,-0.72328809771325,-0.91928809771325
"41",4.63927855711423,-0.831609650040626,4.65931863727455,-0.72328809771325,-0.91928809771325
"42",4.69939879759519,-0.671289941106406,4.65931863727455,-0.72328809771325,-0.91928809771325
"43",4.71943887775551,-0.709037306227354,4.65931863727455,-0.72328809771325,-0.91928809771325
"44",4.77955911823647,-0.742936144886015,4.65931863727455,-0.72328809771325,-0.91928809771325
"45",4.81963927855711,-0.748290195032616,4.65931863727455,-0.72328809771325,-0.91928809771325
"46",4.83967935871743,-0.811561616058887,4.65931863727455,-0.72328809771325,-0.91928809771325
"47",4.85971943887776,-0.707547671741739,4.65931863727455,-0.72328809771325,-0.91928809771325
"48",4.8997995991984,-0.748842451637095,4.65931863727455,-0.72328809771325,-0.91928809771325
"49",4.95991983967936,-0.782970708947988,4.65931863727455,-0.72328809771325,-0.91928809771325
"50",5,-0.719774416576822,4.65931863727455,-0.72328809771325,-0.91928809771325
