"","x","yplot","target","ftrue","fwrong"
"1",-4.61923847695391,-0.0452945024941186,0.831663326653306,0.243259336990589,0.0472593369905889
"2",-4.37875751503006,0.00992060032502691,0.831663326653306,0.243259336990589,0.0472593369905889
"3",-4.25851703406814,-0.0293236563620166,0.831663326653306,0.243259336990589,0.0472593369905889
"4",-4.15831663326653,0.00820575486398016,0.831663326653306,0.243259336990589,0.0472593369905889
"5",-3.71743486973948,0.189740991812666,0.831663326653306,0.243259336990589,0.0472593369905889
"6",-3.59719438877756,0.0320862876662277,0.831663326653306,0.243259336990589,0.0472593369905889
"7",-3.57715430861723,-0.133695116157608,0.831663326653306,0.243259336990589,0.0472593369905889
"8",-3.45691382765531,-0.166916119791786,0.831663326653306,0.243259336990589,0.0472593369905889
"9",-2.97595190380762,-0.194308175887227,0.831663326653306,0.243259336990589,0.0472593369905889
"10",-2.49498997995992,-0.542469134434721,0.831663326653306,0.243259336990589,0.0472593369905889
"11",-2.41482965931864,-0.316435295432223,0.831663326653306,0.243259336990589,0.0472593369905889
"12",-2.33466933867735,-0.439441801445704,0.831663326653306,0.243259336990589,0.0472593369905889
"13",-2.15430861723447,-0.587062757945832,0.831663326653306,0.243259336990589,0.0472593369905889
"14",-1.97394789579158,-0.46204603885499,0.831663326653306,0.243259336990589,0.0472593369905889
"15",-1.87374749498998,-0.523245940504392,0.831663326653306,0.243259336990589,0.0472593369905889
"16",-1.61322645290581,-0.678620976587434,0.831663326653306,0.243259336990589,0.0472593369905889
"17",-1.45290581162325,-0.492908167799579,0.831663326653306,0.243259336990589,0.0472593369905889
"18",-1.35270541082164,-0.663951762862914,0.831663326653306,0.243259336990589,0.0472593369905889
"19",-1.33266533066132,-0.636223092754027,0.831663326653306,0.243259336990589,0.0472593369905889
"20",-1.19238476953908,-0.603742191873104,0.831663326653306,0.243259336990589,0.0472593369905889
"21",-1.07214428857715,-0.438118042093896,0.831663326653306,0.243259336990589,0.0472593369905889
"22",-0.731462925851703,-0.563780064407842,0.831663326653306,0.243259336990589,0.0472593369905889
"23",-0.430861723446894,-0.598014178566736,0.831663326653306,0.243259336990589,0.0472593369905889
"24",-0.350701402805611,-0.438667927485633,0.831663326653306,0.243259336990589,0.0472593369905889
"25",-0.130260521042084,-0.349626505346748,0.831663326653306,0.243259336990589,0.0472593369905889
"26",0.0701402805611222,-0.39417522688546,0.831663326653306,0.243259336990589,0.0472593369905889
"27",0.0901803607214431,-0.243751731545033,0.831663326653306,0.243259336990589,0.0472593369905889
"28",0.130260521042084,-0.181715479240579,0.831663326653306,0.243259336990589,0.0472593369905889
"29",0.370741482965932,0.0223348272985151,0.831663326653306,0.243259336990589,0.0472593369905889
"30",0.430861723446894,-0.0815754500930247,0.831663326653306,0.243259336990589,0.0472593369905889
"31",0.691382765531062,-0.0240661582546906,0.831663326653306,0.243259336990589,0.0472593369905889
"32",0.831663326653306,0.209801050398777,0.831663326653306,0.243259336990589,0.0472593369905889
"33",0.971943887775551,0.294670886483879,0.831663326653306,0.243259336990589,0.0472593369905889
"34",1.13226452905812,0.356302944277303,0.831663326653306,0.243259336990589,0.0472593369905889
"35",1.17234468937876,0.337795468936012,0.831663326653306,0.243259336990589,0.0472593369905889
"36",1.35270541082164,0.587479950883205,0.831663326653306,0.243259336990589,0.0472593369905889
"37",1.65330661322645,0.478835049247572,0.831663326653306,0.243259336990589,0.0472593369905889
"38",1.69338677354709,0.486355753007922,0.831663326653306,0.243259336990589,0.0472593369905889
"39",1.81362725450902,0.419071382925487,0.831663326653306,0.243259336990589,0.0472593369905889
"40",1.93386773547094,0.514393568392169,0.831663326653306,0.243259336990589,0.0472593369905889
"41",2.19438877755511,0.532642746700413,0.831663326653306,0.243259336990589,0.0472593369905889
"42",2.23446893787575,0.621642280167635,0.831663326653306,0.243259336990589,0.0472593369905889
"43",2.43486973947896,0.558326293834014,0.831663326653306,0.243259336990589,0.0472593369905889
"44",3.31663326653307,0.469075208451965,0.831663326653306,0.243259336990589,0.0472593369905889
"45",3.59719438877755,0.430436216242173,0.831663326653306,0.243259336990589,0.0472593369905889
"46",4.35871743486974,0.435171918008151,0.831663326653306,0.243259336990589,0.0472593369905889
"47",4.67935871743487,0.306397032469891,0.831663326653306,0.243259336990589,0.0472593369905889
"48",4.79959919839679,0.52979727162739,0.831663326653306,0.243259336990589,0.0472593369905889
"49",4.95991983967936,0.527422279979965,0.831663326653306,0.243259336990589,0.0472593369905889
"50",5,0.463252805682859,0.831663326653306,0.243259336990589,0.0472593369905889
