"","x","yplot","target","ftrue","fwrong"
"1",-4.03807615230461,-0.26225520501638,4.27855711422846,0.738164591271058,0.934164591271059
"2",-4.01803607214429,-0.413761922978143,4.27855711422846,0.738164591271058,0.934164591271059
"3",-3.81763527054108,-0.587988285971149,4.27855711422846,0.738164591271058,0.934164591271059
"4",-1.97394789579158,-0.158801521132087,4.27855711422846,0.738164591271058,0.934164591271059
"5",-1.83366733466934,-0.106701132478433,4.27855711422846,0.738164591271058,0.934164591271059
"6",-1.77354709418838,-0.0159125387222625,4.27855711422846,0.738164591271058,0.934164591271059
"7",-0.991983967935872,0.121010784069075,4.27855711422846,0.738164591271058,0.934164591271059
"8",-0.791583166332665,0.171265257563085,4.27855711422846,0.738164591271058,0.934164591271059
"9",-0.511022044088176,0.482776819064315,4.27855711422846,0.738164591271058,0.934164591271059
"10",-0.130260521042084,0.448288559775317,4.27855711422846,0.738164591271058,0.934164591271059
"11",0.270541082164328,0.671852990770594,4.27855711422846,0.738164591271058,0.934164591271059
"12",0.31062124248497,0.472618873518833,4.27855711422846,0.738164591271058,0.934164591271059
"13",0.430861723446894,0.359097165904498,4.27855711422846,0.738164591271058,0.934164591271059
"14",0.611222444889779,0.655397969030651,4.27855711422846,0.738164591271058,0.934164591271059
"15",0.911823647294589,0.608280864768732,4.27855711422846,0.738164591271058,0.934164591271059
"16",3.31663326653307,0.72420913471711,4.27855711422846,0.738164591271058,0.934164591271059
"17",3.33667334669339,0.824837728911139,4.27855711422846,0.738164591271058,0.934164591271059
"18",3.35671342685371,0.72289246694787,4.27855711422846,0.738164591271058,0.934164591271059
"19",3.39679358717435,1.04463155233666,4.27855711422846,0.738164591271058,0.934164591271059
"20",3.41683366733467,0.97230451358924,4.27855711422846,0.738164591271058,0.934164591271059
"21",3.47695390781563,0.785848085245661,4.27855711422846,0.738164591271058,0.934164591271059
"22",3.57715430861723,0.935878868526257,4.27855711422846,0.738164591271058,0.934164591271059
"23",3.59719438877755,0.792855844373599,4.27855711422846,0.738164591271058,0.934164591271059
"24",3.71743486973948,0.817829140109112,4.27855711422846,0.738164591271058,0.934164591271059
"25",3.81763527054108,0.582341417902083,4.27855711422846,0.738164591271058,0.934164591271059
"26",3.87775551102204,0.713245703483811,4.27855711422846,0.738164591271058,0.934164591271059
"27",3.89779559118236,0.756504035021713,4.27855711422846,0.738164591271058,0.934164591271059
"28",3.91783567134268,0.857141132401691,4.27855711422846,0.738164591271058,0.934164591271059
"29",3.93787575150301,1.02546708120539,4.27855711422846,0.738164591271058,0.934164591271059
"30",3.95791583166333,0.766441519310695,4.27855711422846,0.738164591271058,0.934164591271059
"31",3.99799599198397,0.744576368458147,4.27855711422846,0.738164591271058,0.934164591271059
"32",4.07815631262525,0.930052105167958,4.27855711422846,0.738164591271058,0.934164591271059
"33",4.11823647294589,0.834095115953393,4.27855711422846,0.738164591271058,0.934164591271059
"34",4.19839679358717,0.75081465904109,4.27855711422846,0.738164591271058,0.934164591271059
"35",4.23847695390782,0.868181224531019,4.27855711422846,0.738164591271058,0.934164591271059
"36",4.35871743486974,0.635584342959689,4.27855711422846,0.738164591271058,0.934164591271059
"37",4.4188376753507,0.821214445767323,4.27855711422846,0.738164591271058,0.934164591271059
"38",4.43887775551102,0.655821732720197,4.27855711422846,0.738164591271058,0.934164591271059
"39",4.49899799599198,0.796963381009526,4.27855711422846,0.738164591271058,0.934164591271059
"40",4.53907815631263,0.769579153293367,4.27855711422846,0.738164591271058,0.934164591271059
"41",4.57915831663327,0.693548444746177,4.27855711422846,0.738164591271058,0.934164591271059
"42",4.61923847695391,0.77389120214308,4.27855711422846,0.738164591271058,0.934164591271059
"43",4.63927855711423,0.63896556825546,4.27855711422846,0.738164591271058,0.934164591271059
"44",4.77955911823647,0.672639155978504,4.27855711422846,0.738164591271058,0.934164591271059
"45",4.79959919839679,0.686426587883459,4.27855711422846,0.738164591271058,0.934164591271059
"46",4.81963927855711,0.665857867089613,4.27855711422846,0.738164591271058,0.934164591271059
"47",4.93987975951904,0.556684259010854,4.27855711422846,0.738164591271058,0.934164591271059
"48",4.95991983967936,0.676392236695548,4.27855711422846,0.738164591271058,0.934164591271059
"49",4.97995991983968,0.594736219884893,4.27855711422846,0.738164591271058,0.934164591271059
"50",5,0.595256950789677,4.27855711422846,0.738164591271058,0.934164591271059
