"","x","yplot","target","ftrue","fwrong"
"1",-3.01603206412826,0.461078061463738,-2.61523046092184,0.315932655551387,0.511932655551387
"2",-2.99599198396794,0.528523388126412,-2.61523046092184,0.315932655551387,0.511932655551387
"3",-2.21442885771543,0.168974351144393,-2.61523046092184,0.315932655551387,0.511932655551387
"4",-0.791583166332665,0.052532091953595,-2.61523046092184,0.315932655551387,0.511932655551387
"5",0.891783567134269,-0.291806991660259,-2.61523046092184,0.315932655551387,0.511932655551387
"6",2.23446893787575,-0.587170318083154,-2.61523046092184,0.315932655551387,0.511932655551387
"7",3.8376753507014,-0.60495542426629,-2.61523046092184,0.315932655551387,0.511932655551387
"8",4.07815631262525,-0.602880121743195,-2.61523046092184,0.315932655551387,0.511932655551387
"9",4.13827655310621,-0.63064474591444,-2.61523046092184,0.315932655551387,0.511932655551387
"10",4.19839679358717,-0.511040232045948,-2.61523046092184,0.315932655551387,0.511932655551387
