"","x","yplot","target","ftrue","fwrong"
"1",-4.93987975951904,0.0476704506577747,-2.45490981963928,-0.471340555853557,-0.667340555853557
"2",-3.99799599198397,-0.229626144008514,-2.45490981963928,-0.471340555853557,-0.667340555853557
"3",-3.29659318637275,-0.292261415319017,-2.45490981963928,-0.471340555853557,-0.667340555853557
"4",-3.27655310621242,-0.573333872001384,-2.45490981963928,-0.471340555853557,-0.667340555853557
"5",-3.1563126252505,-0.493981252757456,-2.45490981963928,-0.471340555853557,-0.667340555853557
"6",-3.11623246492986,-0.54137673292096,-2.45490981963928,-0.471340555853557,-0.667340555853557
"7",-2.97595190380762,-0.499560227896807,-2.45490981963928,-0.471340555853557,-0.667340555853557
"8",-2.87575150300601,-0.419057804578799,-2.45490981963928,-0.471340555853557,-0.667340555853557
"9",-2.77555110220441,-0.645378443065301,-2.45490981963928,-0.471340555853557,-0.667340555853557
"10",-2.4749498997996,-0.505350384917296,-2.45490981963928,-0.471340555853557,-0.667340555853557
"11",-2.31462925851703,-0.425859970080765,-2.45490981963928,-0.471340555853557,-0.667340555853557
"12",-2.29458917835671,-0.324417067355613,-2.45490981963928,-0.471340555853557,-0.667340555853557
"13",-2.01402805611222,-0.260185871283542,-2.45490981963928,-0.471340555853557,-0.667340555853557
"14",-1.8937875751503,-0.13984934298694,-2.45490981963928,-0.471340555853557,-0.667340555853557
"15",-1.81362725450902,-0.092561954197829,-2.45490981963928,-0.471340555853557,-0.667340555853557
"16",-1.65330661322645,0.0358373370577749,-2.45490981963928,-0.471340555853557,-0.667340555853557
"17",-1.19238476953908,0.347484745547419,-2.45490981963928,-0.471340555853557,-0.667340555853557
"18",1.2124248496994,0.30366633144568,-2.45490981963928,-0.471340555853557,-0.667340555853557
"19",2.35470941883768,0.511863593799445,-2.45490981963928,-0.471340555853557,-0.667340555853557
"20",4.97995991983968,0.767532226957349,-2.45490981963928,-0.471340555853557,-0.667340555853557
