"","x","yplot","target","ftrue","fwrong"
"1",-4.05811623246493,0.148678220059983,-2.97595190380762,0.36478069673355,0.16878069673355
"2",-3.87775551102204,0.212605651841492,-2.97595190380762,0.36478069673355,0.16878069673355
"3",-3.6372745490982,0.222014023117634,-2.97595190380762,0.36478069673355,0.16878069673355
"4",-3.53707414829659,0.218063980828153,-2.97595190380762,0.36478069673355,0.16878069673355
"5",-3.43687374749499,0.253193022916488,-2.97595190380762,0.36478069673355,0.16878069673355
"6",-3.39679358717435,0.315768943253002,-2.97595190380762,0.36478069673355,0.16878069673355
"7",-3.29659318637275,0.384991819710584,-2.97595190380762,0.36478069673355,0.16878069673355
"8",-3.21643286573146,0.412477689874303,-2.97595190380762,0.36478069673355,0.16878069673355
"9",-3.1563126252505,0.225681930062428,-2.97595190380762,0.36478069673355,0.16878069673355
"10",-3.13627254509018,0.253938863856592,-2.97595190380762,0.36478069673355,0.16878069673355
"11",-2.83567134268537,0.3201532968829,-2.97595190380762,0.36478069673355,0.16878069673355
"12",-2.65531062124249,0.411105789689188,-2.97595190380762,0.36478069673355,0.16878069673355
"13",-2.19438877755511,0.223709963021045,-2.97595190380762,0.36478069673355,0.16878069673355
"14",-2.09418837675351,0.325192594068702,-2.97595190380762,0.36478069673355,0.16878069673355
"15",-2.03406813627255,0.388802400254997,-2.97595190380762,0.36478069673355,0.16878069673355
"16",-1.85370741482966,0.318332318277855,-2.97595190380762,0.36478069673355,0.16878069673355
"17",-0.390781563126253,0.712015066548175,-2.97595190380762,0.36478069673355,0.16878069673355
"18",0.671342685370742,0.834837684393057,-2.97595190380762,0.36478069673355,0.16878069673355
"19",1.43286573146293,0.603520693252587,-2.97595190380762,0.36478069673355,0.16878069673355
"20",4.87975951903808,-0.937928306891304,-2.97595190380762,0.36478069673355,0.16878069673355
