"","x","yplot","target","ftrue","fwrong"
"1",-4.85971943887776,0.64696670454325,1.4128256513026,0.247121553740281,0.443121553740281
"2",-4.07815631262525,0.584775230937773,1.4128256513026,0.247121553740281,0.443121553740281
"3",-3.79759519038076,0.885987238825112,1.4128256513026,0.247121553740281,0.443121553740281
"4",-3.09619238476954,0.760072206357437,1.4128256513026,0.247121553740281,0.443121553740281
"5",-2.85571142284569,0.777331197869019,1.4128256513026,0.247121553740281,0.443121553740281
"6",-2.59519038076152,0.785108424214194,1.4128256513026,0.247121553740281,0.443121553740281
"7",0.33066132264529,0.471396376249833,1.4128256513026,0.247121553740281,0.443121553740281
"8",0.430861723446894,0.456892649414687,1.4128256513026,0.247121553740281,0.443121553740281
"9",0.551102204408817,0.481815574685314,1.4128256513026,0.247121553740281,0.443121553740281
"10",0.651302605210421,0.581300865502792,1.4128256513026,0.247121553740281,0.443121553740281
"11",0.671342685370742,0.49331963891637,1.4128256513026,0.247121553740281,0.443121553740281
"12",0.791583166332665,0.577398380805546,1.4128256513026,0.247121553740281,0.443121553740281
"13",0.811623246492986,0.442375649934638,1.4128256513026,0.247121553740281,0.443121553740281
"14",0.851703406813627,0.254346965850306,1.4128256513026,0.247121553740281,0.443121553740281
"15",1.07214428857715,0.424251666264092,1.4128256513026,0.247121553740281,0.443121553740281
"16",1.17234468937876,0.251921573136187,1.4128256513026,0.247121553740281,0.443121553740281
"17",1.23246492985972,0.25973031532402,1.4128256513026,0.247121553740281,0.443121553740281
"18",1.25250501002004,0.385176120103598,1.4128256513026,0.247121553740281,0.443121553740281
"19",1.29258517034068,0.388062035119264,1.4128256513026,0.247121553740281,0.443121553740281
"20",1.33266533066132,0.16326857116287,1.4128256513026,0.247121553740281,0.443121553740281
"21",1.4128256513026,0.156591093808066,1.4128256513026,0.247121553740281,0.443121553740281
"22",1.43286573146293,0.337006054118738,1.4128256513026,0.247121553740281,0.443121553740281
"23",1.57314629258517,0.305625731631683,1.4128256513026,0.247121553740281,0.443121553740281
"24",1.8937875751503,0.195108625174313,1.4128256513026,0.247121553740281,0.443121553740281
"25",1.95390781563126,0.0834903598621152,1.4128256513026,0.247121553740281,0.443121553740281
"26",2.01402805611222,0.122236334200307,1.4128256513026,0.247121553740281,0.443121553740281
"27",2.25450901803607,-0.0716509665670825,1.4128256513026,0.247121553740281,0.443121553740281
"28",2.29458917835671,-0.0936751124681873,1.4128256513026,0.247121553740281,0.443121553740281
"29",2.87575150300601,-0.110281093539203,1.4128256513026,0.247121553740281,0.443121553740281
"30",4.35871743486974,-0.626783298327735,1.4128256513026,0.247121553740281,0.443121553740281
