"","x","yplot","target","ftrue","fwrong"
"1",-3.95791583166333,0.536377639732194,-3.97795591182365,0.485042625550474,0.289042625550474
"2",-3.8376753507014,0.362990154066379,-3.97795591182365,0.485042625550474,0.289042625550474
"3",-3.81763527054108,0.342932892846788,-3.97795591182365,0.485042625550474,0.289042625550474
"4",-3.59719438877756,0.440262190063307,-3.97795591182365,0.485042625550474,0.289042625550474
"5",-3.27655310621242,0.253137053633013,-3.97795591182365,0.485042625550474,0.289042625550474
"6",-3.09619238476954,0.140440035628747,-3.97795591182365,0.485042625550474,0.289042625550474
"7",-2.43486973947896,-0.0203525304465917,-3.97795591182365,0.485042625550474,0.289042625550474
"8",-2.05410821643287,-0.206701517878261,-3.97795591182365,0.485042625550474,0.289042625550474
"9",-1.97394789579158,-0.171220803748482,-3.97795591182365,0.485042625550474,0.289042625550474
"10",-1.05210420841683,-0.663975739784303,-3.97795591182365,0.485042625550474,0.289042625550474
"11",-0.210420841683367,-0.213902316901471,-3.97795591182365,0.485042625550474,0.289042625550474
"12",-0.190380761523047,-0.0641377951160137,-3.97795591182365,0.485042625550474,0.289042625550474
"13",1.17234468937876,-0.0306452809059502,-3.97795591182365,0.485042625550474,0.289042625550474
"14",1.37274549098196,-0.0252471700895878,-3.97795591182365,0.485042625550474,0.289042625550474
"15",2.27454909819639,0.139611370259607,-3.97795591182365,0.485042625550474,0.289042625550474
"16",2.73547094188377,0.140757623279548,-3.97795591182365,0.485042625550474,0.289042625550474
"17",3.0561122244489,-0.310771223498671,-3.97795591182365,0.485042625550474,0.289042625550474
"18",3.27655310621243,-0.306206461055625,-3.97795591182365,0.485042625550474,0.289042625550474
"19",3.33667334669339,-0.113523357878613,-3.97795591182365,0.485042625550474,0.289042625550474
"20",4.81963927855711,0.580935269032999,-3.97795591182365,0.485042625550474,0.289042625550474
