"","x","yplot","target","ftrue","fwrong"
"1",-4.81963927855711,0.676617776249259,0.751503006012024,-0.326540874465808,-0.522540874465808
"2",-4.17835671342685,0.358238853466907,0.751503006012024,-0.326540874465808,-0.522540874465808
"3",-4.09819639278557,0.362853279947728,0.751503006012024,-0.326540874465808,-0.522540874465808
"4",-3.95791583166333,0.230277102475077,0.751503006012024,-0.326540874465808,-0.522540874465808
"5",-3.81763527054108,0.208623893749815,0.751503006012024,-0.326540874465808,-0.522540874465808
"6",-3.7374749498998,0.24699643492536,0.751503006012024,-0.326540874465808,-0.522540874465808
"7",-3.51703406813627,0.118361810664535,0.751503006012024,-0.326540874465808,-0.522540874465808
"8",-3.37675350701403,-0.120750248971161,0.751503006012024,-0.326540874465808,-0.522540874465808
"9",-3.0561122244489,0.171251136568502,0.751503006012024,-0.326540874465808,-0.522540874465808
"10",-2.99599198396794,-0.0767660499285053,0.751503006012024,-0.326540874465808,-0.522540874465808
"11",-2.5751503006012,-0.0697401741047047,0.751503006012024,-0.326540874465808,-0.522540874465808
"12",-2.51503006012024,-0.251353490197272,0.751503006012024,-0.326540874465808,-0.522540874465808
"13",-2.23446893787575,-0.115564048791336,0.751503006012024,-0.326540874465808,-0.522540874465808
"14",-1.91382765531062,-0.0563170835056115,0.751503006012024,-0.326540874465808,-0.522540874465808
"15",-1.81362725450902,-0.256529963396868,0.751503006012024,-0.326540874465808,-0.522540874465808
"16",-1.57314629258517,-0.405408497248049,0.751503006012024,-0.326540874465808,-0.522540874465808
"17",-1.33266533066132,-0.430814873014972,0.751503006012024,-0.326540874465808,-0.522540874465808
"18",-1.2124248496994,-0.677480319105341,0.751503006012024,-0.326540874465808,-0.522540874465808
"19",-0.731462925851703,-0.631430503636786,0.751503006012024,-0.326540874465808,-0.522540874465808
"20",-0.671342685370742,-0.549376719796025,0.751503006012024,-0.326540874465808,-0.522540874465808
"21",-0.470941883767535,-0.759044179223309,0.751503006012024,-0.326540874465808,-0.522540874465808
"22",-0.0501002004008022,-0.509447326119293,0.751503006012024,-0.326540874465808,-0.522540874465808
"23",-0.0300601202404813,-0.644902219692757,0.751503006012024,-0.326540874465808,-0.522540874465808
"24",0.130260521042084,-0.560533242924593,0.751503006012024,-0.326540874465808,-0.522540874465808
"25",0.210420841683367,-0.419108976861718,0.751503006012024,-0.326540874465808,-0.522540874465808
"26",0.270541082164328,-0.519136668769289,0.751503006012024,-0.326540874465808,-0.522540874465808
"27",0.551102204408817,-0.286873949333924,0.751503006012024,-0.326540874465808,-0.522540874465808
"28",0.571142284569138,-0.477280781282822,0.751503006012024,-0.326540874465808,-0.522540874465808
"29",0.691382765531062,-0.37927554026759,0.751503006012024,-0.326540874465808,-0.522540874465808
"30",0.771543086172344,-0.279039448504341,0.751503006012024,-0.326540874465808,-0.522540874465808
"31",0.871743486973948,-0.293470354386522,0.751503006012024,-0.326540874465808,-0.522540874465808
"32",0.93186372745491,-0.171761492038998,0.751503006012024,-0.326540874465808,-0.522540874465808
"33",1.13226452905812,-0.334797436624172,0.751503006012024,-0.326540874465808,-0.522540874465808
"34",1.2124248496994,-0.177577040351125,0.751503006012024,-0.326540874465808,-0.522540874465808
"35",1.53306613226453,-0.124798371141007,0.751503006012024,-0.326540874465808,-0.522540874465808
"36",1.61322645290581,0.0924489980051042,0.751503006012024,-0.326540874465808,-0.522540874465808
"37",1.81362725450902,-0.16733570566977,0.751503006012024,-0.326540874465808,-0.522540874465808
"38",1.91382765531062,0.0460354428905638,0.751503006012024,-0.326540874465808,-0.522540874465808
"39",2.05410821643287,0.0683501054334908,0.751503006012024,-0.326540874465808,-0.522540874465808
"40",2.11422845691383,0.0307877335965396,0.751503006012024,-0.326540874465808,-0.522540874465808
"41",2.39478957915832,0.216883415243715,0.751503006012024,-0.326540874465808,-0.522540874465808
"42",2.41482965931864,0.147077211934187,0.751503006012024,-0.326540874465808,-0.522540874465808
"43",2.53507014028056,0.104875206814726,0.751503006012024,-0.326540874465808,-0.522540874465808
"44",2.87575150300601,0.489225426508264,0.751503006012024,-0.326540874465808,-0.522540874465808
"45",3.43687374749499,0.419678459531157,0.751503006012024,-0.326540874465808,-0.522540874465808
"46",3.61723446893788,0.509327182055222,0.751503006012024,-0.326540874465808,-0.522540874465808
"47",3.69739478957916,0.516706279011579,0.751503006012024,-0.326540874465808,-0.522540874465808
"48",3.97795591182365,0.645377819772745,0.751503006012024,-0.326540874465808,-0.522540874465808
"49",4.5190380761523,0.424635251328414,0.751503006012024,-0.326540874465808,-0.522540874465808
"50",4.69939879759519,0.520620220364569,0.751503006012024,-0.326540874465808,-0.522540874465808
