"","x","yplot","target","ftrue","fwrong"
"1",-4.81963927855711,-0.175209796673512,1.83366733466934,0.932053506100961,0.736053506100961
"2",-4.2184368737475,-0.0724440735634439,1.83366733466934,0.932053506100961,0.736053506100961
"3",-3.77755511022044,0.0662497639865223,1.83366733466934,0.932053506100961,0.736053506100961
"4",-2.67535070140281,0.527034077070715,1.83366733466934,0.932053506100961,0.736053506100961
"5",-1.05210420841683,0.871471238974795,1.83366733466934,0.932053506100961,0.736053506100961
"6",-0.410821643286574,0.754064741534187,1.83366733466934,0.932053506100961,0.736053506100961
"7",0.110220440881763,1.01811467658586,1.83366733466934,0.932053506100961,0.736053506100961
"8",0.170340681362725,1.2075045217664,1.83366733466934,0.932053506100961,0.736053506100961
"9",0.651302605210421,0.990365953351389,1.83366733466934,0.932053506100961,0.736053506100961
"10",0.831663326653306,0.870814727206949,1.83366733466934,0.932053506100961,0.736053506100961
"11",0.911823647294589,0.759864007043885,1.83366733466934,0.932053506100961,0.736053506100961
"12",1.01202404809619,0.883985547024572,1.83366733466934,0.932053506100961,0.736053506100961
"13",1.2124248496994,0.762317486248019,1.83366733466934,0.932053506100961,0.736053506100961
"14",1.29258517034068,1.07853737885048,1.83366733466934,0.932053506100961,0.736053506100961
"15",1.312625250501,0.946903325336361,1.83366733466934,0.932053506100961,0.736053506100961
"16",1.35270541082164,0.900767629000214,1.83366733466934,0.932053506100961,0.736053506100961
"17",1.37274549098196,0.957331872833583,1.83366733466934,0.932053506100961,0.736053506100961
"18",1.43286573146293,1.0095743739157,1.83366733466934,0.932053506100961,0.736053506100961
"19",1.47294589178357,0.889066264381055,1.83366733466934,0.932053506100961,0.736053506100961
"20",1.51302605210421,0.9031740295875,1.83366733466934,0.932053506100961,0.736053506100961
"21",1.53306613226453,1.00130772413531,1.83366733466934,0.932053506100961,0.736053506100961
"22",1.55310621242485,1.15189478892702,1.83366733466934,0.932053506100961,0.736053506100961
"23",1.57314629258517,1.04581796553094,1.83366733466934,0.932053506100961,0.736053506100961
"24",1.65330661322645,1.19875846139726,1.83366733466934,0.932053506100961,0.736053506100961
"25",1.69338677354709,1.04817344185045,1.83366733466934,0.932053506100961,0.736053506100961
"26",1.7935871743487,0.843254576095293,1.83366733466934,0.932053506100961,0.736053506100961
"27",1.83366733466934,0.944143947999155,1.83366733466934,0.932053506100961,0.736053506100961
"28",1.85370741482966,1.05248200274011,1.83366733466934,0.932053506100961,0.736053506100961
"29",1.9939879759519,0.797571153336593,1.83366733466934,0.932053506100961,0.736053506100961
"30",2.01402805611222,0.923930671830341,1.83366733466934,0.932053506100961,0.736053506100961
"31",2.15430861723447,0.841954400782523,1.83366733466934,0.932053506100961,0.736053506100961
"32",2.31462925851703,0.973044970726512,1.83366733466934,0.932053506100961,0.736053506100961
"33",2.374749498998,1.09755685546416,1.83366733466934,0.932053506100961,0.736053506100961
"34",2.5751503006012,0.874078885699899,1.83366733466934,0.932053506100961,0.736053506100961
"35",2.63527054108216,0.972040972496081,1.83366733466934,0.932053506100961,0.736053506100961
"36",2.65531062124249,0.935499791033363,1.83366733466934,0.932053506100961,0.736053506100961
"37",2.71543086172345,0.919552777842378,1.83366733466934,0.932053506100961,0.736053506100961
"38",2.73547094188377,0.576358196577329,1.83366733466934,0.932053506100961,0.736053506100961
"39",4.61923847695391,0.782680443577265,1.83366733466934,0.932053506100961,0.736053506100961
"40",4.79959919839679,0.534417578551079,1.83366733466934,0.932053506100961,0.736053506100961
