"","x","yplot","target","ftrue","fwrong"
"1",-4.25851703406814,0.313185215335168,0.190380761523046,-0.347754792746508,-0.151754792746508
"2",-4.15831663326653,0.459830937050047,0.190380761523046,-0.347754792746508,-0.151754792746508
"3",-4.03807615230461,0.275755118613093,0.190380761523046,-0.347754792746508,-0.151754792746508
"4",-3.61723446893788,0.365802580548299,0.190380761523046,-0.347754792746508,-0.151754792746508
"5",-3.23647294589178,0.212501788672626,0.190380761523046,-0.347754792746508,-0.151754792746508
"6",-3.1563126252505,0.278177240547485,0.190380761523046,-0.347754792746508,-0.151754792746508
"7",-2.05410821643287,-0.138995135806121,0.190380761523046,-0.347754792746508,-0.151754792746508
"8",-1.91382765531062,-0.0518522878088135,0.190380761523046,-0.347754792746508,-0.151754792746508
"9",-1.67334669338677,-0.117393719134307,0.190380761523046,-0.347754792746508,-0.151754792746508
"10",-1.55310621242485,0.00248589487178358,0.190380761523046,-0.347754792746508,-0.151754792746508
"11",-1.45290581162325,0.0185480293597133,0.190380761523046,-0.347754792746508,-0.151754792746508
"12",-1.25250501002004,-0.0751205269827663,0.190380761523046,-0.347754792746508,-0.151754792746508
"13",-1.09218436873748,-0.289108434640937,0.190380761523046,-0.347754792746508,-0.151754792746508
"14",-1.05210420841683,-0.1502209528381,0.190380761523046,-0.347754792746508,-0.151754792746508
"15",-1.03206412825651,-0.218053442227728,0.190380761523046,-0.347754792746508,-0.151754792746508
"16",-0.93186372745491,-0.220325273657726,0.190380761523046,-0.347754792746508,-0.151754792746508
"17",-0.631262525050101,-0.19864795122656,0.190380761523046,-0.347754792746508,-0.151754792746508
"18",-0.571142284569138,-0.199569815248589,0.190380761523046,-0.347754792746508,-0.151754792746508
"19",-0.511022044088176,-0.295011086591412,0.190380761523046,-0.347754792746508,-0.151754792746508
"20",-0.410821643286574,-0.261620390220485,0.190380761523046,-0.347754792746508,-0.151754792746508
"21",-0.350701402805611,-0.255815130579705,0.190380761523046,-0.347754792746508,-0.151754792746508
"22",-0.31062124248497,-0.302398171921539,0.190380761523046,-0.347754792746508,-0.151754792746508
"23",0.31062124248497,-0.286876900660425,0.190380761523046,-0.347754792746508,-0.151754792746508
"24",0.490981963927855,-0.513940271309562,0.190380761523046,-0.347754792746508,-0.151754792746508
"25",0.6312625250501,-0.551281702373813,0.190380761523046,-0.347754792746508,-0.151754792746508
"26",0.731462925851703,-0.423510486204494,0.190380761523046,-0.347754792746508,-0.151754792746508
"27",0.95190380761523,-0.350773778993078,0.190380761523046,-0.347754792746508,-0.151754792746508
"28",1.1122244488978,-0.5444212590448,0.190380761523046,-0.347754792746508,-0.151754792746508
"29",1.19238476953908,-0.431195591849101,0.190380761523046,-0.347754792746508,-0.151754792746508
"30",2.09418837675351,-0.624209591996271,0.190380761523046,-0.347754792746508,-0.151754792746508
"31",2.35470941883768,-0.424432038532299,0.190380761523046,-0.347754792746508,-0.151754792746508
"32",2.55511022044088,-0.668955748538724,0.190380761523046,-0.347754792746508,-0.151754792746508
"33",2.71543086172345,-0.581936137366963,0.190380761523046,-0.347754792746508,-0.151754792746508
"34",2.81563126252505,-0.645111903993444,0.190380761523046,-0.347754792746508,-0.151754792746508
"35",3.03607214428858,-0.731601195140152,0.190380761523046,-0.347754792746508,-0.151754792746508
"36",3.37675350701403,-0.786661237985431,0.190380761523046,-0.347754792746508,-0.151754792746508
"37",3.99799599198397,-0.76903789926607,0.190380761523046,-0.347754792746508,-0.151754792746508
"38",4.01803607214429,-0.934318956480458,0.190380761523046,-0.347754792746508,-0.151754792746508
"39",4.43887775551102,-0.877273699976405,0.190380761523046,-0.347754792746508,-0.151754792746508
"40",4.83967935871743,-0.782347498240834,0.190380761523046,-0.347754792746508,-0.151754792746508
