"","x","yplot","target","ftrue","fwrong"
"1",-4.65931863727455,-0.433546502791441,5,0.6091317636341,0.8051317636341
"2",-2.13426853707415,-0.66407528742401,5,0.6091317636341,0.8051317636341
"3",0.811623246492986,-0.414812197732174,5,0.6091317636341,0.8051317636341
"4",1.37274549098196,-0.326931755297618,5,0.6091317636341,0.8051317636341
"5",2.27454909819639,0.072927908210686,5,0.6091317636341,0.8051317636341
"6",3.27655310621243,-0.030024422064639,5,0.6091317636341,0.8051317636341
"7",4.11823647294589,0.379424329476844,5,0.6091317636341,0.8051317636341
"8",4.13827655310621,0.24610367504613,5,0.6091317636341,0.8051317636341
"9",4.29859719438878,0.274157642446393,5,0.6091317636341,0.8051317636341
"10",4.4188376753507,0.260790904854529,5,0.6091317636341,0.8051317636341
"11",4.47895791583166,0.499383079622094,5,0.6091317636341,0.8051317636341
"12",4.57915831663327,0.376245186663045,5,0.6091317636341,0.8051317636341
"13",4.61923847695391,0.445491026406975,5,0.6091317636341,0.8051317636341
"14",4.69939879759519,0.485283834327365,5,0.6091317636341,0.8051317636341
"15",4.75951903807615,0.671369170259687,5,0.6091317636341,0.8051317636341
"16",4.77955911823647,0.548188428438687,5,0.6091317636341,0.8051317636341
"17",4.83967935871743,0.617310813461513,5,0.6091317636341,0.8051317636341
"18",4.8997995991984,0.582745745913211,5,0.6091317636341,0.8051317636341
"19",4.93987975951904,0.696076551880944,5,0.6091317636341,0.8051317636341
"20",4.95991983967936,0.530902128868879,5,0.6091317636341,0.8051317636341
