"","x","yplot","target","ftrue","fwrong"
"1",-3.35671342685371,-0.260886076065645,-2.53507014028056,0.180484630463843,0.376484630463843
"2",-3.33667334669339,-0.201447102351431,-2.53507014028056,0.180484630463843,0.376484630463843
"3",-3.27655310621242,-0.064146729896367,-2.53507014028056,0.180484630463843,0.376484630463843
"4",-3.23647294589178,-0.0775782211024734,-2.53507014028056,0.180484630463843,0.376484630463843
"5",-3.01603206412826,0.05201053343535,-2.53507014028056,0.180484630463843,0.376484630463843
"6",-2.97595190380762,-0.0999275184950856,-2.53507014028056,0.180484630463843,0.376484630463843
"7",-2.69539078156313,-0.00923322705025668,-2.53507014028056,0.180484630463843,0.376484630463843
"8",-2.65531062124249,0.122221952706079,-2.53507014028056,0.180484630463843,0.376484630463843
"9",-2.63527054108216,0.071824353704132,-2.53507014028056,0.180484630463843,0.376484630463843
"10",-2.53507014028056,0.300754334479673,-2.53507014028056,0.180484630463843,0.376484630463843
"11",-2.51503006012024,0.342809833533664,-2.53507014028056,0.180484630463843,0.376484630463843
"12",-2.49498997995992,0.149665243723619,-2.53507014028056,0.180484630463843,0.376484630463843
"13",-2.33466933867735,0.335626042867783,-2.53507014028056,0.180484630463843,0.376484630463843
"14",-2.23446893787575,0.303914688874524,-2.53507014028056,0.180484630463843,0.376484630463843
"15",-2.21442885771543,0.283128803201064,-2.53507014028056,0.180484630463843,0.376484630463843
"16",-2.03406813627255,0.397618548284183,-2.53507014028056,0.180484630463843,0.376484630463843
"17",-1.9939879759519,0.548876751607248,-2.53507014028056,0.180484630463843,0.376484630463843
"18",-1.91382765531062,0.305394367213681,-2.53507014028056,0.180484630463843,0.376484630463843
"19",-1.87374749498998,0.557402720957917,-2.53507014028056,0.180484630463843,0.376484630463843
"20",-1.77354709418838,0.34432616979449,-2.53507014028056,0.180484630463843,0.376484630463843
"21",-1.71342685370742,0.57597838585392,-2.53507014028056,0.180484630463843,0.376484630463843
"22",-0.711422845691383,0.656714673657927,-2.53507014028056,0.180484630463843,0.376484630463843
"23",0.130260521042084,0.23333384385144,-2.53507014028056,0.180484630463843,0.376484630463843
"24",0.470941883767535,0.14237045463117,-2.53507014028056,0.180484630463843,0.376484630463843
"25",1.57314629258517,-0.82988370886303,-2.53507014028056,0.180484630463843,0.376484630463843
"26",2.07414829659319,-0.609179106963117,-2.53507014028056,0.180484630463843,0.376484630463843
"27",2.35470941883768,-0.707697505527521,-2.53507014028056,0.180484630463843,0.376484630463843
"28",3.1563126252505,-0.48431185794635,-2.53507014028056,0.180484630463843,0.376484630463843
"29",3.45691382765531,-0.472046191168104,-2.53507014028056,0.180484630463843,0.376484630463843
"30",4.55911823647295,-0.0676060191064959,-2.53507014028056,0.180484630463843,0.376484630463843
