"","x","yplot","target","ftrue","fwrong"
"1",-4.93987975951904,-0.991957400734248,-4.37875751503006,-0.931324805787679,-1.12732480578768
"2",-4.63927855711423,-0.887464839971628,-4.37875751503006,-0.931324805787679,-1.12732480578768
"3",-4.61923847695391,-0.850147629466857,-4.37875751503006,-0.931324805787679,-1.12732480578768
"4",-4.55911823647295,-0.919739206440936,-4.37875751503006,-0.931324805787679,-1.12732480578768
"5",-4.51903807615231,-0.925076978588362,-4.37875751503006,-0.931324805787679,-1.12732480578768
"6",-4.29859719438878,-0.998160385683125,-4.37875751503006,-0.931324805787679,-1.12732480578768
"7",-4.09819639278557,-0.778313823240258,-4.37875751503006,-0.931324805787679,-1.12732480578768
"8",-4.05811623246493,-1.08118339637657,-4.37875751503006,-0.931324805787679,-1.12732480578768
"9",-3.97795591182365,-0.988369579350954,-4.37875751503006,-0.931324805787679,-1.12732480578768
"10",-3.95791583166333,-0.901345285575496,-4.37875751503006,-0.931324805787679,-1.12732480578768
"11",-3.93787575150301,-1.05490357729726,-4.37875751503006,-0.931324805787679,-1.12732480578768
"12",-3.67735470941884,-0.922699316142156,-4.37875751503006,-0.931324805787679,-1.12732480578768
"13",-3.51703406813627,-1.08950059469468,-4.37875751503006,-0.931324805787679,-1.12732480578768
"14",-3.45691382765531,-0.917055306340554,-4.37875751503006,-0.931324805787679,-1.12732480578768
"15",-2.75551102204409,-1.05738626695956,-4.37875751503006,-0.931324805787679,-1.12732480578768
"16",-2.13426853707415,-0.907833323448426,-4.37875751503006,-0.931324805787679,-1.12732480578768
"17",1.19238476953908,-0.277567576034514,-4.37875751503006,-0.931324805787679,-1.12732480578768
"18",2.77555110220441,0.166552397407789,-4.37875751503006,-0.931324805787679,-1.12732480578768
"19",2.93587174348697,0.194327361359125,-4.37875751503006,-0.931324805787679,-1.12732480578768
"20",3.09619238476954,0.0396835858689775,-4.37875751503006,-0.931324805787679,-1.12732480578768
