"","x","yplot","target","ftrue","fwrong"
"1",-4.71943887775551,0.117629154441594,-1.01202404809619,0.724559960552553,0.528559960552553
"2",-4.63927855711423,0.281624610585802,-1.01202404809619,0.724559960552553,0.528559960552553
"3",-4.13827655310621,0.269152001311438,-1.01202404809619,0.724559960552553,0.528559960552553
"4",-3.41683366733467,0.296618467624304,-1.01202404809619,0.724559960552553,0.528559960552553
"5",-3.19639278557114,0.469611103351647,-1.01202404809619,0.724559960552553,0.528559960552553
"6",-2.81563126252505,0.404505888526959,-1.01202404809619,0.724559960552553,0.528559960552553
"7",-1.97394789579158,0.74025462489939,-1.01202404809619,0.724559960552553,0.528559960552553
"8",-1.95390781563126,0.787078085209844,-1.01202404809619,0.724559960552553,0.528559960552553
"9",-1.85370741482966,0.50687062814841,-1.01202404809619,0.724559960552553,0.528559960552553
"10",-1.7935871743487,0.884223422961549,-1.01202404809619,0.724559960552553,0.528559960552553
"11",-1.77354709418838,0.736906628177644,-1.01202404809619,0.724559960552553,0.528559960552553
"12",-1.71342685370742,0.877205456937603,-1.01202404809619,0.724559960552553,0.528559960552553
"13",-1.57314629258517,0.85673744766782,-1.01202404809619,0.724559960552553,0.528559960552553
"14",-1.55310621242485,0.876611551299656,-1.01202404809619,0.724559960552553,0.528559960552553
"15",-1.39278557114228,0.687008128685075,-1.01202404809619,0.724559960552553,0.528559960552553
"16",-1.37274549098196,0.653480505062889,-1.01202404809619,0.724559960552553,0.528559960552553
"17",-1.33266533066132,0.808776165712832,-1.01202404809619,0.724559960552553,0.528559960552553
"18",-1.23246492985972,0.851874769723387,-1.01202404809619,0.724559960552553,0.528559960552553
"19",-1.2124248496994,0.848888431591254,-1.01202404809619,0.724559960552553,0.528559960552553
"20",-1.19238476953908,0.925447636343643,-1.01202404809619,0.724559960552553,0.528559960552553
"21",-1.15230460921844,0.510342891009947,-1.01202404809619,0.724559960552553,0.528559960552553
"22",-1.13226452905812,0.643168339941023,-1.01202404809619,0.724559960552553,0.528559960552553
"23",-1.1122244488978,0.689350748926376,-1.01202404809619,0.724559960552553,0.528559960552553
"24",-1.05210420841683,0.579234648281386,-1.01202404809619,0.724559960552553,0.528559960552553
"25",-1.03206412825651,0.703489163189015,-1.01202404809619,0.724559960552553,0.528559960552553
"26",-0.95190380761523,0.832207031703402,-1.01202404809619,0.724559960552553,0.528559960552553
"27",-0.93186372745491,0.705938830307352,-1.01202404809619,0.724559960552553,0.528559960552553
"28",-0.91182364729459,0.702294448335492,-1.01202404809619,0.724559960552553,0.528559960552553
"29",-0.811623246492986,0.515682735705086,-1.01202404809619,0.724559960552553,0.528559960552553
"30",-0.591182364729459,0.590932444580746,-1.01202404809619,0.724559960552553,0.528559960552553
"31",-0.571142284569138,0.338388716652844,-1.01202404809619,0.724559960552553,0.528559960552553
"32",-0.551102204408818,0.302719304081313,-1.01202404809619,0.724559960552553,0.528559960552553
"33",-0.470941883767535,0.532670948013378,-1.01202404809619,0.724559960552553,0.528559960552553
"34",-0.410821643286574,0.471572482173696,-1.01202404809619,0.724559960552553,0.528559960552553
"35",-0.390781563126253,0.342463224725627,-1.01202404809619,0.724559960552553,0.528559960552553
"36",-0.330661322645291,0.323553119153394,-1.01202404809619,0.724559960552553,0.528559960552553
"37",-0.250501002004008,0.513460947435637,-1.01202404809619,0.724559960552553,0.528559960552553
"38",-0.190380761523047,0.399361014025075,-1.01202404809619,0.724559960552553,0.528559960552553
"39",-0.150300601202405,0.461050241934549,-1.01202404809619,0.724559960552553,0.528559960552553
"40",-0.0901803607214431,0.271143685100952,-1.01202404809619,0.724559960552553,0.528559960552553
"41",-0.0300601202404813,0.38518994835835,-1.01202404809619,0.724559960552553,0.528559960552553
"42",0.531062124248497,-0.0367896617183899,-1.01202404809619,0.724559960552553,0.528559960552553
"43",0.731462925851703,-0.10341536334032,-1.01202404809619,0.724559960552553,0.528559960552553
"44",1.01202404809619,-0.154083563737105,-1.01202404809619,0.724559960552553,0.528559960552553
"45",1.09218436873747,-0.053166873047079,-1.01202404809619,0.724559960552553,0.528559960552553
"46",1.35270541082164,-0.209018480381445,-1.01202404809619,0.724559960552553,0.528559960552553
"47",1.93386773547094,-0.100881756190159,-1.01202404809619,0.724559960552553,0.528559960552553
"48",2.51503006012024,-0.299570686158069,-1.01202404809619,0.724559960552553,0.528559960552553
"49",4.25851703406814,-0.61008217994337,-1.01202404809619,0.724559960552553,0.528559960552553
"50",4.63927855711423,-0.597667530419107,-1.01202404809619,0.724559960552553,0.528559960552553
