"","x","yplot","target","ftrue","fwrong"
"1",-4.71943887775551,-0.368527758305121,2.67535070140281,0.243353445416696,0.0473534454166959
"2",-3.6372745490982,-0.0725016586019191,2.67535070140281,0.243353445416696,0.0473534454166959
"3",-2.79559118236473,0.195526985620025,2.67535070140281,0.243353445416696,0.0473534454166959
"4",-0.95190380761523,0.526366205875159,2.67535070140281,0.243353445416696,0.0473534454166959
"5",-0.430861723446894,0.772372593093936,2.67535070140281,0.243353445416696,0.0473534454166959
"6",0.0701402805611222,0.844081477112086,2.67535070140281,0.243353445416696,0.0473534454166959
"7",0.911823647294589,0.881020094302017,2.67535070140281,0.243353445416696,0.0473534454166959
"8",1.03206412825651,0.767026937578407,2.67535070140281,0.243353445416696,0.0473534454166959
"9",1.05210420841683,0.632684350179968,2.67535070140281,0.243353445416696,0.0473534454166959
"10",1.77354709418838,0.274175794319416,2.67535070140281,0.243353445416696,0.0473534454166959
"11",1.85370741482966,0.606433918776142,2.67535070140281,0.243353445416696,0.0473534454166959
"12",1.95390781563126,0.336644205725669,2.67535070140281,0.243353445416696,0.0473534454166959
"13",1.9939879759519,0.481100622738384,2.67535070140281,0.243353445416696,0.0473534454166959
"14",2.05410821643287,0.301481269498529,2.67535070140281,0.243353445416696,0.0473534454166959
"15",2.07414829659319,0.421898452099771,2.67535070140281,0.243353445416696,0.0473534454166959
"16",2.17434869739479,0.542157390638576,2.67535070140281,0.243353445416696,0.0473534454166959
"17",2.25450901803607,0.234323243193419,2.67535070140281,0.243353445416696,0.0473534454166959
"18",2.374749498998,0.264099621563523,2.67535070140281,0.243353445416696,0.0473534454166959
"19",2.69539078156313,0.36499395717418,2.67535070140281,0.243353445416696,0.0473534454166959
"20",2.75551102204409,0.286942697472254,2.67535070140281,0.243353445416696,0.0473534454166959
"21",2.77555110220441,0.325541828295039,2.67535070140281,0.243353445416696,0.0473534454166959
"22",2.85571142284569,0.137681039416951,2.67535070140281,0.243353445416696,0.0473534454166959
"23",2.87575150300601,0.193428018523091,2.67535070140281,0.243353445416696,0.0473534454166959
"24",2.89579158316633,0.0983675355137111,2.67535070140281,0.243353445416696,0.0473534454166959
"25",3.1563126252505,-0.034431657963845,2.67535070140281,0.243353445416696,0.0473534454166959
"26",3.17635270541082,0.220939319924682,2.67535070140281,0.243353445416696,0.0473534454166959
"27",3.35671342685371,0.153149255300466,2.67535070140281,0.243353445416696,0.0473534454166959
"28",3.45691382765531,0.0704034279703966,2.67535070140281,0.243353445416696,0.0473534454166959
"29",3.49699398797595,-0.0432469702897774,2.67535070140281,0.243353445416696,0.0473534454166959
"30",3.53707414829659,-0.220432489509142,2.67535070140281,0.243353445416696,0.0473534454166959
