"","x","yplot","target","ftrue","fwrong"
"1",-5,0.975468495148317,-1.23246492985972,0.498117464751439,0.302117464751439
"2",-4.65931863727455,0.80335948323356,-1.23246492985972,0.498117464751439,0.302117464751439
"3",-4.63927855711423,1.00671013566129,-1.23246492985972,0.498117464751439,0.302117464751439
"4",-4.59919839679359,1.05493811522289,-1.23246492985972,0.498117464751439,0.302117464751439
"5",-3.45691382765531,0.861394454759548,-1.23246492985972,0.498117464751439,0.302117464751439
"6",-2.39478957915832,0.742613537261714,-1.23246492985972,0.498117464751439,0.302117464751439
"7",-2.13426853707415,0.690351617692206,-1.23246492985972,0.498117464751439,0.302117464751439
"8",-1.97394789579158,0.717928031735717,-1.23246492985972,0.498117464751439,0.302117464751439
"9",-1.51302605210421,0.488470655290508,-1.23246492985972,0.498117464751439,0.302117464751439
"10",-1.1122244488978,0.338909908027225,-1.23246492985972,0.498117464751439,0.302117464751439
"11",-0.991983967935872,0.540478347918383,-1.23246492985972,0.498117464751439,0.302117464751439
"12",-0.971943887775551,0.610243941166884,-1.23246492985972,0.498117464751439,0.302117464751439
"13",-0.851703406813628,0.393784604033181,-1.23246492985972,0.498117464751439,0.302117464751439
"14",-0.811623246492986,0.465518500879708,-1.23246492985972,0.498117464751439,0.302117464751439
"15",-0.370741482965932,0.12923641465372,-1.23246492985972,0.498117464751439,0.302117464751439
"16",0.0701402805611222,0.240381655430658,-1.23246492985972,0.498117464751439,0.302117464751439
"17",0.110220440881763,0.130218227799736,-1.23246492985972,0.498117464751439,0.302117464751439
"18",0.130260521042084,0.109323964104558,-1.23246492985972,0.498117464751439,0.302117464751439
"19",0.150300601202405,0.179068417548031,-1.23246492985972,0.498117464751439,0.302117464751439
"20",0.771543086172344,0.0332552401077128,-1.23246492985972,0.498117464751439,0.302117464751439
"21",0.911823647294589,-0.190942748285211,-1.23246492985972,0.498117464751439,0.302117464751439
"22",1.75350701402806,-0.299313380677603,-1.23246492985972,0.498117464751439,0.302117464751439
"23",2.39478957915832,-0.362888594589925,-1.23246492985972,0.498117464751439,0.302117464751439
"24",2.49498997995992,-0.654626321785524,-1.23246492985972,0.498117464751439,0.302117464751439
"25",3.55711422845691,-0.764778004869566,-1.23246492985972,0.498117464751439,0.302117464751439
"26",3.61723446893788,-0.734083416534429,-1.23246492985972,0.498117464751439,0.302117464751439
"27",4.35871743486974,-0.81650379915174,-1.23246492985972,0.498117464751439,0.302117464751439
"28",4.73947895791583,-0.907788623383983,-1.23246492985972,0.498117464751439,0.302117464751439
"29",4.91983967935872,-0.793628355163824,-1.23246492985972,0.498117464751439,0.302117464751439
"30",4.93987975951904,-1.16205745808089,-1.23246492985972,0.498117464751439,0.302117464751439
