"","x","yplot","target","ftrue","fwrong"
"1",-4.97995991983968,0.418895531133063,-2.97595190380762,-0.1426280719219,-0.3386280719219
"2",-4.73947895791583,0.479075270418879,-2.97595190380762,-0.1426280719219,-0.3386280719219
"3",-4.61923847695391,0.241092017314149,-2.97595190380762,-0.1426280719219,-0.3386280719219
"4",-4.57915831663327,0.284143380662568,-2.97595190380762,-0.1426280719219,-0.3386280719219
"5",-4.53907815631263,0.4641576801724,-2.97595190380762,-0.1426280719219,-0.3386280719219
"6",-3.71743486973948,-0.0113424109995912,-2.97595190380762,-0.1426280719219,-0.3386280719219
"7",-3.69739478957916,0.0450837837672313,-2.97595190380762,-0.1426280719219,-0.3386280719219
"8",-3.67735470941884,0.0339289349675915,-2.97595190380762,-0.1426280719219,-0.3386280719219
"9",-3.41683366733467,-0.19877435638263,-2.97595190380762,-0.1426280719219,-0.3386280719219
"10",-3.35671342685371,0.022717899392288,-2.97595190380762,-0.1426280719219,-0.3386280719219
"11",-3.0561122244489,-0.117371938890809,-2.97595190380762,-0.1426280719219,-0.3386280719219
"12",-3.01603206412826,-0.271854042629957,-2.97595190380762,-0.1426280719219,-0.3386280719219
"13",-2.73547094188377,-0.149028272516857,-2.97595190380762,-0.1426280719219,-0.3386280719219
"14",-2.67535070140281,-0.372902548560259,-2.97595190380762,-0.1426280719219,-0.3386280719219
"15",-2.5751503006012,-0.185298508461715,-2.97595190380762,-0.1426280719219,-0.3386280719219
"16",-2.55511022044088,-0.311448932547138,-2.97595190380762,-0.1426280719219,-0.3386280719219
"17",-2.39478957915832,-0.26699751985542,-2.97595190380762,-0.1426280719219,-0.3386280719219
"18",-2.25450901803607,-0.188307182959885,-2.97595190380762,-0.1426280719219,-0.3386280719219
"19",-2.13426853707415,-0.420006722752794,-2.97595190380762,-0.1426280719219,-0.3386280719219
"20",-2.11422845691383,-0.270138200150141,-2.97595190380762,-0.1426280719219,-0.3386280719219
"21",-1.75350701402806,-0.454521800700162,-2.97595190380762,-0.1426280719219,-0.3386280719219
"22",-1.23246492985972,-0.451456758818084,-2.97595190380762,-0.1426280719219,-0.3386280719219
"23",-1.03206412825651,-0.712242962982871,-2.97595190380762,-0.1426280719219,-0.3386280719219
"24",-0.95190380761523,-0.554272841624239,-2.97595190380762,-0.1426280719219,-0.3386280719219
"25",-0.691382765531062,-0.708242636252437,-2.97595190380762,-0.1426280719219,-0.3386280719219
"26",-0.631262525050101,-0.525644472880071,-2.97595190380762,-0.1426280719219,-0.3386280719219
"27",-0.450901803607215,-0.763819109580544,-2.97595190380762,-0.1426280719219,-0.3386280719219
"28",-0.270541082164329,-0.710094516712073,-2.97595190380762,-0.1426280719219,-0.3386280719219
"29",-0.230460921843687,-0.686400739090171,-2.97595190380762,-0.1426280719219,-0.3386280719219
"30",0.771543086172344,-0.78423462687963,-2.97595190380762,-0.1426280719219,-0.3386280719219
"31",1.25250501002004,-0.884553157385956,-2.97595190380762,-0.1426280719219,-0.3386280719219
"32",1.29258517034068,-0.838704240171609,-2.97595190380762,-0.1426280719219,-0.3386280719219
"33",1.47294589178357,-1.0871019872027,-2.97595190380762,-0.1426280719219,-0.3386280719219
"34",1.71342685370741,-0.874515069995006,-2.97595190380762,-0.1426280719219,-0.3386280719219
"35",1.75350701402806,-0.98056814345238,-2.97595190380762,-0.1426280719219,-0.3386280719219
"36",1.9939879759519,-1.09691602266248,-2.97595190380762,-0.1426280719219,-0.3386280719219
"37",2.03406813627254,-1.10094468631385,-2.97595190380762,-0.1426280719219,-0.3386280719219
"38",2.23446893787575,-0.850362681908837,-2.97595190380762,-0.1426280719219,-0.3386280719219
"39",2.41482965931864,-1.02649207283848,-2.97595190380762,-0.1426280719219,-0.3386280719219
"40",2.77555110220441,-0.968205281937028,-2.97595190380762,-0.1426280719219,-0.3386280719219
"41",3.0561122244489,-0.905264464536248,-2.97595190380762,-0.1426280719219,-0.3386280719219
"42",3.1563126252505,-0.831970062724661,-2.97595190380762,-0.1426280719219,-0.3386280719219
"43",3.2565130260521,-0.772716290460619,-2.97595190380762,-0.1426280719219,-0.3386280719219
"44",3.37675350701403,-1.09888439563906,-2.97595190380762,-0.1426280719219,-0.3386280719219
"45",3.69739478957916,-0.638332926776771,-2.97595190380762,-0.1426280719219,-0.3386280719219
"46",3.81763527054108,-0.814402206362203,-2.97595190380762,-0.1426280719219,-0.3386280719219
"47",3.8376753507014,-0.836020042908704,-2.97595190380762,-0.1426280719219,-0.3386280719219
"48",4.01803607214429,-0.693389348154027,-2.97595190380762,-0.1426280719219,-0.3386280719219
"49",4.61923847695391,-0.547018965067319,-2.97595190380762,-0.1426280719219,-0.3386280719219
"50",4.71943887775551,-0.553949990026748,-2.97595190380762,-0.1426280719219,-0.3386280719219
