"","x","yplot","target","ftrue","fwrong"
"1",-2.5751503006012,0.153460253194456,-0.971943887775551,0.888584723110255,1.08458472311025
"2",-2.51503006012024,0.198449186124736,-0.971943887775551,0.888584723110255,1.08458472311025
"3",-1.95390781563126,0.51887971643702,-0.971943887775551,0.888584723110255,1.08458472311025
"4",-1.69338677354709,0.788803291013393,-0.971943887775551,0.888584723110255,1.08458472311025
"5",-1.47294589178357,1.0156967526341,-0.971943887775551,0.888584723110255,1.08458472311025
"6",-1.23246492985972,0.887919654766022,-0.971943887775551,0.888584723110255,1.08458472311025
"7",-1.19238476953908,0.831711542888847,-0.971943887775551,0.888584723110255,1.08458472311025
"8",-1.01202404809619,0.931888714892814,-0.971943887775551,0.888584723110255,1.08458472311025
"9",-0.91182364729459,0.868762544111464,-0.971943887775551,0.888584723110255,1.08458472311025
"10",-0.851703406813628,0.96059252630676,-0.971943887775551,0.888584723110255,1.08458472311025
"11",-0.571142284569138,0.920924264346966,-0.971943887775551,0.888584723110255,1.08458472311025
"12",-0.330661322645291,0.888794618729742,-0.971943887775551,0.888584723110255,1.08458472311025
"13",-0.230460921843687,1.00226539688561,-0.971943887775551,0.888584723110255,1.08458472311025
"14",-0.150300601202405,0.924104971733229,-0.971943887775551,0.888584723110255,1.08458472311025
"15",-0.0701402805611222,1.065977228725,-0.971943887775551,0.888584723110255,1.08458472311025
"16",-0.0100200400801604,1.07273011866638,-0.971943887775551,0.888584723110255,1.08458472311025
"17",1.19238476953908,0.896461588306539,-0.971943887775551,0.888584723110255,1.08458472311025
"18",2.91583166332665,0.46893091235708,-0.971943887775551,0.888584723110255,1.08458472311025
"19",3.33667334669339,0.469729158790454,-0.971943887775551,0.888584723110255,1.08458472311025
"20",3.93787575150301,0.179216787657081,-0.971943887775551,0.888584723110255,1.08458472311025
