"","x","yplot","target","ftrue","fwrong"
"1",-4.95991983967936,0.174596545325364,0.711422845691382,-0.218521434786182,-0.414521434786182
"2",-4.87975951903808,0.161280815450155,0.711422845691382,-0.218521434786182,-0.414521434786182
"3",-4.81963927855711,0.203183855102008,0.711422845691382,-0.218521434786182,-0.414521434786182
"4",-4.33867735470942,-0.028346583404697,0.711422845691382,-0.218521434786182,-0.414521434786182
"5",-3.77755511022044,-0.302645612825339,0.711422845691382,-0.218521434786182,-0.414521434786182
"6",-3.7374749498998,-0.50064100873029,0.711422845691382,-0.218521434786182,-0.414521434786182
"7",-3.57715430861723,-0.500977512248243,0.711422845691382,-0.218521434786182,-0.414521434786182
"8",-3.41683366733467,-0.460905963905827,0.711422845691382,-0.218521434786182,-0.414521434786182
"9",-3.37675350701403,-0.477808558474452,0.711422845691382,-0.218521434786182,-0.414521434786182
"10",-3.29659318637275,-0.819252674845028,0.711422845691382,-0.218521434786182,-0.414521434786182
"11",-2.83567134268537,-0.60555015721157,0.711422845691382,-0.218521434786182,-0.414521434786182
"12",-2.55511022044088,-0.561691026408242,0.711422845691382,-0.218521434786182,-0.414521434786182
"13",-2.49498997995992,-0.59013106731006,0.711422845691382,-0.218521434786182,-0.414521434786182
"14",-1.91382765531062,-0.342152200381616,0.711422845691382,-0.218521434786182,-0.414521434786182
"15",-1.81362725450902,-0.396143606245079,0.711422845691382,-0.218521434786182,-0.414521434786182
"16",-1.71342685370742,-0.347973402351957,0.711422845691382,-0.218521434786182,-0.414521434786182
"17",-1.61322645290581,-0.493907736448719,0.711422845691382,-0.218521434786182,-0.414521434786182
"18",-1.55310621242485,-0.414600300292131,0.711422845691382,-0.218521434786182,-0.414521434786182
"19",-1.43286573146293,-0.265727599423757,0.711422845691382,-0.218521434786182,-0.414521434786182
"20",-0.651302605210421,-0.124894502454373,0.711422845691382,-0.218521434786182,-0.414521434786182
"21",-0.571142284569138,-0.255613290057934,0.711422845691382,-0.218521434786182,-0.414521434786182
"22",-0.490981963927856,-0.161270136084128,0.711422845691382,-0.218521434786182,-0.414521434786182
"23",-0.250501002004008,-0.217845175235098,0.711422845691382,-0.218521434786182,-0.414521434786182
"24",0.0901803607214431,-0.0524536099242511,0.711422845691382,-0.218521434786182,-0.414521434786182
"25",0.410821643286573,-0.144758651027774,0.711422845691382,-0.218521434786182,-0.414521434786182
"26",0.6312625250501,-0.0910288464044885,0.711422845691382,-0.218521434786182,-0.414521434786182
"27",0.691382765531062,-0.112744549831311,0.711422845691382,-0.218521434786182,-0.414521434786182
"28",0.831663326653306,-0.299580736667218,0.711422845691382,-0.218521434786182,-0.414521434786182
"29",0.851703406813627,-0.225964535847714,0.711422845691382,-0.218521434786182,-0.414521434786182
"30",0.911823647294589,-0.27603138386239,0.711422845691382,-0.218521434786182,-0.414521434786182
"31",1.15230460921844,-0.133453129272447,0.711422845691382,-0.218521434786182,-0.414521434786182
"32",1.25250501002004,-0.103227362913427,0.711422845691382,-0.218521434786182,-0.414521434786182
"33",1.312625250501,-0.179973253211405,0.711422845691382,-0.218521434786182,-0.414521434786182
"34",1.39278557114228,-0.0131103775106185,0.711422845691382,-0.218521434786182,-0.414521434786182
"35",1.45290581162325,-0.118822178478326,0.711422845691382,-0.218521434786182,-0.414521434786182
"36",1.57314629258517,-0.0567432888529071,0.711422845691382,-0.218521434786182,-0.414521434786182
"37",1.59318637274549,-0.0158364610536568,0.711422845691382,-0.218521434786182,-0.414521434786182
"38",1.75350701402806,0.201722960337762,0.711422845691382,-0.218521434786182,-0.414521434786182
"39",1.85370741482966,0.203396004527939,0.711422845691382,-0.218521434786182,-0.414521434786182
"40",1.97394789579158,0.225310940473541,0.711422845691382,-0.218521434786182,-0.414521434786182
"41",2.39478957915832,0.415591881868052,0.711422845691382,-0.218521434786182,-0.414521434786182
"42",2.43486973947896,0.508496730641911,0.711422845691382,-0.218521434786182,-0.414521434786182
"43",2.51503006012024,0.474090248010682,0.711422845691382,-0.218521434786182,-0.414521434786182
"44",2.91583166332665,0.510415172785673,0.711422845691382,-0.218521434786182,-0.414521434786182
"45",3.27655310621243,0.535662881983131,0.711422845691382,-0.218521434786182,-0.414521434786182
"46",4.25851703406814,-0.040045867045053,0.711422845691382,-0.218521434786182,-0.414521434786182
"47",4.53907815631263,0.0638577221530146,0.711422845691382,-0.218521434786182,-0.414521434786182
"48",4.75951903807615,-0.0691258274649623,0.711422845691382,-0.218521434786182,-0.414521434786182
"49",4.77955911823647,0.128722478317335,0.711422845691382,-0.218521434786182,-0.414521434786182
"50",4.83967935871743,-0.168229727307941,0.711422845691382,-0.218521434786182,-0.414521434786182
