"","x","yplot","target","ftrue","fwrong"
"1",-4.79959919839679,0.618964569015121,-0.571142284569138,0.409044019411538,0.605044019411538
"2",-1.37274549098196,0.618425424721659,-0.571142284569138,0.409044019411538,0.605044019411538
"3",-0.991983967935872,0.498802517567615,-0.571142284569138,0.409044019411538,0.605044019411538
"4",-0.851703406813628,0.495509891153197,-0.571142284569138,0.409044019411538,0.605044019411538
"5",-0.811623246492986,0.400015965426111,-0.571142284569138,0.409044019411538,0.605044019411538
"6",-0.591182364729459,0.373992209699325,-0.571142284569138,0.409044019411538,0.605044019411538
"7",-0.110220440881764,0.292970279900276,-0.571142284569138,0.409044019411538,0.605044019411538
"8",-0.0901803607214431,0.30287331703978,-0.571142284569138,0.409044019411538,0.605044019411538
"9",0.711422845691382,0.0773923679215154,-0.571142284569138,0.409044019411538,0.605044019411538
"10",3.27655310621243,-0.437898038917803,-0.571142284569138,0.409044019411538,0.605044019411538
