"","x","yplot","target","ftrue","fwrong"
"1",-5,1.02389818712526,-1.57314629258517,0.101935648546944,-0.0940643514530562
"2",-4.69939879759519,1.02535730843247,-1.57314629258517,0.101935648546944,-0.0940643514530562
"3",-4.43887775551102,0.918803796608924,-1.57314629258517,0.101935648546944,-0.0940643514530562
"4",-3.8376753507014,0.839232388441104,-1.57314629258517,0.101935648546944,-0.0940643514530562
"5",-3.57715430861723,0.733135127783142,-1.57314629258517,0.101935648546944,-0.0940643514530562
"6",-3.31663326653307,0.681792424064013,-1.57314629258517,0.101935648546944,-0.0940643514530562
"7",-3.23647294589178,0.546441834339943,-1.57314629258517,0.101935648546944,-0.0940643514530562
"8",-2.95591182364729,0.669077812213196,-1.57314629258517,0.101935648546944,-0.0940643514530562
"9",-2.59519038076152,0.514679171578926,-1.57314629258517,0.101935648546944,-0.0940643514530562
"10",-2.51503006012024,0.387642215306456,-1.57314629258517,0.101935648546944,-0.0940643514530562
"11",-2.35470941883768,0.438959848893101,-1.57314629258517,0.101935648546944,-0.0940643514530562
"12",-2.31462925851703,0.320510523214604,-1.57314629258517,0.101935648546944,-0.0940643514530562
"13",-2.27454909819639,0.487500808260773,-1.57314629258517,0.101935648546944,-0.0940643514530562
"14",-2.21442885771543,0.329893819514517,-1.57314629258517,0.101935648546944,-0.0940643514530562
"15",-2.01402805611222,0.387550927941308,-1.57314629258517,0.101935648546944,-0.0940643514530562
"16",-1.61322645290581,0.29617062812591,-1.57314629258517,0.101935648546944,-0.0940643514530562
"17",-1.23246492985972,-0.0024735734623408,-1.57314629258517,0.101935648546944,-0.0940643514530562
"18",-1.19238476953908,-0.301670530331028,-1.57314629258517,0.101935648546944,-0.0940643514530562
"19",-1.09218436873748,-0.0383970413621621,-1.57314629258517,0.101935648546944,-0.0940643514530562
"20",-0.95190380761523,-0.0867175873760274,-1.57314629258517,0.101935648546944,-0.0940643514530562
"21",-0.93186372745491,-0.10607962442024,-1.57314629258517,0.101935648546944,-0.0940643514530562
"22",-0.891783567134269,-0.0603850105024231,-1.57314629258517,0.101935648546944,-0.0940643514530562
"23",-0.871743486973948,-0.235805938088201,-1.57314629258517,0.101935648546944,-0.0940643514530562
"24",-0.591182364729459,-0.489516604338177,-1.57314629258517,0.101935648546944,-0.0940643514530562
"25",-0.190380761523047,-0.405601327667183,-1.57314629258517,0.101935648546944,-0.0940643514530562
"26",0.0701402805611222,-0.274059283431102,-1.57314629258517,0.101935648546944,-0.0940643514530562
"27",0.0901803607214431,-0.390655683160557,-1.57314629258517,0.101935648546944,-0.0940643514530562
"28",0.290581162324649,-0.50064994544787,-1.57314629258517,0.101935648546944,-0.0940643514530562
"29",0.511022044088176,-0.490652725449727,-1.57314629258517,0.101935648546944,-0.0940643514530562
"30",0.831663326653306,-0.396973541497394,-1.57314629258517,0.101935648546944,-0.0940643514530562
"31",0.851703406813627,-0.471874800711883,-1.57314629258517,0.101935648546944,-0.0940643514530562
"32",1.27254509018036,-0.655987784261559,-1.57314629258517,0.101935648546944,-0.0940643514530562
"33",1.312625250501,-0.554692486182673,-1.57314629258517,0.101935648546944,-0.0940643514530562
"34",1.39278557114228,-0.749419175806481,-1.57314629258517,0.101935648546944,-0.0940643514530562
"35",1.45290581162325,-0.689650468888128,-1.57314629258517,0.101935648546944,-0.0940643514530562
"36",2.05410821643287,-0.781157220840301,-1.57314629258517,0.101935648546944,-0.0940643514530562
"37",2.41482965931864,-0.518243564235694,-1.57314629258517,0.101935648546944,-0.0940643514530562
"38",2.4749498997996,-0.57423232348003,-1.57314629258517,0.101935648546944,-0.0940643514530562
"39",2.51503006012024,-0.678038699924573,-1.57314629258517,0.101935648546944,-0.0940643514530562
"40",2.89579158316633,-0.555555390156264,-1.57314629258517,0.101935648546944,-0.0940643514530562
"41",3.43687374749499,-0.510494017186204,-1.57314629258517,0.101935648546944,-0.0940643514530562
"42",3.69739478957916,-0.46796680468736,-1.57314629258517,0.101935648546944,-0.0940643514530562
"43",3.79759519038076,-0.558163133995169,-1.57314629258517,0.101935648546944,-0.0940643514530562
"44",4.07815631262525,-0.387187744659517,-1.57314629258517,0.101935648546944,-0.0940643514530562
"45",4.25851703406814,-0.381032733613533,-1.57314629258517,0.101935648546944,-0.0940643514530562
"46",4.3186372745491,-0.241713545630744,-1.57314629258517,0.101935648546944,-0.0940643514530562
"47",4.4188376753507,-0.499655495915522,-1.57314629258517,0.101935648546944,-0.0940643514530562
"48",4.55911823647295,-0.465455292887227,-1.57314629258517,0.101935648546944,-0.0940643514530562
"49",4.67935871743487,-0.213910148667329,-1.57314629258517,0.101935648546944,-0.0940643514530562
"50",4.79959919839679,-0.487513712322266,-1.57314629258517,0.101935648546944,-0.0940643514530562
