"","x","yplot","target","ftrue","fwrong"
"1",-4.97995991983968,0.699134202482936,1.57314629258517,-0.593181790813946,-0.789181790813946
"2",-4.61923847695391,0.516655684037361,1.57314629258517,-0.593181790813946,-0.789181790813946
"3",-4.15831663326653,0.300093998078045,1.57314629258517,-0.593181790813946,-0.789181790813946
"4",-3.47695390781563,0.000488202637296986,1.57314629258517,-0.593181790813946,-0.789181790813946
"5",-3.45691382765531,0.363267687047992,1.57314629258517,-0.593181790813946,-0.789181790813946
"6",-2.374749498998,0.206690101357765,1.57314629258517,-0.593181790813946,-0.789181790813946
"7",-1.87374749498998,-0.0158696921800868,1.57314629258517,-0.593181790813946,-0.789181790813946
"8",-1.45290581162325,-0.0810347915545962,1.57314629258517,-0.593181790813946,-0.789181790813946
"9",-1.07214428857715,-0.156384051998633,1.57314629258517,-0.593181790813946,-0.789181790813946
"10",-0.811623246492986,-0.2723146610707,1.57314629258517,-0.593181790813946,-0.789181790813946
"11",0.591182364729459,-0.535715420828377,1.57314629258517,-0.593181790813946,-0.789181790813946
"12",0.611222444889779,-0.484838260529824,1.57314629258517,-0.593181790813946,-0.789181790813946
"13",0.651302605210421,-0.597409719041083,1.57314629258517,-0.593181790813946,-0.789181790813946
"14",0.771543086172344,-0.587429515154081,1.57314629258517,-0.593181790813946,-0.789181790813946
"15",0.851703406813627,-0.373817082212726,1.57314629258517,-0.593181790813946,-0.789181790813946
"16",1.01202404809619,-0.602552176533572,1.57314629258517,-0.593181790813946,-0.789181790813946
"17",1.13226452905812,-0.603788246071235,1.57314629258517,-0.593181790813946,-0.789181790813946
"18",1.25250501002004,-0.530258985232679,1.57314629258517,-0.593181790813946,-0.789181790813946
"19",1.27254509018036,-0.787214213453235,1.57314629258517,-0.593181790813946,-0.789181790813946
"20",1.35270541082164,-0.477414363991827,1.57314629258517,-0.593181790813946,-0.789181790813946
"21",1.37274549098196,-0.57102297011924,1.57314629258517,-0.593181790813946,-0.789181790813946
"22",1.45290581162325,-0.762512244726059,1.57314629258517,-0.593181790813946,-0.789181790813946
"23",1.51302605210421,-0.579217548803632,1.57314629258517,-0.593181790813946,-0.789181790813946
"24",1.71342685370741,-0.559869544276488,1.57314629258517,-0.593181790813946,-0.789181790813946
"25",1.73346693386774,-0.780264111263781,1.57314629258517,-0.593181790813946,-0.789181790813946
"26",1.81362725450902,-0.446149171822172,1.57314629258517,-0.593181790813946,-0.789181790813946
"27",1.83366733466934,-0.632925244039031,1.57314629258517,-0.593181790813946,-0.789181790813946
"28",1.87374749498998,-0.487117887851257,1.57314629258517,-0.593181790813946,-0.789181790813946
"29",1.8937875751503,-0.646774954628013,1.57314629258517,-0.593181790813946,-0.789181790813946
"30",1.97394789579158,-0.654972522512918,1.57314629258517,-0.593181790813946,-0.789181790813946
"31",2.01402805611222,-0.555214780680921,1.57314629258517,-0.593181790813946,-0.789181790813946
"32",2.15430861723447,-0.555845863760292,1.57314629258517,-0.593181790813946,-0.789181790813946
"33",2.23446893787575,-0.458058063458701,1.57314629258517,-0.593181790813946,-0.789181790813946
"34",2.25450901803607,-0.702018944057199,1.57314629258517,-0.593181790813946,-0.789181790813946
"35",2.29458917835671,-0.506795994902298,1.57314629258517,-0.593181790813946,-0.789181790813946
"36",2.33466933867735,-0.386694817329253,1.57314629258517,-0.593181790813946,-0.789181790813946
"37",2.374749498998,-0.565379859155833,1.57314629258517,-0.593181790813946,-0.789181790813946
"38",2.49498997995992,-0.330446060953261,1.57314629258517,-0.593181790813946,-0.789181790813946
"39",3.79759519038076,0.363121382422852,1.57314629258517,-0.593181790813946,-0.789181790813946
"40",4.69939879759519,0.688684737496006,1.57314629258517,-0.593181790813946,-0.789181790813946
