"","x","yplot","target","ftrue","fwrong"
"1",-4.87975951903808,-0.622664929849187,3.71743486973948,0.653768877832786,0.849768877832786
"2",-4.09819639278557,-0.617397481167895,3.71743486973948,0.653768877832786,0.849768877832786
"3",-3.79759519038076,-0.517696988241768,3.71743486973948,0.653768877832786,0.849768877832786
"4",-3.55711422845691,-0.50237187910391,3.71743486973948,0.653768877832786,0.849768877832786
"5",-3.1563126252505,-0.621417767196544,3.71743486973948,0.653768877832786,0.849768877832786
"6",-2.91583166332665,-0.304689529465114,3.71743486973948,0.653768877832786,0.849768877832786
"7",-2.61523046092184,-0.498688546172895,3.71743486973948,0.653768877832786,0.849768877832786
"8",-2.51503006012024,-0.597058410359932,3.71743486973948,0.653768877832786,0.849768877832786
"9",-2.41482965931864,-0.369465978712778,3.71743486973948,0.653768877832786,0.849768877832786
"10",-1.83366733466934,-0.468225206026293,3.71743486973948,0.653768877832786,0.849768877832786
"11",-1.59318637274549,-0.401237745590816,3.71743486973948,0.653768877832786,0.849768877832786
"12",-1.57314629258517,-0.398649736121858,3.71743486973948,0.653768877832786,0.849768877832786
"13",-1.35270541082164,-0.283221668933066,3.71743486973948,0.653768877832786,0.849768877832786
"14",-1.1122244488978,-0.278893133333635,3.71743486973948,0.653768877832786,0.849768877832786
"15",-0.0100200400801604,-0.0265066290296484,3.71743486973948,0.653768877832786,0.849768877832786
"16",0.0501002004008013,0.103976482806684,3.71743486973948,0.653768877832786,0.849768877832786
"17",0.170340681362725,0.0848625600935414,3.71743486973948,0.653768877832786,0.849768877832786
"18",0.230460921843687,-0.103350601467574,3.71743486973948,0.653768877832786,0.849768877832786
"19",0.410821643286573,0.0370421041461197,3.71743486973948,0.653768877832786,0.849768877832786
"20",1.2124248496994,0.0135295326162854,3.71743486973948,0.653768877832786,0.849768877832786
"21",2.71543086172345,0.609999944543595,3.71743486973948,0.653768877832786,0.849768877832786
"22",3.17635270541082,0.582409227415364,3.71743486973948,0.653768877832786,0.849768877832786
"23",3.21643286573146,0.451531575133501,3.71743486973948,0.653768877832786,0.849768877832786
"24",3.43687374749499,0.78902809135997,3.71743486973948,0.653768877832786,0.849768877832786
"25",3.59719438877755,0.575264563644536,3.71743486973948,0.653768877832786,0.849768877832786
"26",3.85771543086172,0.833466462353234,3.71743486973948,0.653768877832786,0.849768877832786
"27",3.99799599198397,0.629606531216813,3.71743486973948,0.653768877832786,0.849768877832786
"28",4.13827655310621,0.759708317511715,3.71743486973948,0.653768877832786,0.849768877832786
"29",4.29859719438878,0.595069045823074,3.71743486973948,0.653768877832786,0.849768877832786
"30",4.5190380761523,0.644863564326241,3.71743486973948,0.653768877832786,0.849768877832786
