"","x","yplot","target","ftrue","fwrong"
"1",-4.57915831663327,0.00383056806156731,-1.07214428857715,-0.688296939039923,-0.884296939039923
"2",-3.41683366733467,-0.285346563340153,-1.07214428857715,-0.688296939039923,-0.884296939039923
"3",-3.1563126252505,-0.43293192786717,-1.07214428857715,-0.688296939039923,-0.884296939039923
"4",-3.01603206412826,-0.444565853777613,-1.07214428857715,-0.688296939039923,-0.884296939039923
"5",-2.29458917835671,-0.598745153958007,-1.07214428857715,-0.688296939039923,-0.884296939039923
"6",-1.91382765531062,-0.849907634627328,-1.07214428857715,-0.688296939039923,-0.884296939039923
"7",-1.83366733466934,-0.758764385320572,-1.07214428857715,-0.688296939039923,-0.884296939039923
"8",-1.81362725450902,-0.831502645225,-1.07214428857715,-0.688296939039923,-0.884296939039923
"9",-1.69338677354709,-0.681993495451059,-1.07214428857715,-0.688296939039923,-0.884296939039923
"10",-1.67334669338677,-0.685974603208252,-1.07214428857715,-0.688296939039923,-0.884296939039923
"11",-1.63326653306613,-0.69514208529234,-1.07214428857715,-0.688296939039923,-0.884296939039923
"12",-1.59318637274549,-0.880394125364654,-1.07214428857715,-0.688296939039923,-0.884296939039923
"13",-1.51302605210421,-0.687682071988747,-1.07214428857715,-0.688296939039923,-0.884296939039923
"14",-1.41282565130261,-0.631183086105195,-1.07214428857715,-0.688296939039923,-0.884296939039923
"15",-1.37274549098196,-0.619433365202484,-1.07214428857715,-0.688296939039923,-0.884296939039923
"16",-1.27254509018036,-0.594802023354121,-1.07214428857715,-0.688296939039923,-0.884296939039923
"17",-1.19238476953908,-0.882813446155332,-1.07214428857715,-0.688296939039923,-0.884296939039923
"18",-1.13226452905812,-0.781132747714453,-1.07214428857715,-0.688296939039923,-0.884296939039923
"19",-1.1122244488978,-0.711531743708453,-1.07214428857715,-0.688296939039923,-0.884296939039923
"20",-1.03206412825651,-0.742206168201045,-1.07214428857715,-0.688296939039923,-0.884296939039923
"21",-0.991983967935872,-0.588731153792712,-1.07214428857715,-0.688296939039923,-0.884296939039923
"22",-0.93186372745491,-0.731881866260193,-1.07214428857715,-0.688296939039923,-0.884296939039923
"23",-0.751503006012024,-0.59696699981196,-1.07214428857715,-0.688296939039923,-0.884296939039923
"24",-0.671342685370742,-0.598719405531236,-1.07214428857715,-0.688296939039923,-0.884296939039923
"25",-0.651302605210421,-0.599828683910945,-1.07214428857715,-0.688296939039923,-0.884296939039923
"26",-0.61122244488978,-0.670365320242732,-1.07214428857715,-0.688296939039923,-0.884296939039923
"27",-0.591182364729459,-0.797887469809462,-1.07214428857715,-0.688296939039923,-0.884296939039923
"28",-0.490981963927856,-0.405920063077594,-1.07214428857715,-0.688296939039923,-0.884296939039923
"29",-0.350701402805611,-0.565371937924014,-1.07214428857715,-0.688296939039923,-0.884296939039923
"30",-0.250501002004008,-0.429971741378316,-1.07214428857715,-0.688296939039923,-0.884296939039923
"31",-0.210420841683367,-0.308743507058094,-1.07214428857715,-0.688296939039923,-0.884296939039923
"32",-0.150300601202405,-0.473799476208392,-1.07214428857715,-0.688296939039923,-0.884296939039923
"33",-0.0901803607214431,-0.388365233980346,-1.07214428857715,-0.688296939039923,-0.884296939039923
"34",0.250501002004007,-0.221543442381957,-1.07214428857715,-0.688296939039923,-0.884296939039923
"35",0.751503006012024,0.197510960229625,-1.07214428857715,-0.688296939039923,-0.884296939039923
"36",1.19238476953908,0.324417362626436,-1.07214428857715,-0.688296939039923,-0.884296939039923
"37",1.61322645290581,0.590709372048696,-1.07214428857715,-0.688296939039923,-0.884296939039923
"38",1.77354709418838,0.495323172330565,-1.07214428857715,-0.688296939039923,-0.884296939039923
"39",1.8937875751503,0.605393195101406,-1.07214428857715,-0.688296939039923,-0.884296939039923
"40",4.05811623246493,0.40747341798934,-1.07214428857715,-0.688296939039923,-0.884296939039923
