"","x","yplot","target","ftrue","fwrong"
"1",-4.53907815631263,0.193127159889548,3.67735470941884,-0.163390845234908,0.0326091547650923
"2",-4.23847695390782,0.181991517072374,3.67735470941884,-0.163390845234908,0.0326091547650923
"3",-3.33667334669339,-0.290013407765521,3.67735470941884,-0.163390845234908,0.0326091547650923
"4",-2.97595190380762,-0.480131973973844,3.67735470941884,-0.163390845234908,0.0326091547650923
"5",-2.79559118236473,-0.453192308682374,3.67735470941884,-0.163390845234908,0.0326091547650923
"6",-2.73547094188377,-0.468526562426607,3.67735470941884,-0.163390845234908,0.0326091547650923
"7",-2.49498997995992,-0.769114302866209,3.67735470941884,-0.163390845234908,0.0326091547650923
"8",-2.31462925851703,-0.810318352763307,3.67735470941884,-0.163390845234908,0.0326091547650923
"9",-1.63326653306613,-0.642821412855534,3.67735470941884,-0.163390845234908,0.0326091547650923
"10",-1.61322645290581,-0.5128215899342,3.67735470941884,-0.163390845234908,0.0326091547650923
"11",-0.831663326653307,-0.484545539840502,3.67735470941884,-0.163390845234908,0.0326091547650923
"12",-0.350701402805611,-0.555285626248739,3.67735470941884,-0.163390845234908,0.0326091547650923
"13",-0.31062124248497,-0.322644113135883,3.67735470941884,-0.163390845234908,0.0326091547650923
"14",-0.130260521042084,-0.608610773047272,3.67735470941884,-0.163390845234908,0.0326091547650923
"15",-0.0901803607214431,-0.419180273269142,3.67735470941884,-0.163390845234908,0.0326091547650923
"16",-0.0501002004008022,-0.597413304313056,3.67735470941884,-0.163390845234908,0.0326091547650923
"17",0.871743486973948,-0.835980268742699,3.67735470941884,-0.163390845234908,0.0326091547650923
"18",0.911823647294589,-0.689632278367856,3.67735470941884,-0.163390845234908,0.0326091547650923
"19",1.2124248496994,-0.912726003221451,3.67735470941884,-0.163390845234908,0.0326091547650923
"20",1.312625250501,-0.882236015251099,3.67735470941884,-0.163390845234908,0.0326091547650923
"21",1.81362725450902,-0.94719928079801,3.67735470941884,-0.163390845234908,0.0326091547650923
"22",2.27454909819639,-0.498660996951722,3.67735470941884,-0.163390845234908,0.0326091547650923
"23",2.59519038076152,-0.429113519246738,3.67735470941884,-0.163390845234908,0.0326091547650923
"24",2.65531062124249,-0.506798497355357,3.67735470941884,-0.163390845234908,0.0326091547650923
"25",2.67535070140281,-0.381515126137296,3.67735470941884,-0.163390845234908,0.0326091547650923
"26",2.69539078156313,-0.383622754339437,3.67735470941884,-0.163390845234908,0.0326091547650923
"27",2.91583166332665,-0.294241952781448,3.67735470941884,-0.163390845234908,0.0326091547650923
"28",3.19639278557114,-0.256208464331727,3.67735470941884,-0.163390845234908,0.0326091547650923
"29",3.23647294589178,-0.394506025684642,3.67735470941884,-0.163390845234908,0.0326091547650923
"30",3.33667334669339,-0.155067902612457,3.67735470941884,-0.163390845234908,0.0326091547650923
"31",3.47695390781563,-0.173558394886359,3.67735470941884,-0.163390845234908,0.0326091547650923
"32",3.61723446893788,-0.118686015782903,3.67735470941884,-0.163390845234908,0.0326091547650923
"33",3.7374749498998,-0.103961978333156,3.67735470941884,-0.163390845234908,0.0326091547650923
"34",3.8376753507014,0.0044008690553983,3.67735470941884,-0.163390845234908,0.0326091547650923
"35",4.25851703406814,-0.0919397606729665,3.67735470941884,-0.163390845234908,0.0326091547650923
"36",4.33867735470942,-0.0449579209910777,3.67735470941884,-0.163390845234908,0.0326091547650923
"37",4.39879759519038,-0.137864148283512,3.67735470941884,-0.163390845234908,0.0326091547650923
"38",4.79959919839679,-0.11310934045611,3.67735470941884,-0.163390845234908,0.0326091547650923
"39",4.81963927855711,-0.046472069558842,3.67735470941884,-0.163390845234908,0.0326091547650923
"40",5,-0.381518241259933,3.67735470941884,-0.163390845234908,0.0326091547650923
