"","x","yplot","target","ftrue","fwrong"
"1",-4.65931863727455,0.590934481249966,-3.41683366733467,0.48683428648623,0.29083428648623
"2",-4.53907815631263,0.508626152008711,-3.41683366733467,0.48683428648623,0.29083428648623
"3",-4.05811623246493,0.491583370137975,-3.41683366733467,0.48683428648623,0.29083428648623
"4",-3.57715430861723,0.519561288528224,-3.41683366733467,0.48683428648623,0.29083428648623
"5",-3.21643286573146,0.665519973872815,-3.41683366733467,0.48683428648623,0.29083428648623
"6",-2.03406813627255,0.507487981270699,-3.41683366733467,0.48683428648623,0.29083428648623
"7",-1.8937875751503,0.600535022914221,-3.41683366733467,0.48683428648623,0.29083428648623
"8",0.971943887775551,0.323436616054715,-3.41683366733467,0.48683428648623,0.29083428648623
"9",1.69338677354709,0.301724030007012,-3.41683366733467,0.48683428648623,0.29083428648623
"10",2.41482965931864,-0.175696553028844,-3.41683366733467,0.48683428648623,0.29083428648623
