"","x","yplot","target","ftrue","fwrong"
"1",-2.39478957915832,0.161742863288881,-0.270541082164329,-0.222692502453028,-0.418692502453028
"2",-1.2124248496994,0.0922989489890525,-0.270541082164329,-0.222692502453028,-0.418692502453028
"3",-0.0901803607214431,-0.330390041244011,-0.270541082164329,-0.222692502453028,-0.418692502453028
"4",-0.0300601202404813,-0.237649117098223,-0.270541082164329,-0.222692502453028,-0.418692502453028
"5",0.130260521042084,-0.38010248227866,-0.270541082164329,-0.222692502453028,-0.418692502453028
"6",0.230460921843687,-0.0517969453966664,-0.270541082164329,-0.222692502453028,-0.418692502453028
"7",0.270541082164328,-0.403837827293529,-0.270541082164329,-0.222692502453028,-0.418692502453028
"8",0.350701402805611,-0.235526236579615,-0.270541082164329,-0.222692502453028,-0.418692502453028
"9",2.83567134268537,-0.541028936151956,-0.270541082164329,-0.222692502453028,-0.418692502453028
"10",3.45691382765531,-0.521798166781671,-0.270541082164329,-0.222692502453028,-0.418692502453028
