"","x","yplot","target","ftrue","fwrong"
"1",-4.85971943887776,0.248479222626463,-3.87775551102204,0.160356436732469,-0.0356435632675307
"2",-4.57915831663327,0.231701307540052,-3.87775551102204,0.160356436732469,-0.0356435632675307
"3",-4.47895791583166,0.233532626662854,-3.87775551102204,0.160356436732469,-0.0356435632675307
"4",-4.4188376753507,0.358401952576104,-3.87775551102204,0.160356436732469,-0.0356435632675307
"5",-4.35871743486974,0.238386438031698,-3.87775551102204,0.160356436732469,-0.0356435632675307
"6",-4.13827655310621,0.179621974022367,-3.87775551102204,0.160356436732469,-0.0356435632675307
"7",-4.11823647294589,0.188413966598079,-3.87775551102204,0.160356436732469,-0.0356435632675307
"8",-4.03807615230461,0.255309047807687,-3.87775551102204,0.160356436732469,-0.0356435632675307
"9",-3.7374749498998,0.109520158157261,-3.87775551102204,0.160356436732469,-0.0356435632675307
"10",-3.69739478957916,0.0314783335183093,-3.87775551102204,0.160356436732469,-0.0356435632675307
"11",-3.67735470941884,0.0761011068934655,-3.87775551102204,0.160356436732469,-0.0356435632675307
"12",-3.65731462925852,0.10347988919928,-3.87775551102204,0.160356436732469,-0.0356435632675307
"13",-3.61723446893788,0.0296053994296801,-3.87775551102204,0.160356436732469,-0.0356435632675307
"14",-3.45691382765531,0.0956292682479841,-3.87775551102204,0.160356436732469,-0.0356435632675307
"15",-3.41683366733467,0.10734470490392,-3.87775551102204,0.160356436732469,-0.0356435632675307
"16",-3.39679358717435,0.104901269648953,-3.87775551102204,0.160356436732469,-0.0356435632675307
"17",-3.33667334669339,0.119062771999388,-3.87775551102204,0.160356436732469,-0.0356435632675307
"18",-3.21643286573146,0.0545146479073847,-3.87775551102204,0.160356436732469,-0.0356435632675307
"19",-3.17635270541082,0.19223610543681,-3.87775551102204,0.160356436732469,-0.0356435632675307
"20",-3.13627254509018,-0.0463328609129504,-3.87775551102204,0.160356436732469,-0.0356435632675307
"21",-2.91583166332665,-0.00841705178731292,-3.87775551102204,0.160356436732469,-0.0356435632675307
"22",-2.67535070140281,-0.0224286089945061,-3.87775551102204,0.160356436732469,-0.0356435632675307
"23",-2.63527054108216,0.0159137743056015,-3.87775551102204,0.160356436732469,-0.0356435632675307
"24",-2.27454909819639,-0.16499050475573,-3.87775551102204,0.160356436732469,-0.0356435632675307
"25",0.731462925851703,-0.303693015990006,-3.87775551102204,0.160356436732469,-0.0356435632675307
"26",0.751503006012024,-0.570763685513005,-3.87775551102204,0.160356436732469,-0.0356435632675307
"27",2.07414829659319,-0.213245555029825,-3.87775551102204,0.160356436732469,-0.0356435632675307
"28",3.01603206412826,-0.673252856638773,-3.87775551102204,0.160356436732469,-0.0356435632675307
"29",4.5190380761523,-0.753487420948425,-3.87775551102204,0.160356436732469,-0.0356435632675307
"30",4.53907815631263,-0.898648152085114,-3.87775551102204,0.160356436732469,-0.0356435632675307
