"","x","yplot","target","ftrue","fwrong"
"1",-3.93787575150301,0.312450000067686,-1.8937875751503,0.00122788513273678,-0.194772114867263
"2",-2.81563126252505,0.0475455035936032,-1.8937875751503,0.00122788513273678,-0.194772114867263
"3",-2.01402805611222,-0.0348784456086848,-1.8937875751503,0.00122788513273678,-0.194772114867263
"4",-1.29258517034068,-0.00912111118901951,-1.8937875751503,0.00122788513273678,-0.194772114867263
"5",-0.671342685370742,-0.28332905382685,-1.8937875751503,0.00122788513273678,-0.194772114867263
"6",-0.390781563126253,-0.545964551837154,-1.8937875751503,0.00122788513273678,-0.194772114867263
"7",-0.210420841683367,-0.279588227548624,-1.8937875751503,0.00122788513273678,-0.194772114867263
"8",2.31462925851703,-0.938535425877626,-1.8937875751503,0.00122788513273678,-0.194772114867263
"9",2.55511022044088,-0.845642550397055,-1.8937875751503,0.00122788513273678,-0.194772114867263
"10",2.93587174348697,-0.892439083632267,-1.8937875751503,0.00122788513273678,-0.194772114867263
