"","x","yplot","target","ftrue","fwrong"
"1",-4.93987975951904,0.255328729005864,1.17234468937876,-0.539313480599919,-0.343313480599919
"2",-4.49899799599198,0.271913472292351,1.17234468937876,-0.539313480599919,-0.343313480599919
"3",-4.15831663326653,0.320906966619473,1.17234468937876,-0.539313480599919,-0.343313480599919
"4",-3.91783567134269,0.353601021735969,1.17234468937876,-0.539313480599919,-0.343313480599919
"5",-3.47695390781563,0.213165264026794,1.17234468937876,-0.539313480599919,-0.343313480599919
"6",-3.37675350701403,0.31009435864143,1.17234468937876,-0.539313480599919,-0.343313480599919
"7",-2.97595190380762,0.0227099946389985,1.17234468937876,-0.539313480599919,-0.343313480599919
"8",-2.95591182364729,0.0589117794356104,1.17234468937876,-0.539313480599919,-0.343313480599919
"9",-2.27454909819639,-0.294198921155297,1.17234468937876,-0.539313480599919,-0.343313480599919
"10",-1.9939879759519,-0.288950588970457,1.17234468937876,-0.539313480599919,-0.343313480599919
"11",-1.55310621242485,-0.457918377918263,1.17234468937876,-0.539313480599919,-0.343313480599919
"12",-1.43286573146293,-0.490157363483081,1.17234468937876,-0.539313480599919,-0.343313480599919
"13",-1.23246492985972,-0.503263029954064,1.17234468937876,-0.539313480599919,-0.343313480599919
"14",-0.250501002004008,-0.624513689061648,1.17234468937876,-0.539313480599919,-0.343313480599919
"15",-0.0701402805611222,-0.360756034976781,1.17234468937876,-0.539313480599919,-0.343313480599919
"16",0.170340681362725,-0.751840698586793,1.17234468937876,-0.539313480599919,-0.343313480599919
"17",0.290581162324649,-0.426331238559299,1.17234468937876,-0.539313480599919,-0.343313480599919
"18",0.531062124248497,-0.665556410373751,1.17234468937876,-0.539313480599919,-0.343313480599919
"19",0.851703406813627,-0.508632265478402,1.17234468937876,-0.539313480599919,-0.343313480599919
"20",1.19238476953908,-0.59606522161747,1.17234468937876,-0.539313480599919,-0.343313480599919
"21",1.312625250501,-0.588574519204121,1.17234468937876,-0.539313480599919,-0.343313480599919
"22",1.43286573146293,-0.477020898160346,1.17234468937876,-0.539313480599919,-0.343313480599919
"23",1.45290581162325,-0.403160715068426,1.17234468937876,-0.539313480599919,-0.343313480599919
"24",1.49298597194389,-0.546091591044556,1.17234468937876,-0.539313480599919,-0.343313480599919
"25",1.63326653306613,-0.54762560117217,1.17234468937876,-0.539313480599919,-0.343313480599919
"26",1.65330661322645,-0.446784336045594,1.17234468937876,-0.539313480599919,-0.343313480599919
"27",1.9939879759519,-0.590682150693601,1.17234468937876,-0.539313480599919,-0.343313480599919
"28",2.13426853707415,-0.497056639574917,1.17234468937876,-0.539313480599919,-0.343313480599919
"29",2.29458917835671,-0.429914588063027,1.17234468937876,-0.539313480599919,-0.343313480599919
"30",2.35470941883768,-0.598218189366905,1.17234468937876,-0.539313480599919,-0.343313480599919
"31",2.53507014028056,-0.469188050353387,1.17234468937876,-0.539313480599919,-0.343313480599919
"32",2.55511022044088,-0.451496611218433,1.17234468937876,-0.539313480599919,-0.343313480599919
"33",3.23647294589178,-0.72961015773047,1.17234468937876,-0.539313480599919,-0.343313480599919
"34",3.71743486973948,-0.746287968567683,1.17234468937876,-0.539313480599919,-0.343313480599919
"35",3.93787575150301,-0.86064733824255,1.17234468937876,-0.539313480599919,-0.343313480599919
"36",3.97795591182365,-0.775369555952785,1.17234468937876,-0.539313480599919,-0.343313480599919
"37",4.01803607214429,-0.699480804958717,1.17234468937876,-0.539313480599919,-0.343313480599919
"38",4.13827655310621,-0.61433748149523,1.17234468937876,-0.539313480599919,-0.343313480599919
"39",4.25851703406814,-0.802728188404806,1.17234468937876,-0.539313480599919,-0.343313480599919
"40",4.63927855711423,-0.647821912336927,1.17234468937876,-0.539313480599919,-0.343313480599919
