"","x","yplot","target","ftrue","fwrong"
"1",-3.55711422845691,0.312951284742379,-1.41282565130261,0.429633666450533,0.625633666450533
"2",-2.65531062124249,0.30239732615226,-1.41282565130261,0.429633666450533,0.625633666450533
"3",-2.33466933867735,0.282537271091205,-1.41282565130261,0.429633666450533,0.625633666450533
"4",-2.23446893787575,0.35301616090489,-1.41282565130261,0.429633666450533,0.625633666450533
"5",-2.17434869739479,0.356159024330399,-1.41282565130261,0.429633666450533,0.625633666450533
"6",-2.09418837675351,0.425020917839388,-1.41282565130261,0.429633666450533,0.625633666450533
"7",-2.03406813627255,0.477243611733415,-1.41282565130261,0.429633666450533,0.625633666450533
"8",-1.93386773547094,0.282124203524402,-1.41282565130261,0.429633666450533,0.625633666450533
"9",-1.85370741482966,0.488488844449018,-1.41282565130261,0.429633666450533,0.625633666450533
"10",-1.77354709418838,0.467149660448913,-1.41282565130261,0.429633666450533,0.625633666450533
"11",-1.69338677354709,0.369711501678966,-1.41282565130261,0.429633666450533,0.625633666450533
"12",-1.67334669338677,0.249016604180596,-1.41282565130261,0.429633666450533,0.625633666450533
"13",-1.41282565130261,0.2695126529808,-1.41282565130261,0.429633666450533,0.625633666450533
"14",-1.39278557114228,0.453935088735516,-1.41282565130261,0.429633666450533,0.625633666450533
"15",-1.37274549098196,0.519579820275479,-1.41282565130261,0.429633666450533,0.625633666450533
"16",-1.27254509018036,0.449503674446858,-1.41282565130261,0.429633666450533,0.625633666450533
"17",-1.23246492985972,0.395312145626132,-1.41282565130261,0.429633666450533,0.625633666450533
"18",-1.19238476953908,0.655481527633517,-1.41282565130261,0.429633666450533,0.625633666450533
"19",-1.13226452905812,0.268143181520151,-1.41282565130261,0.429633666450533,0.625633666450533
"20",-1.1122244488978,0.426275029680616,-1.41282565130261,0.429633666450533,0.625633666450533
"21",-1.09218436873748,0.519848301860414,-1.41282565130261,0.429633666450533,0.625633666450533
"22",-1.05210420841683,0.508843771002627,-1.41282565130261,0.429633666450533,0.625633666450533
"23",-1.03206412825651,0.543515559730609,-1.41282565130261,0.429633666450533,0.625633666450533
"24",-0.991983967935872,0.547180242131448,-1.41282565130261,0.429633666450533,0.625633666450533
"25",-0.95190380761523,0.548459777029396,-1.41282565130261,0.429633666450533,0.625633666450533
"26",-0.851703406813628,0.639919686580261,-1.41282565130261,0.429633666450533,0.625633666450533
"27",-0.751503006012024,0.582327893756902,-1.41282565130261,0.429633666450533,0.625633666450533
"28",-0.631262525050101,0.566041446624902,-1.41282565130261,0.429633666450533,0.625633666450533
"29",-0.571142284569138,0.677173508707835,-1.41282565130261,0.429633666450533,0.625633666450533
"30",-0.430861723446894,0.533523903787024,-1.41282565130261,0.429633666450533,0.625633666450533
"31",-0.150300601202405,0.614223022736521,-1.41282565130261,0.429633666450533,0.625633666450533
"32",0.490981963927855,0.522708071841995,-1.41282565130261,0.429633666450533,0.625633666450533
"33",0.871743486973948,0.630754856896227,-1.41282565130261,0.429633666450533,0.625633666450533
"34",1.93386773547094,-0.0952443370281634,-1.41282565130261,0.429633666450533,0.625633666450533
"35",2.09418837675351,-0.224863766509499,-1.41282565130261,0.429633666450533,0.625633666450533
"36",2.19438877755511,-0.331411401149226,-1.41282565130261,0.429633666450533,0.625633666450533
"37",2.4749498997996,-0.30774113378322,-1.41282565130261,0.429633666450533,0.625633666450533
"38",4.15831663326653,-0.937010064563474,-1.41282565130261,0.429633666450533,0.625633666450533
"39",4.67935871743487,-0.973533422164022,-1.41282565130261,0.429633666450533,0.625633666450533
"40",4.79959919839679,-0.864954790428327,-1.41282565130261,0.429633666450533,0.625633666450533
