"","x","yplot","target","ftrue","fwrong"
"1",-4.69939879759519,0.956362084864723,3.41683366733467,-0.693507804774455,-0.889507804774454
"2",-4.37875751503006,0.817733165476044,3.41683366733467,-0.693507804774455,-0.889507804774454
"3",-3.81763527054108,0.735451093484025,3.41683366733467,-0.693507804774455,-0.889507804774454
"4",-2.95591182364729,0.0150351781195132,3.41683366733467,-0.693507804774455,-0.889507804774454
"5",-2.05410821643287,-0.390525927964272,3.41683366733467,-0.693507804774455,-0.889507804774454
"6",-1.45290581162325,-0.348793184430267,3.41683366733467,-0.693507804774455,-0.889507804774454
"7",-1.27254509018036,-0.327133289533101,3.41683366733467,-0.693507804774455,-0.889507804774454
"8",-0.91182364729459,-0.482490406377297,3.41683366733467,-0.693507804774455,-0.889507804774454
"9",-0.490981963927856,-0.308432428326258,3.41683366733467,-0.693507804774455,-0.889507804774454
"10",-0.370741482965932,-0.170571490275265,3.41683366733467,-0.693507804774455,-0.889507804774454
"11",0.430861723446894,-0.0150881725603858,3.41683366733467,-0.693507804774455,-0.889507804774454
"12",2.41482965931864,-0.408450045244255,3.41683366733467,-0.693507804774455,-0.889507804774454
"13",2.43486973947896,-0.360633682939683,3.41683366733467,-0.693507804774455,-0.889507804774454
"14",2.51503006012024,-0.56186733568827,3.41683366733467,-0.693507804774455,-0.889507804774454
"15",2.55511022044088,-0.422450436048335,3.41683366733467,-0.693507804774455,-0.889507804774454
"16",2.67535070140281,-0.499798257626203,3.41683366733467,-0.693507804774455,-0.889507804774454
"17",2.77555110220441,-0.693240587463542,3.41683366733467,-0.693507804774455,-0.889507804774454
"18",2.79559118236473,-0.739117304471163,3.41683366733467,-0.693507804774455,-0.889507804774454
"19",2.83567134268537,-0.59627633407331,3.41683366733467,-0.693507804774455,-0.889507804774454
"20",2.87575150300601,-0.454831933044568,3.41683366733467,-0.693507804774455,-0.889507804774454
"21",2.89579158316633,-0.608772649378309,3.41683366733467,-0.693507804774455,-0.889507804774454
"22",2.97595190380761,-0.523407420450397,3.41683366733467,-0.693507804774455,-0.889507804774454
"23",3.03607214428858,-0.588102432201688,3.41683366733467,-0.693507804774455,-0.889507804774454
"24",3.19639278557114,-0.776664939290912,3.41683366733467,-0.693507804774455,-0.889507804774454
"25",3.21643286573146,-0.68563929425321,3.41683366733467,-0.693507804774455,-0.889507804774454
"26",3.2565130260521,-0.802419895278195,3.41683366733467,-0.693507804774455,-0.889507804774454
"27",3.27655310621243,-0.528779309799128,3.41683366733467,-0.693507804774455,-0.889507804774454
"28",3.31663326653307,-0.6844466529267,3.41683366733467,-0.693507804774455,-0.889507804774454
"29",3.39679358717435,-0.688727580894256,3.41683366733467,-0.693507804774455,-0.889507804774454
"30",3.41683366733467,-0.664130868141536,3.41683366733467,-0.693507804774455,-0.889507804774454
"31",3.49699398797595,-0.582409679356624,3.41683366733467,-0.693507804774455,-0.889507804774454
"32",3.53707414829659,-0.698764607742015,3.41683366733467,-0.693507804774455,-0.889507804774454
"33",3.65731462925852,-0.526939474756254,3.41683366733467,-0.693507804774455,-0.889507804774454
"34",3.75751503006012,-0.741668518807301,3.41683366733467,-0.693507804774455,-0.889507804774454
"35",3.93787575150301,-1.02258749430749,3.41683366733467,-0.693507804774455,-0.889507804774454
"36",4.05811623246493,-0.921488566939993,3.41683366733467,-0.693507804774455,-0.889507804774454
"37",4.09819639278557,-0.880976233352904,3.41683366733467,-0.693507804774455,-0.889507804774454
"38",4.17835671342685,-0.962965007291585,3.41683366733467,-0.693507804774455,-0.889507804774454
"39",4.29859719438878,-0.910201536909502,3.41683366733467,-0.693507804774455,-0.889507804774454
"40",4.39879759519038,-0.844318569105708,3.41683366733467,-0.693507804774455,-0.889507804774454
