"","x","yplot","target","ftrue","fwrong"
"1",-4.87975951903808,-0.953250587788686,1.15230460921844,-0.330283090695989,-0.526283090695989
"2",-4.83967935871743,-1.08038288209677,1.15230460921844,-0.330283090695989,-0.526283090695989
"3",-4.81963927855711,-0.961280956344979,1.15230460921844,-0.330283090695989,-0.526283090695989
"4",-4.25851703406814,-1.04276992817452,1.15230460921844,-0.330283090695989,-0.526283090695989
"5",-3.8376753507014,-1.06958563344042,1.15230460921844,-0.330283090695989,-0.526283090695989
"6",-3.33667334669339,-0.940633685293301,1.15230460921844,-0.330283090695989,-0.526283090695989
"7",-3.23647294589178,-1.10857661955603,1.15230460921844,-0.330283090695989,-0.526283090695989
"8",-2.85571142284569,-0.888287141983326,1.15230460921844,-0.330283090695989,-0.526283090695989
"9",-2.67535070140281,-1.18705432503736,1.15230460921844,-0.330283090695989,-0.526283090695989
"10",-2.55511022044088,-0.995357771003475,1.15230460921844,-0.330283090695989,-0.526283090695989
"11",-2.35470941883768,-0.996226635561347,1.15230460921844,-0.330283090695989,-0.526283090695989
"12",-2.15430861723447,-0.875997845516371,1.15230460921844,-0.330283090695989,-0.526283090695989
"13",-2.05410821643287,-0.840239908646697,1.15230460921844,-0.330283090695989,-0.526283090695989
"14",-2.01402805611222,-1.08522540580506,1.15230460921844,-0.330283090695989,-0.526283090695989
"15",-1.95390781563126,-0.946402021848992,1.15230460921844,-0.330283090695989,-0.526283090695989
"16",-1.83366733466934,-0.87575995593969,1.15230460921844,-0.330283090695989,-0.526283090695989
"17",-1.53306613226453,-0.647548531011231,1.15230460921844,-0.330283090695989,-0.526283090695989
"18",-1.27254509018036,-0.843237782153539,1.15230460921844,-0.330283090695989,-0.526283090695989
"19",-1.15230460921844,-0.815716758529202,1.15230460921844,-0.330283090695989,-0.526283090695989
"20",-0.61122244488978,-0.735056295423329,1.15230460921844,-0.330283090695989,-0.526283090695989
"21",0.430861723446894,-0.582703706449948,1.15230460921844,-0.330283090695989,-0.526283090695989
"22",0.651302605210421,-0.549872719347933,1.15230460921844,-0.330283090695989,-0.526283090695989
"23",1.05210420841683,-0.207696792136788,1.15230460921844,-0.330283090695989,-0.526283090695989
"24",1.07214428857715,-0.287342531115879,1.15230460921844,-0.330283090695989,-0.526283090695989
"25",1.43286573146293,-0.378484431359099,1.15230460921844,-0.330283090695989,-0.526283090695989
"26",1.57314629258517,-0.0529498091773267,1.15230460921844,-0.330283090695989,-0.526283090695989
"27",1.63326653306613,-0.258459270849444,1.15230460921844,-0.330283090695989,-0.526283090695989
"28",1.71342685370741,-0.0515450185675988,1.15230460921844,-0.330283090695989,-0.526283090695989
"29",1.75350701402806,0.0358109681073156,1.15230460921844,-0.330283090695989,-0.526283090695989
"30",1.85370741482966,-0.0717728868756006,1.15230460921844,-0.330283090695989,-0.526283090695989
"31",1.95390781563126,-0.178093791251145,1.15230460921844,-0.330283090695989,-0.526283090695989
"32",1.9939879759519,-0.25223013226202,1.15230460921844,-0.330283090695989,-0.526283090695989
"33",2.31462925851703,-0.131264628998958,1.15230460921844,-0.330283090695989,-0.526283090695989
"34",2.39478957915832,0.0437127622039622,1.15230460921844,-0.330283090695989,-0.526283090695989
"35",2.91583166332665,0.231485698866227,1.15230460921844,-0.330283090695989,-0.526283090695989
"36",2.99599198396794,0.300236524761602,1.15230460921844,-0.330283090695989,-0.526283090695989
"37",3.45691382765531,0.328891695593859,1.15230460921844,-0.330283090695989,-0.526283090695989
"38",3.77755511022044,0.444816863916306,1.15230460921844,-0.330283090695989,-0.526283090695989
"39",3.95791583166333,0.673630801024956,1.15230460921844,-0.330283090695989,-0.526283090695989
"40",4.25851703406814,0.545702516232465,1.15230460921844,-0.330283090695989,-0.526283090695989
