"","x","yplot","target","ftrue","fwrong"
"1",-4.29859719438878,0.420731127552868,-0.671342685370742,0.0715678516423887,0.267567851642389
"2",-3.49699398797595,-0.0388468858772871,-0.671342685370742,0.0715678516423887,0.267567851642389
"3",-3.11623246492986,-0.35945791096063,-0.671342685370742,0.0715678516423887,0.267567851642389
"4",-2.81563126252505,-0.347973016272608,-0.671342685370742,0.0715678516423887,0.267567851642389
"5",-1.65330661322645,-0.256317106844666,-0.671342685370742,0.0715678516423887,0.267567851642389
"6",-1.63326653306613,-0.292242717531685,-0.671342685370742,0.0715678516423887,0.267567851642389
"7",-1.59318637274549,-0.368236778728885,-0.671342685370742,0.0715678516423887,0.267567851642389
"8",-1.35270541082164,-0.238864511081776,-0.671342685370742,0.0715678516423887,0.267567851642389
"9",-1.312625250501,-0.0598161846434789,-0.671342685370742,0.0715678516423887,0.267567851642389
"10",-1.15230460921844,-0.215568789774473,-0.671342685370742,0.0715678516423887,0.267567851642389
"11",-1.07214428857715,-0.0383875822707546,-0.671342685370742,0.0715678516423887,0.267567851642389
"12",-1.03206412825651,0.0511809049794795,-0.671342685370742,0.0715678516423887,0.267567851642389
"13",-0.831663326653307,0.00863154093528212,-0.671342685370742,0.0715678516423887,0.267567851642389
"14",-0.0901803607214431,0.287498904771991,-0.671342685370742,0.0715678516423887,0.267567851642389
"15",-0.0701402805611222,0.291371442376452,-0.671342685370742,0.0715678516423887,0.267567851642389
"16",-0.0100200400801604,0.303585303368821,-0.671342685370742,0.0715678516423887,0.267567851642389
"17",0.0901803607214431,0.330420364725958,-0.671342685370742,0.0715678516423887,0.267567851642389
"18",0.190380761523046,0.2985934537487,-0.671342685370742,0.0715678516423887,0.267567851642389
"19",2.41482965931864,-0.405603992599449,-0.671342685370742,0.0715678516423887,0.267567851642389
"20",4.35871743486974,-0.406880332592805,-0.671342685370742,0.0715678516423887,0.267567851642389
