"","x","yplot","target","ftrue","fwrong"
"1",-4.61923847695391,0.602488852759879,4.63927855711423,-0.14247265053577,-0.33847265053577
"2",-4.47895791583166,0.567214785241118,4.63927855711423,-0.14247265053577,-0.33847265053577
"3",-4.4188376753507,0.559564549799415,4.63927855711423,-0.14247265053577,-0.33847265053577
"4",-4.39879759519038,0.492274236144743,4.63927855711423,-0.14247265053577,-0.33847265053577
"5",-3.91783567134269,0.567654555181261,4.63927855711423,-0.14247265053577,-0.33847265053577
"6",-3.81763527054108,0.667630584180474,4.63927855711423,-0.14247265053577,-0.33847265053577
"7",-3.59719438877756,0.43639127886564,4.63927855711423,-0.14247265053577,-0.33847265053577
"8",-3.09619238476954,0.506692449994029,4.63927855711423,-0.14247265053577,-0.33847265053577
"9",-3.07615230460922,0.182355985387668,4.63927855711423,-0.14247265053577,-0.33847265053577
"10",-2.41482965931864,0.177007153340184,4.63927855711423,-0.14247265053577,-0.33847265053577
"11",-1.87374749498998,0.205833121439535,4.63927855711423,-0.14247265053577,-0.33847265053577
"12",-1.81362725450902,0.0956428917221719,4.63927855711423,-0.14247265053577,-0.33847265053577
"13",-1.51302605210421,0.0176060282320646,4.63927855711423,-0.14247265053577,-0.33847265053577
"14",-0.61122244488978,-0.268927964633696,4.63927855711423,-0.14247265053577,-0.33847265053577
"15",-0.0901803607214431,-0.537130000857119,4.63927855711423,-0.14247265053577,-0.33847265053577
"16",-0.0501002004008022,-0.456781138636137,4.63927855711423,-0.14247265053577,-0.33847265053577
"17",-0.0100200400801604,-0.306185971073861,4.63927855711423,-0.14247265053577,-0.33847265053577
"18",0.0501002004008013,-0.559723808416825,4.63927855711423,-0.14247265053577,-0.33847265053577
"19",0.250501002004007,-0.435958162830524,4.63927855711423,-0.14247265053577,-0.33847265053577
"20",0.731462925851703,-0.5361569830676,4.63927855711423,-0.14247265053577,-0.33847265053577
"21",0.95190380761523,-0.804240557443642,4.63927855711423,-0.14247265053577,-0.33847265053577
"22",1.2124248496994,-0.658960725913898,4.63927855711423,-0.14247265053577,-0.33847265053577
"23",1.29258517034068,-0.56992042676374,4.63927855711423,-0.14247265053577,-0.33847265053577
"24",2.4749498997996,-0.491217494263863,4.63927855711423,-0.14247265053577,-0.33847265053577
"25",2.61523046092184,-0.431607954948159,4.63927855711423,-0.14247265053577,-0.33847265053577
"26",3.07615230460922,-0.36787904308152,4.63927855711423,-0.14247265053577,-0.33847265053577
"27",3.23647294589178,-0.431867224055865,4.63927855711423,-0.14247265053577,-0.33847265053577
"28",3.27655310621243,-0.61382169959071,4.63927855711423,-0.14247265053577,-0.33847265053577
"29",3.65731462925852,-0.460449192862323,4.63927855711423,-0.14247265053577,-0.33847265053577
"30",3.95791583166333,-0.246082774591337,4.63927855711423,-0.14247265053577,-0.33847265053577
"31",4.01803607214429,-0.196994484933158,4.63927855711423,-0.14247265053577,-0.33847265053577
"32",4.23847695390782,-0.217436318740911,4.63927855711423,-0.14247265053577,-0.33847265053577
"33",4.29859719438878,-0.157375363576967,4.63927855711423,-0.14247265053577,-0.33847265053577
"34",4.4188376753507,-0.440512900406342,4.63927855711423,-0.14247265053577,-0.33847265053577
"35",4.57915831663327,-0.0339857751332825,4.63927855711423,-0.14247265053577,-0.33847265053577
"36",4.59919839679359,-0.212737581177124,4.63927855711423,-0.14247265053577,-0.33847265053577
"37",4.63927855711423,-0.109455311273255,4.63927855711423,-0.14247265053577,-0.33847265053577
"38",4.71943887775551,-0.225515181464127,4.63927855711423,-0.14247265053577,-0.33847265053577
"39",4.79959919839679,0.000184463833462309,4.63927855711423,-0.14247265053577,-0.33847265053577
"40",4.95991983967936,0.057296258996205,4.63927855711423,-0.14247265053577,-0.33847265053577
