"","x","yplot","target","ftrue","fwrong"
"1",-3.47695390781563,-0.24231070831219,-3.01603206412826,-0.41254256361751,-0.60854256361751
"2",-3.45691382765531,-0.0358230741207839,-3.01603206412826,-0.41254256361751,-0.60854256361751
"3",-3.29659318637275,-0.282456835595633,-3.01603206412826,-0.41254256361751,-0.60854256361751
"4",-2.95591182364729,-0.450017239549721,-3.01603206412826,-0.41254256361751,-0.60854256361751
"5",-2.25450901803607,-0.660382083307772,-3.01603206412826,-0.41254256361751,-0.60854256361751
"6",-2.21442885771543,-0.571383882076638,-3.01603206412826,-0.41254256361751,-0.60854256361751
"7",-1.65330661322645,-0.774052739345159,-3.01603206412826,-0.41254256361751,-0.60854256361751
"8",-1.51302605210421,-0.726035770509029,-3.01603206412826,-0.41254256361751,-0.60854256361751
"9",-1.45290581162325,-0.95434622112086,-3.01603206412826,-0.41254256361751,-0.60854256361751
"10",-1.43286573146293,-0.895564596003073,-3.01603206412826,-0.41254256361751,-0.60854256361751
"11",-0.771543086172345,-0.918572920967775,-3.01603206412826,-0.41254256361751,-0.60854256361751
"12",-0.210420841683367,-0.933010056166618,-3.01603206412826,-0.41254256361751,-0.60854256361751
"13",0.6312625250501,-0.662790789700907,-3.01603206412826,-0.41254256361751,-0.60854256361751
"14",1.01202404809619,-0.703751609444116,-3.01603206412826,-0.41254256361751,-0.60854256361751
"15",1.39278557114228,-0.605912262990154,-3.01603206412826,-0.41254256361751,-0.60854256361751
"16",1.65330661322645,-0.490667527299789,-3.01603206412826,-0.41254256361751,-0.60854256361751
"17",2.35470941883768,-0.277326770023774,-3.01603206412826,-0.41254256361751,-0.60854256361751
"18",3.13627254509018,-0.28619671346691,-3.01603206412826,-0.41254256361751,-0.60854256361751
"19",3.35671342685371,0.020346830137933,-3.01603206412826,-0.41254256361751,-0.60854256361751
"20",4.4188376753507,0.434275232420488,-3.01603206412826,-0.41254256361751,-0.60854256361751
