"","x","yplot","target","ftrue","fwrong"
"1",-3.85771543086172,0.706942759812452,-2.99599198396794,0.382617159142275,0.578617159142275
"2",-3.1563126252505,0.583358132440828,-2.99599198396794,0.382617159142275,0.578617159142275
"3",-3.09619238476954,0.371159747188098,-2.99599198396794,0.382617159142275,0.578617159142275
"4",-2.95591182364729,0.399362168465421,-2.99599198396794,0.382617159142275,0.578617159142275
"5",-2.73547094188377,0.321838273992754,-2.99599198396794,0.382617159142275,0.578617159142275
"6",-2.51503006012024,0.409023536822563,-2.99599198396794,0.382617159142275,0.578617159142275
"7",-1.73346693386774,0.848199467592005,-2.99599198396794,0.382617159142275,0.578617159142275
"8",-1.69338677354709,0.641133864778878,-2.99599198396794,0.382617159142275,0.578617159142275
"9",-0.250501002004008,0.717190220747505,-2.99599198396794,0.382617159142275,0.578617159142275
"10",0.531062124248497,0.5829182992264,-2.99599198396794,0.382617159142275,0.578617159142275
"11",0.831663326653306,0.439304445969153,-2.99599198396794,0.382617159142275,0.578617159142275
"12",1.17234468937876,0.292377321310221,-2.99599198396794,0.382617159142275,0.578617159142275
"13",1.27254509018036,0.20495685585295,-2.99599198396794,0.382617159142275,0.578617159142275
"14",1.61322645290581,0.0306007965146019,-2.99599198396794,0.382617159142275,0.578617159142275
"15",1.65330661322645,-0.0593530807646347,-2.99599198396794,0.382617159142275,0.578617159142275
"16",1.85370741482966,0.00658048444647928,-2.99599198396794,0.382617159142275,0.578617159142275
"17",2.17434869739479,0.00378404899086063,-2.99599198396794,0.382617159142275,0.578617159142275
"18",2.19438877755511,-0.00788222608524551,-2.99599198396794,0.382617159142275,0.578617159142275
"19",4.17835671342685,-0.545568231101312,-2.99599198396794,0.382617159142275,0.578617159142275
"20",4.21843687374749,-0.581571340366496,-2.99599198396794,0.382617159142275,0.578617159142275
