"","x","yplot","target","ftrue","fwrong"
"1",-4.71943887775551,-0.343157481024123,-3.07615230460922,-0.0444280876418691,0.151571912358131
"2",-4.4188376753507,-0.523092547017456,-3.07615230460922,-0.0444280876418691,0.151571912358131
"3",-3.99799599198397,-0.0289844359561872,-3.07615230460922,-0.0444280876418691,0.151571912358131
"4",-3.75751503006012,-0.324542908642123,-3.07615230460922,-0.0444280876418691,0.151571912358131
"5",-3.39679358717435,-0.106311200662586,-3.07615230460922,-0.0444280876418691,0.151571912358131
"6",-3.19639278557114,-0.164214323262886,-3.07615230460922,-0.0444280876418691,0.151571912358131
"7",-2.67535070140281,0.191893046949425,-3.07615230460922,-0.0444280876418691,0.151571912358131
"8",-2.35470941883768,0.0853483361259893,-3.07615230460922,-0.0444280876418691,0.151571912358131
"9",-1.87374749498998,0.256880374208949,-3.07615230460922,-0.0444280876418691,0.151571912358131
"10",-1.73346693386774,0.544774213312894,-3.07615230460922,-0.0444280876418691,0.151571912358131
"11",-1.27254509018036,0.688159851094916,-3.07615230460922,-0.0444280876418691,0.151571912358131
"12",-1.23246492985972,0.724406229249182,-3.07615230460922,-0.0444280876418691,0.151571912358131
"13",-0.31062124248497,0.815609927534405,-3.07615230460922,-0.0444280876418691,0.151571912358131
"14",0.531062124248497,0.643135441106891,-3.07615230460922,-0.0444280876418691,0.151571912358131
"15",1.17234468937876,0.743966280586582,-3.07615230460922,-0.0444280876418691,0.151571912358131
"16",1.39278557114228,0.732600545124245,-3.07615230460922,-0.0444280876418691,0.151571912358131
"17",1.63326653306613,0.769447721953846,-3.07615230460922,-0.0444280876418691,0.151571912358131
"18",2.15430861723447,0.668242371105393,-3.07615230460922,-0.0444280876418691,0.151571912358131
"19",2.71543086172345,0.742579775693154,-3.07615230460922,-0.0444280876418691,0.151571912358131
"20",3.77755511022044,0.765387338641808,-3.07615230460922,-0.0444280876418691,0.151571912358131
