"","x","yplot","target","ftrue","fwrong"
"1",-4.95991983967936,0.800418754849705,0.370741482965932,0.0158861612709034,-0.180113838729097
"2",-4.91983967935872,0.608348709140855,0.370741482965932,0.0158861612709034,-0.180113838729097
"3",-4.59919839679359,0.907926294786118,0.370741482965932,0.0158861612709034,-0.180113838729097
"4",-4.51903807615231,1.13046567986714,0.370741482965932,0.0158861612709034,-0.180113838729097
"5",-4.4188376753507,0.970202403224828,0.370741482965932,0.0158861612709034,-0.180113838729097
"6",-4.19839679358717,1.05935979538618,0.370741482965932,0.0158861612709034,-0.180113838729097
"7",-3.7374749498998,0.828506556043058,0.370741482965932,0.0158861612709034,-0.180113838729097
"8",-3.57715430861723,0.770624792091577,0.370741482965932,0.0158861612709034,-0.180113838729097
"9",-3.09619238476954,0.812034980578968,0.370741482965932,0.0158861612709034,-0.180113838729097
"10",-2.87575150300601,0.801564388336504,0.370741482965932,0.0158861612709034,-0.180113838729097
"11",-1.9939879759519,0.644324809514464,0.370741482965932,0.0158861612709034,-0.180113838729097
"12",-1.97394789579158,0.571872633292482,0.370741482965932,0.0158861612709034,-0.180113838729097
"13",-1.83366733466934,0.427765747829641,0.370741482965932,0.0158861612709034,-0.180113838729097
"14",-1.57314629258517,0.502355820010844,0.370741482965932,0.0158861612709034,-0.180113838729097
"15",-1.53306613226453,0.538851048233646,0.370741482965932,0.0158861612709034,-0.180113838729097
"16",-1.49298597194389,0.718599597263181,0.370741482965932,0.0158861612709034,-0.180113838729097
"17",-1.43286573146293,0.604858881429769,0.370741482965932,0.0158861612709034,-0.180113838729097
"18",-1.33266533066132,0.775290950464041,0.370741482965932,0.0158861612709034,-0.180113838729097
"19",-1.07214428857715,0.455743393732472,0.370741482965932,0.0158861612709034,-0.180113838729097
"20",-0.95190380761523,0.463935236151628,0.370741482965932,0.0158861612709034,-0.180113838729097
"21",-0.851703406813628,0.52884709994508,0.370741482965932,0.0158861612709034,-0.180113838729097
"22",-0.711422845691383,0.485594848587073,0.370741482965932,0.0158861612709034,-0.180113838729097
"23",-0.430861723446894,0.238372528918639,0.370741482965932,0.0158861612709034,-0.180113838729097
"24",-0.290581162324649,0.207929482371591,0.370741482965932,0.0158861612709034,-0.180113838729097
"25",-0.190380761523047,0.204060498890426,0.370741482965932,0.0158861612709034,-0.180113838729097
"26",-0.130260521042084,0.152029375289305,0.370741482965932,0.0158861612709034,-0.180113838729097
"27",-0.0701402805611222,0.147622950309023,0.370741482965932,0.0158861612709034,-0.180113838729097
"28",0.0100200400801604,0.122314199568595,0.370741482965932,0.0158861612709034,-0.180113838729097
"29",0.0501002004008013,0.123571176704522,0.370741482965932,0.0158861612709034,-0.180113838729097
"30",0.370741482965932,0.062384069720609,0.370741482965932,0.0158861612709034,-0.180113838729097
"31",0.611222444889779,0.0819803043934675,0.370741482965932,0.0158861612709034,-0.180113838729097
"32",0.731462925851703,-0.0892053342892355,0.370741482965932,0.0158861612709034,-0.180113838729097
"33",0.851703406813627,-0.0492987800824878,0.370741482965932,0.0158861612709034,-0.180113838729097
"34",1.09218436873747,-0.0780157198707172,0.370741482965932,0.0158861612709034,-0.180113838729097
"35",1.13226452905812,-0.345784854539832,0.370741482965932,0.0158861612709034,-0.180113838729097
"36",1.15230460921844,-0.0637102566136894,0.370741482965932,0.0158861612709034,-0.180113838729097
"37",1.19238476953908,-0.33533759826467,0.370741482965932,0.0158861612709034,-0.180113838729097
"38",1.8937875751503,-0.580993430624817,0.370741482965932,0.0158861612709034,-0.180113838729097
"39",2.15430861723447,-0.331914395133343,0.370741482965932,0.0158861612709034,-0.180113838729097
"40",2.29458917835671,-0.332044296875905,0.370741482965932,0.0158861612709034,-0.180113838729097
"41",2.33466933867735,-0.352132178417762,0.370741482965932,0.0158861612709034,-0.180113838729097
"42",2.61523046092184,-0.521793114657288,0.370741482965932,0.0158861612709034,-0.180113838729097
"43",3.01603206412826,-0.455463484840006,0.370741482965932,0.0158861612709034,-0.180113838729097
"44",3.13627254509018,-0.577420153350285,0.370741482965932,0.0158861612709034,-0.180113838729097
"45",3.35671342685371,-0.584000445093844,0.370741482965932,0.0158861612709034,-0.180113838729097
"46",3.71743486973948,-0.385203310375839,0.370741482965932,0.0158861612709034,-0.180113838729097
"47",3.81763527054108,-0.529293529016786,0.370741482965932,0.0158861612709034,-0.180113838729097
"48",4.59919839679359,-0.379975072932543,0.370741482965932,0.0158861612709034,-0.180113838729097
"49",4.71943887775551,-0.36811637919322,0.370741482965932,0.0158861612709034,-0.180113838729097
"50",4.75951903807615,-0.391495638895756,0.370741482965932,0.0158861612709034,-0.180113838729097
