"","x","yplot","target","ftrue","fwrong"
"1",-4.55911823647295,-0.263218712408839,4.83967935871743,0.902784276879835,0.706784276879835
"2",-1.39278557114228,-0.167965522797771,4.83967935871743,0.902784276879835,0.706784276879835
"3",3.39679358717435,0.33737035367227,4.83967935871743,0.902784276879835,0.706784276879835
"4",4.07815631262525,0.803819754475259,4.83967935871743,0.902784276879835,0.706784276879835
"5",4.37875751503006,1.05438085122298,4.83967935871743,0.902784276879835,0.706784276879835
"6",4.39879759519038,0.782742086955074,4.83967935871743,0.902784276879835,0.706784276879835
"7",4.47895791583166,0.909033262732179,4.83967935871743,0.902784276879835,0.706784276879835
"8",4.73947895791583,0.87523590292552,4.83967935871743,0.902784276879835,0.706784276879835
"9",4.85971943887776,0.933544322423176,4.83967935871743,0.902784276879835,0.706784276879835
"10",4.95991983967936,1.07233331273221,4.83967935871743,0.902784276879835,0.706784276879835
