"","x","yplot","target","ftrue","fwrong"
"1",-4.47895791583166,0.520446586138442,0.691382765531062,-0.791619872471807,-0.987619872471807
"2",-2.65531062124249,0.691875813885134,0.691382765531062,-0.791619872471807,-0.987619872471807
"3",-1.07214428857715,-0.331830907046182,0.691382765531062,-0.791619872471807,-0.987619872471807
"4",-0.0300601202404813,-0.798119244422017,0.691382765531062,-0.791619872471807,-0.987619872471807
"5",0.0100200400801604,-0.85410979098,0.691382765531062,-0.791619872471807,-0.987619872471807
"6",0.0701402805611222,-0.670101883897711,0.691382765531062,-0.791619872471807,-0.987619872471807
"7",0.0901803607214431,-0.806223926422914,0.691382765531062,-0.791619872471807,-0.987619872471807
"8",0.290581162324649,-0.764448345138795,0.691382765531062,-0.791619872471807,-0.987619872471807
"9",0.470941883767535,-0.785651072582192,0.691382765531062,-0.791619872471807,-0.987619872471807
"10",0.671342685370742,-0.782233718448123,0.691382765531062,-0.791619872471807,-0.987619872471807
"11",0.831663326653306,-0.675501115789153,0.691382765531062,-0.791619872471807,-0.987619872471807
"12",1.07214428857715,-0.829336517637994,0.691382765531062,-0.791619872471807,-0.987619872471807
"13",1.23246492985972,-0.579292772336414,0.691382765531062,-0.791619872471807,-0.987619872471807
"14",1.27254509018036,-0.77458639055918,0.691382765531062,-0.791619872471807,-0.987619872471807
"15",1.47294589178357,-0.733403965792531,0.691382765531062,-0.791619872471807,-0.987619872471807
"16",1.51302605210421,-0.577793156730362,0.691382765531062,-0.791619872471807,-0.987619872471807
"17",1.57314629258517,-0.469873908477837,0.691382765531062,-0.791619872471807,-0.987619872471807
"18",2.55511022044088,-0.441106200719566,0.691382765531062,-0.791619872471807,-0.987619872471807
"19",2.69539078156313,-0.278911057824236,0.691382765531062,-0.791619872471807,-0.987619872471807
"20",3.8376753507014,-0.401843902706161,0.691382765531062,-0.791619872471807,-0.987619872471807
