"","x","yplot","target","ftrue","fwrong"
"1",-4.95991983967936,-0.352751464937099,3.57715430861723,0.270120947917246,0.466120947917246
"2",-4.63927855711423,-0.3640918089639,3.57715430861723,0.270120947917246,0.466120947917246
"3",-3.37675350701403,-0.642356543924828,3.57715430861723,0.270120947917246,0.466120947917246
"4",-2.15430861723447,-0.771002352945684,3.57715430861723,0.270120947917246,0.466120947917246
"5",-0.871743486973948,-0.739330427272611,3.57715430861723,0.270120947917246,0.466120947917246
"6",1.53306613226453,-0.514609350105495,3.57715430861723,0.270120947917246,0.466120947917246
"7",2.71543086172345,-0.101846273061282,3.57715430861723,0.270120947917246,0.466120947917246
"8",2.75551102204409,-0.172104153352897,3.57715430861723,0.270120947917246,0.466120947917246
"9",2.83567134268537,-0.189542608179809,3.57715430861723,0.270120947917246,0.466120947917246
"10",3.2565130260521,0.208142861742973,3.57715430861723,0.270120947917246,0.466120947917246
"11",3.6372745490982,0.409943017525152,3.57715430861723,0.270120947917246,0.466120947917246
"12",3.65731462925852,0.352018578849598,3.57715430861723,0.270120947917246,0.466120947917246
"13",3.75751503006012,0.406118088386858,3.57715430861723,0.270120947917246,0.466120947917246
"14",3.79759519038076,0.399439324213686,3.57715430861723,0.270120947917246,0.466120947917246
"15",3.85771543086172,0.446922536763048,3.57715430861723,0.270120947917246,0.466120947917246
"16",3.99799599198397,0.375751514766538,3.57715430861723,0.270120947917246,0.466120947917246
"17",4.09819639278557,0.41579920314905,3.57715430861723,0.270120947917246,0.466120947917246
"18",4.17835671342685,0.596243832835258,3.57715430861723,0.270120947917246,0.466120947917246
"19",4.21843687374749,0.485389292170552,3.57715430861723,0.270120947917246,0.466120947917246
"20",4.33867735470942,0.568961563326285,3.57715430861723,0.270120947917246,0.466120947917246
