"","x","yplot","target","ftrue","fwrong"
"1",-4.27855711422846,-0.60454531050885,4.19839679358717,0.694038719022391,0.890038719022391
"2",-4.23847695390782,-0.579651821629779,4.19839679358717,0.694038719022391,0.890038719022391
"3",0.731462925851703,0.620370753661792,4.19839679358717,0.694038719022391,0.890038719022391
"4",3.91783567134268,0.766467547831248,4.19839679358717,0.694038719022391,0.890038719022391
"5",4.07815631262525,0.71930359466173,4.19839679358717,0.694038719022391,0.890038719022391
"6",4.23847695390782,0.662890292147321,4.19839679358717,0.694038719022391,0.890038719022391
"7",4.37875751503006,0.628204626581603,4.19839679358717,0.694038719022391,0.890038719022391
"8",4.47895791583166,0.810727692090107,4.19839679358717,0.694038719022391,0.890038719022391
"9",4.59919839679359,0.734997509829324,4.19839679358717,0.694038719022391,0.890038719022391
"10",4.81963927855711,0.57798188536738,4.19839679358717,0.694038719022391,0.890038719022391
