"","x","yplot","target","ftrue","fwrong"
"1",-4.95991983967936,-0.996485555396603,4.93987975951904,0.585810405708051,0.389810405708051
"2",-4.77955911823647,-0.92046390439041,4.93987975951904,0.585810405708051,0.389810405708051
"3",-2.39478957915832,-0.792803715383351,4.93987975951904,0.585810405708051,0.389810405708051
"4",-2.31462925851703,-0.745761178637765,4.93987975951904,0.585810405708051,0.389810405708051
"5",-2.21442885771543,-0.909392064473972,4.93987975951904,0.585810405708051,0.389810405708051
"6",-2.07414829659319,-0.886814021243037,4.93987975951904,0.585810405708051,0.389810405708051
"7",0.731462925851703,-0.443261366066657,4.93987975951904,0.585810405708051,0.389810405708051
"8",1.43286573146293,-0.317141799241224,4.93987975951904,0.585810405708051,0.389810405708051
"9",2.07414829659319,-0.233735740381878,4.93987975951904,0.585810405708051,0.389810405708051
"10",2.45490981963928,-0.0261171164249539,4.93987975951904,0.585810405708051,0.389810405708051
"11",3.0561122244489,0.233680269985508,4.93987975951904,0.585810405708051,0.389810405708051
"12",3.35671342685371,0.128606080371778,4.93987975951904,0.585810405708051,0.389810405708051
"13",3.95791583166333,0.537094745274705,4.93987975951904,0.585810405708051,0.389810405708051
"14",4.01803607214429,0.313057923591872,4.93987975951904,0.585810405708051,0.389810405708051
"15",4.03807615230461,0.734084091627359,4.93987975951904,0.585810405708051,0.389810405708051
"16",4.07815631262525,0.490745976413786,4.93987975951904,0.585810405708051,0.389810405708051
"17",4.09819639278557,0.499408444802376,4.93987975951904,0.585810405708051,0.389810405708051
"18",4.11823647294589,0.558477648130415,4.93987975951904,0.585810405708051,0.389810405708051
"19",4.15831663326653,0.440676473291041,4.93987975951904,0.585810405708051,0.389810405708051
"20",4.19839679358717,0.511229964848994,4.93987975951904,0.585810405708051,0.389810405708051
"21",4.21843687374749,0.408834265467558,4.93987975951904,0.585810405708051,0.389810405708051
"22",4.23847695390782,0.453711929393035,4.93987975951904,0.585810405708051,0.389810405708051
"23",4.25851703406814,0.648696293491719,4.93987975951904,0.585810405708051,0.389810405708051
"24",4.27855711422846,0.360298127443107,4.93987975951904,0.585810405708051,0.389810405708051
"25",4.3186372745491,0.425079753588783,4.93987975951904,0.585810405708051,0.389810405708051
"26",4.33867735470942,0.392681041365423,4.93987975951904,0.585810405708051,0.389810405708051
"27",4.37875751503006,0.41990284924351,4.93987975951904,0.585810405708051,0.389810405708051
"28",4.4188376753507,0.513134107744124,4.93987975951904,0.585810405708051,0.389810405708051
"29",4.43887775551102,0.534723718859541,4.93987975951904,0.585810405708051,0.389810405708051
"30",4.47895791583166,0.647463445461739,4.93987975951904,0.585810405708051,0.389810405708051
"31",4.49899799599198,0.447652081956767,4.93987975951904,0.585810405708051,0.389810405708051
"32",4.53907815631263,0.562674461095133,4.93987975951904,0.585810405708051,0.389810405708051
"33",4.55911823647295,0.616046362744322,4.93987975951904,0.585810405708051,0.389810405708051
"34",4.69939879759519,0.597243497480106,4.93987975951904,0.585810405708051,0.389810405708051
"35",4.75951903807615,0.525226554142968,4.93987975951904,0.585810405708051,0.389810405708051
"36",4.77955911823647,0.725712893191487,4.93987975951904,0.585810405708051,0.389810405708051
"37",4.79959919839679,0.60410493645926,4.93987975951904,0.585810405708051,0.389810405708051
"38",4.81963927855711,0.639192918585544,4.93987975951904,0.585810405708051,0.389810405708051
"39",4.87975951903808,0.550863151840323,4.93987975951904,0.585810405708051,0.389810405708051
"40",4.93987975951904,0.606768212461571,4.93987975951904,0.585810405708051,0.389810405708051
