"","x","yplot","target","ftrue","fwrong"
"1",-4.05811623246493,0.807325835454579,1.97394789579158,-0.196089464404527,-0.392089464404528
"2",-2.55511022044088,0.706959252692932,1.97394789579158,-0.196089464404527,-0.392089464404528
"3",1.27254509018036,-0.224569290635377,1.97394789579158,-0.196089464404527,-0.392089464404528
"4",1.39278557114228,-0.0955167798751279,1.97394789579158,-0.196089464404527,-0.392089464404528
"5",1.47294589178357,-0.205407646514296,1.97394789579158,-0.196089464404527,-0.392089464404528
"6",1.77354709418838,-0.291226414920826,1.97394789579158,-0.196089464404527,-0.392089464404528
"7",1.7935871743487,-0.454016619878338,1.97394789579158,-0.196089464404527,-0.392089464404528
"8",2.55511022044088,-0.405271636940533,1.97394789579158,-0.196089464404527,-0.392089464404528
"9",2.91583166332665,-0.482651640943944,1.97394789579158,-0.196089464404527,-0.392089464404528
"10",4.35871743486974,-0.502457674545725,1.97394789579158,-0.196089464404527,-0.392089464404528
