"","x","yplot","target","ftrue","fwrong"
"1",-4.61923847695391,-0.563568959169919,-3.13627254509018,-0.175272411430365,-0.371272411430365
"2",-4.55911823647295,-0.40892084545417,-3.13627254509018,-0.175272411430365,-0.371272411430365
"3",-4.43887775551102,-0.50428205107493,-3.13627254509018,-0.175272411430365,-0.371272411430365
"4",-3.99799599198397,-0.38477238884692,-3.13627254509018,-0.175272411430365,-0.371272411430365
"5",-3.93787575150301,-0.250579130032712,-3.13627254509018,-0.175272411430365,-0.371272411430365
"6",-3.75751503006012,-0.194397962673042,-3.13627254509018,-0.175272411430365,-0.371272411430365
"7",-3.23647294589178,0.0066353243736689,-3.13627254509018,-0.175272411430365,-0.371272411430365
"8",-3.19639278557114,-0.169521437433379,-3.13627254509018,-0.175272411430365,-0.371272411430365
"9",-3.01603206412826,-0.0991934092438962,-3.13627254509018,-0.175272411430365,-0.371272411430365
"10",-2.35470941883768,-0.0421944391462798,-3.13627254509018,-0.175272411430365,-0.371272411430365
"11",-2.33466933867735,0.100987744278598,-3.13627254509018,-0.175272411430365,-0.371272411430365
"12",-2.27454909819639,-0.0830490514989016,-3.13627254509018,-0.175272411430365,-0.371272411430365
"13",-1.95390781563126,-0.0826166445742868,-3.13627254509018,-0.175272411430365,-0.371272411430365
"14",-1.75350701402806,-0.184569882669738,-3.13627254509018,-0.175272411430365,-0.371272411430365
"15",-1.37274549098196,-0.14483959030954,-3.13627254509018,-0.175272411430365,-0.371272411430365
"16",-0.711422845691383,-0.292122781880991,-3.13627254509018,-0.175272411430365,-0.371272411430365
"17",-0.370741482965932,-0.119404304237717,-3.13627254509018,-0.175272411430365,-0.371272411430365
"18",-0.330661322645291,-0.303239293856006,-3.13627254509018,-0.175272411430365,-0.371272411430365
"19",-0.0701402805611222,-0.196253135894617,-3.13627254509018,-0.175272411430365,-0.371272411430365
"20",0.591182364729459,-0.364162529447284,-3.13627254509018,-0.175272411430365,-0.371272411430365
"21",0.751503006012024,-0.046961112794495,-3.13627254509018,-0.175272411430365,-0.371272411430365
"22",0.891783567134269,-0.191412911518284,-3.13627254509018,-0.175272411430365,-0.371272411430365
"23",1.01202404809619,0.0127580028554864,-3.13627254509018,-0.175272411430365,-0.371272411430365
"24",1.13226452905812,0.0734570988800327,-3.13627254509018,-0.175272411430365,-0.371272411430365
"25",2.15430861723447,0.247912514244493,-3.13627254509018,-0.175272411430365,-0.371272411430365
"26",2.71543086172345,0.884868381687305,-3.13627254509018,-0.175272411430365,-0.371272411430365
"27",3.33667334669339,0.776328530161429,-3.13627254509018,-0.175272411430365,-0.371272411430365
"28",4.29859719438878,0.543631005329939,-3.13627254509018,-0.175272411430365,-0.371272411430365
"29",4.45891783567134,0.634509329450537,-3.13627254509018,-0.175272411430365,-0.371272411430365
"30",4.85971943887776,0.36411448599936,-3.13627254509018,-0.175272411430365,-0.371272411430365
