"","x","yplot","target","ftrue","fwrong"
"1",-3.33667334669339,-0.578605230664118,4.21843687374749,-0.396645473398303,-0.592645473398303
"2",-2.4749498997996,-0.791337886943176,4.21843687374749,-0.396645473398303,-0.592645473398303
"3",-1.87374749498998,-0.504775568734103,4.21843687374749,-0.396645473398303,-0.592645473398303
"4",-1.71342685370742,-0.458951849998996,4.21843687374749,-0.396645473398303,-0.592645473398303
"5",-1.61322645290581,-0.575198511278972,4.21843687374749,-0.396645473398303,-0.592645473398303
"6",-0.771543086172345,0.454327431730441,4.21843687374749,-0.396645473398303,-0.592645473398303
"7",-0.571142284569138,0.536506891874071,4.21843687374749,-0.396645473398303,-0.592645473398303
"8",0.571142284569138,0.958868048361322,4.21843687374749,-0.396645473398303,-0.592645473398303
"9",1.1122244488978,0.893279805758505,4.21843687374749,-0.396645473398303,-0.592645473398303
"10",1.69338677354709,0.467672689152583,4.21843687374749,-0.396645473398303,-0.592645473398303
"11",2.07414829659319,0.541165405584324,4.21843687374749,-0.396645473398303,-0.592645473398303
"12",2.33466933867735,0.279295446233274,4.21843687374749,-0.396645473398303,-0.592645473398303
"13",2.69539078156313,0.221116175413145,4.21843687374749,-0.396645473398303,-0.592645473398303
"14",2.81563126252505,-0.0915793511274467,4.21843687374749,-0.396645473398303,-0.592645473398303
"15",3.47695390781563,-0.0110024288402252,4.21843687374749,-0.396645473398303,-0.592645473398303
"16",3.85771543086172,-0.300892564742632,4.21843687374749,-0.396645473398303,-0.592645473398303
"17",4.11823647294589,-0.453769395268666,4.21843687374749,-0.396645473398303,-0.592645473398303
"18",4.3186372745491,-0.431544326516127,4.21843687374749,-0.396645473398303,-0.592645473398303
"19",4.37875751503006,-0.554247435893453,4.21843687374749,-0.396645473398303,-0.592645473398303
"20",4.65931863727455,-0.769691998131723,4.21843687374749,-0.396645473398303,-0.592645473398303
