"","x","yplot","target","ftrue","fwrong"
"1",-3.95791583166333,-0.593906017564331,2.27454909819639,-0.395387820412249,-0.199387820412249
"2",-3.27655310621242,-0.678601214994419,2.27454909819639,-0.395387820412249,-0.199387820412249
"3",-3.23647294589178,-0.917674088932306,2.27454909819639,-0.395387820412249,-0.199387820412249
"4",-3.09619238476954,-0.899053197106964,2.27454909819639,-0.395387820412249,-0.199387820412249
"5",-1.19238476953908,-0.77875057323021,2.27454909819639,-0.395387820412249,-0.199387820412249
"6",-0.430861723446894,-0.662419308405076,2.27454909819639,-0.395387820412249,-0.199387820412249
"7",-0.390781563126253,-0.647244167820573,2.27454909819639,-0.395387820412249,-0.199387820412249
"8",-0.290581162324649,-0.741023516178449,2.27454909819639,-0.395387820412249,-0.199387820412249
"9",-0.110220440881764,-0.539765380626624,2.27454909819639,-0.395387820412249,-0.199387820412249
"10",1.09218436873747,-0.668331231200882,2.27454909819639,-0.395387820412249,-0.199387820412249
"11",1.312625250501,-0.499229269700207,2.27454909819639,-0.395387820412249,-0.199387820412249
"12",1.39278557114228,-0.675945856086543,2.27454909819639,-0.395387820412249,-0.199387820412249
"13",1.4128256513026,-0.633500018927341,2.27454909819639,-0.395387820412249,-0.199387820412249
"14",1.43286573146293,-0.572109670505969,2.27454909819639,-0.395387820412249,-0.199387820412249
"15",1.47294589178357,-0.583254306598293,2.27454909819639,-0.395387820412249,-0.199387820412249
"16",1.59318637274549,-0.577534948151677,2.27454909819639,-0.395387820412249,-0.199387820412249
"17",1.63326653306613,-0.620350225809068,2.27454909819639,-0.395387820412249,-0.199387820412249
"18",1.69338677354709,-0.642646563472789,2.27454909819639,-0.395387820412249,-0.199387820412249
"19",1.8937875751503,-0.373887997070584,2.27454909819639,-0.395387820412249,-0.199387820412249
"20",1.93386773547094,-0.48141656622336,2.27454909819639,-0.395387820412249,-0.199387820412249
"21",1.95390781563126,-0.384943988331076,2.27454909819639,-0.395387820412249,-0.199387820412249
"22",2.07414829659319,-0.743121319591722,2.27454909819639,-0.395387820412249,-0.199387820412249
"23",2.09418837675351,-0.533011406235112,2.27454909819639,-0.395387820412249,-0.199387820412249
"24",2.39478957915832,-0.345025079578477,2.27454909819639,-0.395387820412249,-0.199387820412249
"25",2.55511022044088,-0.321908889936726,2.27454909819639,-0.395387820412249,-0.199387820412249
"26",2.5751503006012,-0.335538041552123,2.27454909819639,-0.395387820412249,-0.199387820412249
"27",2.63527054108216,-0.280557753409669,2.27454909819639,-0.395387820412249,-0.199387820412249
"28",2.71543086172345,-0.269425075258566,2.27454909819639,-0.395387820412249,-0.199387820412249
"29",2.73547094188377,-0.24763571045387,2.27454909819639,-0.395387820412249,-0.199387820412249
"30",2.77555110220441,-0.240789033660278,2.27454909819639,-0.395387820412249,-0.199387820412249
"31",2.83567134268537,-0.339380490956619,2.27454909819639,-0.395387820412249,-0.199387820412249
"32",2.87575150300601,-0.411285919050669,2.27454909819639,-0.395387820412249,-0.199387820412249
"33",2.91583166332665,-0.103382755040509,2.27454909819639,-0.395387820412249,-0.199387820412249
"34",2.95591182364729,-0.265752777529249,2.27454909819639,-0.395387820412249,-0.199387820412249
"35",2.99599198396794,-0.0803228891182551,2.27454909819639,-0.395387820412249,-0.199387820412249
"36",3.07615230460922,-0.247322748534727,2.27454909819639,-0.395387820412249,-0.199387820412249
"37",3.09619238476954,-0.221986824766199,2.27454909819639,-0.395387820412249,-0.199387820412249
"38",3.1563126252505,-0.0830680255737812,2.27454909819639,-0.395387820412249,-0.199387820412249
"39",4.29859719438878,0.12870354772982,2.27454909819639,-0.395387820412249,-0.199387820412249
"40",4.77955911823647,0.315466217864747,2.27454909819639,-0.395387820412249,-0.199387820412249
