"","x","yplot","target","ftrue","fwrong"
"1",-4.59919839679359,-0.361393353656156,-0.390781563126253,0.376100346916303,0.180100346916303
"2",-4.05811623246493,-0.0542989237724607,-0.390781563126253,0.376100346916303,0.180100346916303
"3",-1.37274549098196,0.548973414343045,-0.390781563126253,0.376100346916303,0.180100346916303
"4",-0.290581162324649,0.333588337704928,-0.390781563126253,0.376100346916303,0.180100346916303
"5",-0.230460921843687,0.205779119127467,-0.390781563126253,0.376100346916303,0.180100346916303
"6",0.0100200400801604,0.153109864255152,-0.390781563126253,0.376100346916303,0.180100346916303
"7",0.0901803607214431,0.104502005384503,-0.390781563126253,0.376100346916303,0.180100346916303
"8",0.450901803607215,0.0198782892094812,-0.390781563126253,0.376100346916303,0.180100346916303
"9",0.511022044088176,-0.0461000621420768,-0.390781563126253,0.376100346916303,0.180100346916303
"10",2.89579158316633,-0.516226173273864,-0.390781563126253,0.376100346916303,0.180100346916303
