"","x","yplot","target","ftrue","fwrong"
"1",-4.97995991983968,-0.171763929569192,1.81362725450902,0.872186083840328,1.06818608384033
"2",-4.69939879759519,-0.014242452408898,1.81362725450902,0.872186083840328,1.06818608384033
"3",-3.81763527054108,0.0527933380851723,1.81362725450902,0.872186083840328,1.06818608384033
"4",-3.11623246492986,-0.10466922013739,1.81362725450902,0.872186083840328,1.06818608384033
"5",-0.891783567134269,-0.339654797299464,1.81362725450902,0.872186083840328,1.06818608384033
"6",0.350701402805611,0.313102048905117,1.81362725450902,0.872186083840328,1.06818608384033
"7",0.93186372745491,0.760919369783255,1.81362725450902,0.872186083840328,1.06818608384033
"8",0.95190380761523,0.53355674587125,1.81362725450902,0.872186083840328,1.06818608384033
"9",1.09218436873747,0.768193852791751,1.81362725450902,0.872186083840328,1.06818608384033
"10",1.19238476953908,0.717647963748893,1.81362725450902,0.872186083840328,1.06818608384033
"11",1.2124248496994,0.673663180486072,1.81362725450902,0.872186083840328,1.06818608384033
"12",1.27254509018036,0.941223447856452,1.81362725450902,0.872186083840328,1.06818608384033
"13",1.37274549098196,0.869753738022926,1.81362725450902,0.872186083840328,1.06818608384033
"14",1.39278557114228,0.794458897793207,1.81362725450902,0.872186083840328,1.06818608384033
"15",1.69338677354709,0.699410147115179,1.81362725450902,0.872186083840328,1.06818608384033
"16",1.83366733466934,1.01886155735146,1.81362725450902,0.872186083840328,1.06818608384033
"17",2.29458917835671,0.901362965044564,1.81362725450902,0.872186083840328,1.06818608384033
"18",2.45490981963928,0.816633408773501,1.81362725450902,0.872186083840328,1.06818608384033
"19",2.51503006012024,0.631177967444015,1.81362725450902,0.872186083840328,1.06818608384033
"20",2.59519038076152,0.858342875944854,1.81362725450902,0.872186083840328,1.06818608384033
