"","x","yplot","target","ftrue","fwrong"
"1",-4.85971943887776,-0.489294163367846,-2.65531062124249,-0.79998928854982,-0.60398928854982
"2",-3.55711422845691,-0.667731889067327,-2.65531062124249,-0.79998928854982,-0.60398928854982
"3",-3.47695390781563,-0.685282029921363,-2.65531062124249,-0.79998928854982,-0.60398928854982
"4",-3.33667334669339,-0.740656602302796,-2.65531062124249,-0.79998928854982,-0.60398928854982
"5",-3.29659318637275,-0.781799008802074,-2.65531062124249,-0.79998928854982,-0.60398928854982
"6",-3.1563126252505,-0.710764612502069,-2.65531062124249,-0.79998928854982,-0.60398928854982
"7",-3.13627254509018,-0.700635865531588,-2.65531062124249,-0.79998928854982,-0.60398928854982
"8",-3.11623246492986,-0.836840727261608,-2.65531062124249,-0.79998928854982,-0.60398928854982
"9",-2.97595190380762,-0.989342446371265,-2.65531062124249,-0.79998928854982,-0.60398928854982
"10",-2.83567134268537,-0.915135376798142,-2.65531062124249,-0.79998928854982,-0.60398928854982
"11",-2.67535070140281,-0.623506233758099,-2.65531062124249,-0.79998928854982,-0.60398928854982
"12",-2.65531062124249,-0.743037977795639,-2.65531062124249,-0.79998928854982,-0.60398928854982
"13",-2.61523046092184,-0.901565066791208,-2.65531062124249,-0.79998928854982,-0.60398928854982
"14",-2.59519038076152,-0.865151219221646,-2.65531062124249,-0.79998928854982,-0.60398928854982
"15",-2.41482965931864,-0.694307106724405,-2.65531062124249,-0.79998928854982,-0.60398928854982
"16",-2.39478957915832,-0.910013027443423,-2.65531062124249,-0.79998928854982,-0.60398928854982
"17",-2.33466933867735,-0.823158180453387,-2.65531062124249,-0.79998928854982,-0.60398928854982
"18",-2.29458917835671,-0.769957724327924,-2.65531062124249,-0.79998928854982,-0.60398928854982
"19",-2.25450901803607,-0.843607336794645,-2.65531062124249,-0.79998928854982,-0.60398928854982
"20",-2.21442885771543,-0.693020025569141,-2.65531062124249,-0.79998928854982,-0.60398928854982
"21",-2.13426853707415,-0.833721494094933,-2.65531062124249,-0.79998928854982,-0.60398928854982
"22",-2.07414829659319,-0.869922116250483,-2.65531062124249,-0.79998928854982,-0.60398928854982
"23",-2.03406813627255,-0.743230623812234,-2.65531062124249,-0.79998928854982,-0.60398928854982
"24",-1.93386773547094,-0.878685476970652,-2.65531062124249,-0.79998928854982,-0.60398928854982
"25",-1.8937875751503,-0.746436575680093,-2.65531062124249,-0.79998928854982,-0.60398928854982
"26",-1.87374749498998,-0.805563613549197,-2.65531062124249,-0.79998928854982,-0.60398928854982
"27",-1.83366733466934,-0.745363161249172,-2.65531062124249,-0.79998928854982,-0.60398928854982
"28",-1.75350701402806,-0.792054367557044,-2.65531062124249,-0.79998928854982,-0.60398928854982
"29",-1.73346693386774,-0.5234712400952,-2.65531062124249,-0.79998928854982,-0.60398928854982
"30",-1.61322645290581,-0.647829282556357,-2.65531062124249,-0.79998928854982,-0.60398928854982
"31",-0.771543086172345,-0.570487833416704,-2.65531062124249,-0.79998928854982,-0.60398928854982
"32",-0.470941883767535,-0.719189236657749,-2.65531062124249,-0.79998928854982,-0.60398928854982
"33",-0.0300601202404813,-0.766429077269472,-2.65531062124249,-0.79998928854982,-0.60398928854982
"34",0.490981963927855,-0.474117731074533,-2.65531062124249,-0.79998928854982,-0.60398928854982
"35",0.651302605210421,-0.297567318706491,-2.65531062124249,-0.79998928854982,-0.60398928854982
"36",2.63527054108216,-0.0571700384709618,-2.65531062124249,-0.79998928854982,-0.60398928854982
"37",2.97595190380761,-0.301811108168047,-2.65531062124249,-0.79998928854982,-0.60398928854982
"38",4.03807615230461,0.164131453836641,-2.65531062124249,-0.79998928854982,-0.60398928854982
"39",4.49899799599198,0.4588295748507,-2.65531062124249,-0.79998928854982,-0.60398928854982
"40",4.65931863727455,0.572359792795391,-2.65531062124249,-0.79998928854982,-0.60398928854982
