"","x","yplot","target","ftrue","fwrong"
"1",-4.55911823647295,0.234935506215796,-4.49899799599198,0.226100422689701,0.422100422689701
"2",-4.47895791583166,0.306529243533296,-4.49899799599198,0.226100422689701,0.422100422689701
"3",-4.43887775551102,0.165384820583862,-4.49899799599198,0.226100422689701,0.422100422689701
"4",-4.4188376753507,0.371371873306751,-4.49899799599198,0.226100422689701,0.422100422689701
"5",-4.27855711422846,0.135566541099354,-4.49899799599198,0.226100422689701,0.422100422689701
"6",-4.2184368737475,0.354958397710685,-4.49899799599198,0.226100422689701,0.422100422689701
"7",-4.17835671342685,0.457499757479075,-4.49899799599198,0.226100422689701,0.422100422689701
"8",-4.13827655310621,0.367030841214105,-4.49899799599198,0.226100422689701,0.422100422689701
"9",-3.93787575150301,0.301843881285107,-4.49899799599198,0.226100422689701,0.422100422689701
"10",-3.7374749498998,0.47889190886204,-4.49899799599198,0.226100422689701,0.422100422689701
"11",-3.71743486973948,0.507898572434874,-4.49899799599198,0.226100422689701,0.422100422689701
"12",-3.65731462925852,0.354208619865843,-4.49899799599198,0.226100422689701,0.422100422689701
"13",-3.49699398797595,0.595598438378139,-4.49899799599198,0.226100422689701,0.422100422689701
"14",-3.37675350701403,0.423868522825005,-4.49899799599198,0.226100422689701,0.422100422689701
"15",-2.63527054108216,0.682427841402167,-4.49899799599198,0.226100422689701,0.422100422689701
"16",-2.53507014028056,0.631918941077193,-4.49899799599198,0.226100422689701,0.422100422689701
"17",-2.27454909819639,0.730173124584074,-4.49899799599198,0.226100422689701,0.422100422689701
"18",-1.67334669338677,0.586423971859402,-4.49899799599198,0.226100422689701,0.422100422689701
"19",-1.29258517034068,0.479383379139553,-4.49899799599198,0.226100422689701,0.422100422689701
"20",-1.09218436873748,0.185004635569628,-4.49899799599198,0.226100422689701,0.422100422689701
"21",-0.711422845691383,-0.00914893868807182,-4.49899799599198,0.226100422689701,0.422100422689701
"22",-0.631262525050101,0.233925097179762,-4.49899799599198,0.226100422689701,0.422100422689701
"23",-0.531062124248497,-0.1170279476636,-4.49899799599198,0.226100422689701,0.422100422689701
"24",-0.511022044088176,0.012717057087616,-4.49899799599198,0.226100422689701,0.422100422689701
"25",-0.270541082164329,-0.122687494934849,-4.49899799599198,0.226100422689701,0.422100422689701
"26",0.190380761523046,-0.369654536839763,-4.49899799599198,0.226100422689701,0.422100422689701
"27",0.490981963927855,-0.705171626683772,-4.49899799599198,0.226100422689701,0.422100422689701
"28",0.651302605210421,-0.731737207194546,-4.49899799599198,0.226100422689701,0.422100422689701
"29",1.27254509018036,-0.834396525936823,-4.49899799599198,0.226100422689701,0.422100422689701
"30",1.43286573146293,-0.451221496760922,-4.49899799599198,0.226100422689701,0.422100422689701
"31",1.85370741482966,-0.427166653756498,-4.49899799599198,0.226100422689701,0.422100422689701
"32",2.11422845691383,-0.398933560311952,-4.49899799599198,0.226100422689701,0.422100422689701
"33",2.21442885771543,-0.38544434518045,-4.49899799599198,0.226100422689701,0.422100422689701
"34",2.25450901803607,-0.158734016932404,-4.49899799599198,0.226100422689701,0.422100422689701
"35",2.49498997995992,-0.22512563149688,-4.49899799599198,0.226100422689701,0.422100422689701
"36",2.55511022044088,-0.153371566528836,-4.49899799599198,0.226100422689701,0.422100422689701
"37",3.27655310621243,-0.411658200701315,-4.49899799599198,0.226100422689701,0.422100422689701
"38",4.49899799599198,-0.372946213527179,-4.49899799599198,0.226100422689701,0.422100422689701
"39",4.71943887775551,-0.241691377898506,-4.49899799599198,0.226100422689701,0.422100422689701
"40",4.79959919839679,-0.307264019484716,-4.49899799599198,0.226100422689701,0.422100422689701
