"","x","yplot","target","ftrue","fwrong"
"1",-4.95991983967936,-0.741719623995958,-3.33667334669339,-0.0947831790086506,0.101216820991349
"2",-4.87975951903808,-0.901425577752883,-3.33667334669339,-0.0947831790086506,0.101216820991349
"3",-4.69939879759519,-0.648721146327338,-3.33667334669339,-0.0947831790086506,0.101216820991349
"4",-4.05811623246493,-0.323923278306018,-3.33667334669339,-0.0947831790086506,0.101216820991349
"5",-4.03807615230461,-0.347073841352798,-3.33667334669339,-0.0947831790086506,0.101216820991349
"6",-3.93787575150301,-0.373822767612913,-3.33667334669339,-0.0947831790086506,0.101216820991349
"7",-3.91783567134269,-0.125044503226467,-3.33667334669339,-0.0947831790086506,0.101216820991349
"8",-3.6372745490982,-0.26917997091924,-3.33667334669339,-0.0947831790086506,0.101216820991349
"9",-3.61723446893788,-0.172291554438098,-3.33667334669339,-0.0947831790086506,0.101216820991349
"10",-3.57715430861723,-0.247866910963874,-3.33667334669339,-0.0947831790086506,0.101216820991349
"11",-3.43687374749499,-0.175234928690113,-3.33667334669339,-0.0947831790086506,0.101216820991349
"12",-2.59519038076152,0.0731511750122886,-3.33667334669339,-0.0947831790086506,0.101216820991349
"13",-1.87374749498998,0.211749172201333,-3.33667334669339,-0.0947831790086506,0.101216820991349
"14",-1.7935871743487,0.42608067794389,-3.33667334669339,-0.0947831790086506,0.101216820991349
"15",-1.73346693386774,0.498559657364243,-3.33667334669339,-0.0947831790086506,0.101216820991349
"16",-1.61322645290581,0.661953682134873,-3.33667334669339,-0.0947831790086506,0.101216820991349
"17",-1.17234468937876,0.55114952554951,-3.33667334669339,-0.0947831790086506,0.101216820991349
"18",-1.05210420841683,0.396933452495868,-3.33667334669339,-0.0947831790086506,0.101216820991349
"19",-0.61122244488978,0.741979781981706,-3.33667334669339,-0.0947831790086506,0.101216820991349
"20",0.6312625250501,0.947467368991214,-3.33667334669339,-0.0947831790086506,0.101216820991349
"21",1.69338677354709,0.894853072603872,-3.33667334669339,-0.0947831790086506,0.101216820991349
"22",1.85370741482966,0.71985531256799,-3.33667334669339,-0.0947831790086506,0.101216820991349
"23",2.11422845691383,0.934309707170649,-3.33667334669339,-0.0947831790086506,0.101216820991349
"24",2.49498997995992,0.834506174842634,-3.33667334669339,-0.0947831790086506,0.101216820991349
"25",3.07615230460922,0.67982920287728,-3.33667334669339,-0.0947831790086506,0.101216820991349
"26",3.81763527054108,0.434538177233252,-3.33667334669339,-0.0947831790086506,0.101216820991349
"27",4.07815631262525,0.252188846605058,-3.33667334669339,-0.0947831790086506,0.101216820991349
"28",4.35871743486974,0.159513620602774,-3.33667334669339,-0.0947831790086506,0.101216820991349
"29",4.47895791583166,-0.0571625155246144,-3.33667334669339,-0.0947831790086506,0.101216820991349
"30",4.77955911823647,-0.0438745296510416,-3.33667334669339,-0.0947831790086506,0.101216820991349
