"","x","yplot","target","ftrue","fwrong"
"1",-4.29859719438878,-0.547151164866916,-0.511022044088176,-0.103568422710507,0.0924315772894932
"2",-3.95791583166333,-0.335465605823071,-0.511022044088176,-0.103568422710507,0.0924315772894932
"3",-3.53707414829659,-0.355350649696727,-0.511022044088176,-0.103568422710507,0.0924315772894932
"4",-3.23647294589178,-0.529973892403209,-0.511022044088176,-0.103568422710507,0.0924315772894932
"5",-2.67535070140281,-0.393094908579272,-0.511022044088176,-0.103568422710507,0.0924315772894932
"6",-1.13226452905812,-0.209563568300796,-0.511022044088176,-0.103568422710507,0.0924315772894932
"7",-0.591182364729459,-0.0663044210810471,-0.511022044088176,-0.103568422710507,0.0924315772894932
"8",0.210420841683367,-0.0723069379820035,-0.511022044088176,-0.103568422710507,0.0924315772894932
"9",4.69939879759519,0.575568112819843,-0.511022044088176,-0.103568422710507,0.0924315772894932
"10",4.73947895791583,0.541545401507489,-0.511022044088176,-0.103568422710507,0.0924315772894932
