"","x","yplot","target","ftrue","fwrong"
"1",-2.97595190380762,0.784577260831294,1.61322645290581,-0.219431484772312,-0.0234314847723122
"2",-0.531062124248497,0.173167437154363,1.61322645290581,-0.219431484772312,-0.0234314847723122
"3",1.05210420841683,-0.0389475883382423,1.61322645290581,-0.219431484772312,-0.0234314847723122
"4",1.27254509018036,-0.388238559295666,1.61322645290581,-0.219431484772312,-0.0234314847723122
"5",1.312625250501,-0.144910591968907,1.61322645290581,-0.219431484772312,-0.0234314847723122
"6",1.75350701402806,-0.0789824561805269,1.61322645290581,-0.219431484772312,-0.0234314847723122
"7",2.15430861723447,-0.215675941421752,1.61322645290581,-0.219431484772312,-0.0234314847723122
"8",2.19438877755511,-0.192542643148494,1.61322645290581,-0.219431484772312,-0.0234314847723122
"9",2.49498997995992,-0.380642857133291,1.61322645290581,-0.219431484772312,-0.0234314847723122
"10",4.17835671342685,-0.350920212481962,1.61322645290581,-0.219431484772312,-0.0234314847723122
