"","x","yplot","target","ftrue","fwrong"
"1",-4.75951903807615,-0.584144263872298,-2.89579158316633,-0.80796917444354,-1.00396917444354
"2",-4.59919839679359,-0.751512619892134,-2.89579158316633,-0.80796917444354,-1.00396917444354
"3",-4.33867735470942,-0.649823771502605,-2.89579158316633,-0.80796917444354,-1.00396917444354
"4",-4.23847695390782,-0.645752277229828,-2.89579158316633,-0.80796917444354,-1.00396917444354
"5",-3.77755511022044,-0.846632742456752,-2.89579158316633,-0.80796917444354,-1.00396917444354
"6",-3.71743486973948,-0.86553322574961,-2.89579158316633,-0.80796917444354,-1.00396917444354
"7",-3.47695390781563,-0.846937845532558,-2.89579158316633,-0.80796917444354,-1.00396917444354
"8",-3.07615230460922,-0.683578193602261,-2.89579158316633,-0.80796917444354,-1.00396917444354
"9",-2.95591182364729,-0.638156219166621,-2.89579158316633,-0.80796917444354,-1.00396917444354
"10",-2.83567134268537,-0.750772357709287,-2.89579158316633,-0.80796917444354,-1.00396917444354
"11",-2.71543086172345,-0.757355901917266,-2.89579158316633,-0.80796917444354,-1.00396917444354
"12",-2.63527054108216,-0.65063176297574,-2.89579158316633,-0.80796917444354,-1.00396917444354
"13",-2.39478957915832,-0.910887248943566,-2.89579158316633,-0.80796917444354,-1.00396917444354
"14",-1.51302605210421,-0.810096697839615,-2.89579158316633,-0.80796917444354,-1.00396917444354
"15",-1.41282565130261,-0.796638422602225,-2.89579158316633,-0.80796917444354,-1.00396917444354
"16",-0.330661322645291,-0.477551790974175,-2.89579158316633,-0.80796917444354,-1.00396917444354
"17",0.0501002004008013,-0.188286940321,-2.89579158316633,-0.80796917444354,-1.00396917444354
"18",0.95190380761523,-0.216903255704923,-2.89579158316633,-0.80796917444354,-1.00396917444354
"19",1.93386773547094,0.154051452096313,-2.89579158316633,-0.80796917444354,-1.00396917444354
"20",2.11422845691383,0.176982740117926,-2.89579158316633,-0.80796917444354,-1.00396917444354
"21",2.63527054108216,0.398701240751024,-2.89579158316633,-0.80796917444354,-1.00396917444354
"22",2.73547094188377,0.254895555869015,-2.89579158316633,-0.80796917444354,-1.00396917444354
"23",3.07615230460922,0.374363487642413,-2.89579158316633,-0.80796917444354,-1.00396917444354
"24",3.17635270541082,0.30802758773457,-2.89579158316633,-0.80796917444354,-1.00396917444354
"25",3.49699398797595,0.636122425267418,-2.89579158316633,-0.80796917444354,-1.00396917444354
"26",3.85771543086172,0.496938808776602,-2.89579158316633,-0.80796917444354,-1.00396917444354
"27",3.97795591182365,0.459452507361413,-2.89579158316633,-0.80796917444354,-1.00396917444354
"28",3.99799599198397,0.48268456421374,-2.89579158316633,-0.80796917444354,-1.00396917444354
"29",4.03807615230461,0.372456574222364,-2.89579158316633,-0.80796917444354,-1.00396917444354
"30",4.95991983967936,0.549988327908641,-2.89579158316633,-0.80796917444354,-1.00396917444354
