"","x","yplot","target","ftrue","fwrong"
"1",-3.35671342685371,0.760531701669025,0.731462925851703,0.226523288890235,0.030523288890235
"2",-1.23246492985972,0.553748392400386,0.731462925851703,0.226523288890235,0.030523288890235
"3",-0.210420841683367,0.453258434847916,0.731462925851703,0.226523288890235,0.030523288890235
"4",0.110220440881763,0.517016153981084,0.731462925851703,0.226523288890235,0.030523288890235
"5",0.250501002004007,0.0797846106260304,0.731462925851703,0.226523288890235,0.030523288890235
"6",0.490981963927855,0.336925573050112,0.731462925851703,0.226523288890235,0.030523288890235
"7",0.731462925851703,0.327699160839348,0.731462925851703,0.226523288890235,0.030523288890235
"8",0.991983967935871,0.164180970417853,0.731462925851703,0.226523288890235,0.030523288890235
"9",1.49298597194389,-0.102532631844383,0.731462925851703,0.226523288890235,0.030523288890235
"10",2.19438877755511,-0.0563406539198054,0.731462925851703,0.226523288890235,0.030523288890235
