"","x","yplot","target","ftrue","fwrong"
"1",-4.19839679358717,0.296189506536212,1.73346693386774,-0.527916813612709,-0.331916813612709
"2",-3.93787575150301,0.504781195543459,1.73346693386774,-0.527916813612709,-0.331916813612709
"3",-3.27655310621242,-0.0753814859596905,1.73346693386774,-0.527916813612709,-0.331916813612709
"4",-2.75551102204409,0.0148235625829484,1.73346693386774,-0.527916813612709,-0.331916813612709
"5",-0.390781563126253,-0.2783148766932,1.73346693386774,-0.527916813612709,-0.331916813612709
"6",0.551102204408817,-0.497646035496012,1.73346693386774,-0.527916813612709,-0.331916813612709
"7",0.791583166332665,-0.431326870814542,1.73346693386774,-0.527916813612709,-0.331916813612709
"8",0.871743486973948,-0.31305609816804,1.73346693386774,-0.527916813612709,-0.331916813612709
"9",0.891783567134269,-0.508090833241407,1.73346693386774,-0.527916813612709,-0.331916813612709
"10",0.911823647294589,-0.510840703776284,1.73346693386774,-0.527916813612709,-0.331916813612709
"11",1.13226452905812,-0.453014759892826,1.73346693386774,-0.527916813612709,-0.331916813612709
"12",1.15230460921844,-0.423492040835297,1.73346693386774,-0.527916813612709,-0.331916813612709
"13",1.312625250501,-0.523356613710853,1.73346693386774,-0.527916813612709,-0.331916813612709
"14",1.35270541082164,-0.491853684358447,1.73346693386774,-0.527916813612709,-0.331916813612709
"15",1.37274549098196,-0.477088476914832,1.73346693386774,-0.527916813612709,-0.331916813612709
"16",1.45290581162325,-0.428377769029154,1.73346693386774,-0.527916813612709,-0.331916813612709
"17",1.57314629258517,-0.431161586139782,1.73346693386774,-0.527916813612709,-0.331916813612709
"18",1.59318637274549,-0.385488708850071,1.73346693386774,-0.527916813612709,-0.331916813612709
"19",1.61322645290581,-0.515040104220381,1.73346693386774,-0.527916813612709,-0.331916813612709
"20",1.63326653306613,-0.301428272410426,1.73346693386774,-0.527916813612709,-0.331916813612709
"21",1.73346693386774,-0.628028314594362,1.73346693386774,-0.527916813612709,-0.331916813612709
"22",1.77354709418838,-0.628822084546426,1.73346693386774,-0.527916813612709,-0.331916813612709
"23",1.91382765531062,-0.559200682236109,1.73346693386774,-0.527916813612709,-0.331916813612709
"24",2.07414829659319,-0.618278005722451,1.73346693386774,-0.527916813612709,-0.331916813612709
"25",2.13426853707415,-0.598905579525745,1.73346693386774,-0.527916813612709,-0.331916813612709
"26",2.15430861723447,-0.473510741507848,1.73346693386774,-0.527916813612709,-0.331916813612709
"27",2.21442885771543,-0.544266392719676,1.73346693386774,-0.527916813612709,-0.331916813612709
"28",2.27454909819639,-0.642232149671333,1.73346693386774,-0.527916813612709,-0.331916813612709
"29",2.29458917835671,-0.586596463709439,1.73346693386774,-0.527916813612709,-0.331916813612709
"30",2.35470941883768,-0.669019999009322,1.73346693386774,-0.527916813612709,-0.331916813612709
"31",2.51503006012024,-0.545359786326923,1.73346693386774,-0.527916813612709,-0.331916813612709
"32",2.55511022044088,-0.805722346120168,1.73346693386774,-0.527916813612709,-0.331916813612709
"33",2.65531062124249,-0.487661850729259,1.73346693386774,-0.527916813612709,-0.331916813612709
"34",2.67535070140281,-0.660094401801127,1.73346693386774,-0.527916813612709,-0.331916813612709
"35",2.95591182364729,-0.47640877877329,1.73346693386774,-0.527916813612709,-0.331916813612709
"36",3.55711422845691,-0.875099284899638,1.73346693386774,-0.527916813612709,-0.331916813612709
"37",3.67735470941884,-0.816836726202598,1.73346693386774,-0.527916813612709,-0.331916813612709
"38",4.05811623246493,-0.89482499407274,1.73346693386774,-0.527916813612709,-0.331916813612709
"39",4.11823647294589,-0.901964457259677,1.73346693386774,-0.527916813612709,-0.331916813612709
"40",4.69939879759519,-0.897173974791046,1.73346693386774,-0.527916813612709,-0.331916813612709
