"","x","yplot","target","ftrue","fwrong"
"1",-4.87975951903808,-0.322831128683943,2.05410821643287,0.326374322804652,0.130374322804652
"2",-4.57915831663327,-0.35800292248835,2.05410821643287,0.326374322804652,0.130374322804652
"3",-4.45891783567134,-0.450996034960096,2.05410821643287,0.326374322804652,0.130374322804652
"4",-3.69739478957916,-0.641417153914664,2.05410821643287,0.326374322804652,0.130374322804652
"5",-3.01603206412826,-0.735309435745916,2.05410821643287,0.326374322804652,0.130374322804652
"6",-1.17234468937876,-0.447127205504975,2.05410821643287,0.326374322804652,0.130374322804652
"7",1.1122244488978,0.0919925803482555,2.05410821643287,0.326374322804652,0.130374322804652
"8",1.15230460921844,0.0220577104433213,2.05410821643287,0.326374322804652,0.130374322804652
"9",1.29258517034068,0.0387584754478707,2.05410821643287,0.326374322804652,0.130374322804652
"10",1.55310621242485,0.212651184059927,2.05410821643287,0.326374322804652,0.130374322804652
"11",1.75350701402806,0.452051875899513,2.05410821643287,0.326374322804652,0.130374322804652
"12",1.81362725450902,0.319002918532218,2.05410821643287,0.326374322804652,0.130374322804652
"13",1.8937875751503,0.0907959310920999,2.05410821643287,0.326374322804652,0.130374322804652
"14",1.91382765531062,0.260264397831227,2.05410821643287,0.326374322804652,0.130374322804652
"15",2.21442885771543,0.286847769355541,2.05410821643287,0.326374322804652,0.130374322804652
"16",2.23446893787575,0.264776057026485,2.05410821643287,0.326374322804652,0.130374322804652
"17",2.35470941883768,0.245246809406639,2.05410821643287,0.326374322804652,0.130374322804652
"18",2.55511022044088,0.584968012706976,2.05410821643287,0.326374322804652,0.130374322804652
"19",2.89579158316633,0.57950831190436,2.05410821643287,0.326374322804652,0.130374322804652
"20",2.99599198396794,0.736819620083116,2.05410821643287,0.326374322804652,0.130374322804652
