"","x","yplot","target","ftrue","fwrong"
"1",-4.83967935871743,-0.773275000221322,4.81963927855711,0.330176667954926,0.134176667954926
"2",-2.55511022044088,-0.585816222268834,4.81963927855711,0.330176667954926,0.134176667954926
"3",-1.35270541082164,-0.265077549871593,4.81963927855711,0.330176667954926,0.134176667954926
"4",1.69338677354709,0.174053533254314,4.81963927855711,0.330176667954926,0.134176667954926
"5",1.71342685370741,0.168401346673285,4.81963927855711,0.330176667954926,0.134176667954926
"6",3.17635270541082,0.347525011886422,4.81963927855711,0.330176667954926,0.134176667954926
"7",3.57715430861723,0.185579971456992,4.81963927855711,0.330176667954926,0.134176667954926
"8",3.85771543086172,0.245555042404393,4.81963927855711,0.330176667954926,0.134176667954926
"9",4.79959919839679,0.35708353327259,4.81963927855711,0.330176667954926,0.134176667954926
"10",4.83967935871743,0.358081586230326,4.81963927855711,0.330176667954926,0.134176667954926
