"","x","yplot","target","ftrue","fwrong"
"1",-5,-0.458142801266935,-4.39879759519038,-0.609790477479698,-0.413790477479698
"2",-4.97995991983968,-0.442163668772136,-4.39879759519038,-0.609790477479698,-0.413790477479698
"3",-4.93987975951904,-0.409776348398224,-4.39879759519038,-0.609790477479698,-0.413790477479698
"4",-4.85971943887776,-0.447328481126395,-4.39879759519038,-0.609790477479698,-0.413790477479698
"5",-4.75951903807615,-0.649700166069544,-4.39879759519038,-0.609790477479698,-0.413790477479698
"6",-4.67935871743487,-0.632505659084126,-4.39879759519038,-0.609790477479698,-0.413790477479698
"7",-4.65931863727455,-0.482093428513861,-4.39879759519038,-0.609790477479698,-0.413790477479698
"8",-4.63927855711423,-0.636203017074043,-4.39879759519038,-0.609790477479698,-0.413790477479698
"9",-4.33867735470942,-0.451229606902967,-4.39879759519038,-0.609790477479698,-0.413790477479698
"10",-4.29859719438878,-0.681215048249738,-4.39879759519038,-0.609790477479698,-0.413790477479698
"11",-4.27855711422846,-0.676951148321625,-4.39879759519038,-0.609790477479698,-0.413790477479698
"12",-4.23847695390782,-0.689830682032078,-4.39879759519038,-0.609790477479698,-0.413790477479698
"13",-4.2184368737475,-0.637276408115424,-4.39879759519038,-0.609790477479698,-0.413790477479698
"14",-4.19839679358717,-0.757654240292382,-4.39879759519038,-0.609790477479698,-0.413790477479698
"15",-3.89779559118236,-0.516676124469231,-4.39879759519038,-0.609790477479698,-0.413790477479698
"16",-3.87775551102204,-0.734580735576031,-4.39879759519038,-0.609790477479698,-0.413790477479698
"17",-3.85771543086172,-0.541311980181706,-4.39879759519038,-0.609790477479698,-0.413790477479698
"18",-3.75751503006012,-0.611789314467778,-4.39879759519038,-0.609790477479698,-0.413790477479698
"19",-3.71743486973948,-0.531656952352702,-4.39879759519038,-0.609790477479698,-0.413790477479698
"20",-3.69739478957916,-0.778877963561083,-4.39879759519038,-0.609790477479698,-0.413790477479698
"21",-3.43687374749499,-0.717195159023543,-4.39879759519038,-0.609790477479698,-0.413790477479698
"22",-3.09619238476954,-0.736712148352591,-4.39879759519038,-0.609790477479698,-0.413790477479698
"23",-0.791583166332665,-0.528938808872813,-4.39879759519038,-0.609790477479698,-0.413790477479698
"24",0.290581162324649,-0.0585253675066831,-4.39879759519038,-0.609790477479698,-0.413790477479698
"25",0.390781563126252,0.148767538856138,-4.39879759519038,-0.609790477479698,-0.413790477479698
"26",0.591182364729459,0.107374965918694,-4.39879759519038,-0.609790477479698,-0.413790477479698
"27",1.81362725450902,0.216849687413247,-4.39879759519038,-0.609790477479698,-0.413790477479698
"28",3.17635270541082,0.56425406067421,-4.39879759519038,-0.609790477479698,-0.413790477479698
"29",3.79759519038076,0.694957129327809,-4.39879759519038,-0.609790477479698,-0.413790477479698
"30",3.87775551102204,0.608762892498139,-4.39879759519038,-0.609790477479698,-0.413790477479698
