"","x","yplot","target","ftrue","fwrong"
"1",-4.77955911823647,0.65977007936153,-3.27655310621242,0.531207703738116,0.335207703738116
"2",-4.23847695390782,0.425826573819583,-3.27655310621242,0.531207703738116,0.335207703738116
"3",-4.17835671342685,0.455170170268309,-3.27655310621242,0.531207703738116,0.335207703738116
"4",-4.07815631262525,0.449540344685352,-3.27655310621242,0.531207703738116,0.335207703738116
"5",-3.8376753507014,0.624400704048601,-3.27655310621242,0.531207703738116,0.335207703738116
"6",-3.59719438877756,0.478743386219081,-3.27655310621242,0.531207703738116,0.335207703738116
"7",-3.57715430861723,0.701366584288273,-3.27655310621242,0.531207703738116,0.335207703738116
"8",-3.55711422845691,0.666337108606226,-3.27655310621242,0.531207703738116,0.335207703738116
"9",-3.53707414829659,0.677628706817373,-3.27655310621242,0.531207703738116,0.335207703738116
"10",-3.33667334669339,0.489782349565798,-3.27655310621242,0.531207703738116,0.335207703738116
"11",-3.23647294589178,0.473680440695284,-3.27655310621242,0.531207703738116,0.335207703738116
"12",-2.71543086172345,0.541020939268819,-3.27655310621242,0.531207703738116,0.335207703738116
"13",-2.69539078156313,0.555268509126033,-3.27655310621242,0.531207703738116,0.335207703738116
"14",-2.55511022044088,0.446510713385403,-3.27655310621242,0.531207703738116,0.335207703738116
"15",-2.31462925851703,0.503733913349793,-3.27655310621242,0.531207703738116,0.335207703738116
"16",0.430861723446894,0.241227088637275,-3.27655310621242,0.531207703738116,0.335207703738116
"17",0.490981963927855,-0.103156303973918,-3.27655310621242,0.531207703738116,0.335207703738116
"18",1.27254509018036,-0.143284729301183,-3.27655310621242,0.531207703738116,0.335207703738116
"19",4.13827655310621,-0.362988003847447,-3.27655310621242,0.531207703738116,0.335207703738116
"20",4.87975951903808,-0.560244661187823,-3.27655310621242,0.531207703738116,0.335207703738116
