"","x","yplot","target","ftrue","fwrong"
"1",-3.45691382765531,-0.895440437779634,-1.71342685370742,-0.477421193328096,-0.281421193328096
"2",-3.2565130260521,-1.02718402791839,-1.71342685370742,-0.477421193328096,-0.281421193328096
"3",-2.95591182364729,-1.03198386020856,-1.71342685370742,-0.477421193328096,-0.281421193328096
"4",-2.25450901803607,-0.800197967951813,-1.71342685370742,-0.477421193328096,-0.281421193328096
"5",-2.03406813627255,-0.788704247880228,-1.71342685370742,-0.477421193328096,-0.281421193328096
"6",-1.47294589178357,-0.197149821344266,-1.71342685370742,-0.477421193328096,-0.281421193328096
"7",-1.23246492985972,-0.109463606503033,-1.71342685370742,-0.477421193328096,-0.281421193328096
"8",-1.09218436873748,-0.0856083465720407,-1.71342685370742,-0.477421193328096,-0.281421193328096
"9",-0.91182364729459,0.0274662482718165,-1.71342685370742,-0.477421193328096,-0.281421193328096
"10",-0.0901803607214431,0.274475159885905,-1.71342685370742,-0.477421193328096,-0.281421193328096
"11",-0.0501002004008022,0.52026713501704,-1.71342685370742,-0.477421193328096,-0.281421193328096
"12",1.71342685370741,0.122699965948332,-1.71342685370742,-0.477421193328096,-0.281421193328096
"13",2.01402805611222,0.0152118344696059,-1.71342685370742,-0.477421193328096,-0.281421193328096
"14",2.03406813627254,-0.136400300528923,-1.71342685370742,-0.477421193328096,-0.281421193328096
"15",3.43687374749499,-0.89376425220524,-1.71342685370742,-0.477421193328096,-0.281421193328096
"16",3.47695390781563,-0.7964963242121,-1.71342685370742,-0.477421193328096,-0.281421193328096
"17",3.53707414829659,-0.946193090464738,-1.71342685370742,-0.477421193328096,-0.281421193328096
"18",4.01803607214429,-1.07585124213123,-1.71342685370742,-0.477421193328096,-0.281421193328096
"19",4.21843687374749,-0.699734349662142,-1.71342685370742,-0.477421193328096,-0.281421193328096
"20",4.43887775551102,-0.764805077299055,-1.71342685370742,-0.477421193328096,-0.281421193328096
