"","x","yplot","target","ftrue","fwrong"
"1",-2.93587174348697,0.77606597605865,-2.79559118236473,0.63252514303741,0.82852514303741
"2",-2.53507014028056,0.641372067946945,-2.79559118236473,0.63252514303741,0.82852514303741
"3",-2.09418837675351,0.43581452830536,-2.79559118236473,0.63252514303741,0.82852514303741
"4",0.170340681362725,0.390072948466103,-2.79559118236473,0.63252514303741,0.82852514303741
"5",1.15230460921844,0.233072968441192,-2.79559118236473,0.63252514303741,0.82852514303741
"6",2.63527054108216,-0.275249623177602,-2.79559118236473,0.63252514303741,0.82852514303741
"7",2.79559118236473,0.0284799414124178,-2.79559118236473,0.63252514303741,0.82852514303741
"8",2.89579158316633,-0.118511165606888,-2.79559118236473,0.63252514303741,0.82852514303741
"9",3.7374749498998,-0.227920017754796,-2.79559118236473,0.63252514303741,0.82852514303741
"10",3.81763527054108,-0.225184107733489,-2.79559118236473,0.63252514303741,0.82852514303741
