"","x","yplot","target","ftrue","fwrong"
"1",-4.93987975951904,0.891695532311217,0.95190380761523,0.17235306791208,-0.0236469320879196
"2",-3.35671342685371,0.500459666323833,0.95190380761523,0.17235306791208,-0.0236469320879196
"3",-3.1563126252505,0.344236206104587,0.95190380761523,0.17235306791208,-0.0236469320879196
"4",-2.87575150300601,0.545676461540037,0.95190380761523,0.17235306791208,-0.0236469320879196
"5",-2.83567134268537,0.388739149591189,0.95190380761523,0.17235306791208,-0.0236469320879196
"6",-2.75551102204409,0.231368216298657,0.95190380761523,0.17235306791208,-0.0236469320879196
"7",-2.09418837675351,0.582016736770317,0.95190380761523,0.17235306791208,-0.0236469320879196
"8",-1.91382765531062,0.359993532510793,0.95190380761523,0.17235306791208,-0.0236469320879196
"9",-1.69338677354709,0.625913011444052,0.95190380761523,0.17235306791208,-0.0236469320879196
"10",-1.37274549098196,0.559527477112758,0.95190380761523,0.17235306791208,-0.0236469320879196
"11",-0.811623246492986,0.508185756123245,0.95190380761523,0.17235306791208,-0.0236469320879196
"12",-0.0300601202404813,0.348005283975769,0.95190380761523,0.17235306791208,-0.0236469320879196
"13",-0.0100200400801604,0.178944056733155,0.95190380761523,0.17235306791208,-0.0236469320879196
"14",0.0100200400801604,0.311682922421333,0.95190380761523,0.17235306791208,-0.0236469320879196
"15",0.0501002004008013,0.52610714800769,0.95190380761523,0.17235306791208,-0.0236469320879196
"16",0.0901803607214431,0.37291279068553,0.95190380761523,0.17235306791208,-0.0236469320879196
"17",0.130260521042084,0.47772979957073,0.95190380761523,0.17235306791208,-0.0236469320879196
"18",0.190380761523046,0.306662815764172,0.95190380761523,0.17235306791208,-0.0236469320879196
"19",0.230460921843687,0.368267732458292,0.95190380761523,0.17235306791208,-0.0236469320879196
"20",0.270541082164328,0.409377240028223,0.95190380761523,0.17235306791208,-0.0236469320879196
"21",0.290581162324649,0.259478310556237,0.95190380761523,0.17235306791208,-0.0236469320879196
"22",0.511022044088176,0.147108972450042,0.95190380761523,0.17235306791208,-0.0236469320879196
"23",0.591182364729459,0.34030740752609,0.95190380761523,0.17235306791208,-0.0236469320879196
"24",0.6312625250501,0.241432272391452,0.95190380761523,0.17235306791208,-0.0236469320879196
"25",0.651302605210421,0.371634374404168,0.95190380761523,0.17235306791208,-0.0236469320879196
"26",0.671342685370742,0.234499206941364,0.95190380761523,0.17235306791208,-0.0236469320879196
"27",0.691382765531062,0.451634203660065,0.95190380761523,0.17235306791208,-0.0236469320879196
"28",0.731462925851703,0.394125437359478,0.95190380761523,0.17235306791208,-0.0236469320879196
"29",0.851703406813627,0.160385760814524,0.95190380761523,0.17235306791208,-0.0236469320879196
"30",0.871743486973948,0.099173060530211,0.95190380761523,0.17235306791208,-0.0236469320879196
"31",0.891783567134269,0.268950662959885,0.95190380761523,0.17235306791208,-0.0236469320879196
"32",0.93186372745491,0.0803873139494256,0.95190380761523,0.17235306791208,-0.0236469320879196
"33",1.01202404809619,0.301220623369776,0.95190380761523,0.17235306791208,-0.0236469320879196
"34",1.03206412825651,0.123097420489649,0.95190380761523,0.17235306791208,-0.0236469320879196
"35",1.13226452905812,0.298643614937144,0.95190380761523,0.17235306791208,-0.0236469320879196
"36",1.15230460921844,-0.00878003536592381,0.95190380761523,0.17235306791208,-0.0236469320879196
"37",1.2124248496994,0.148393921557033,0.95190380761523,0.17235306791208,-0.0236469320879196
"38",1.29258517034068,0.0364135913408547,0.95190380761523,0.17235306791208,-0.0236469320879196
"39",1.33266533066132,-0.122231220215631,0.95190380761523,0.17235306791208,-0.0236469320879196
"40",1.45290581162325,0.100699703771609,0.95190380761523,0.17235306791208,-0.0236469320879196
"41",1.49298597194389,0.0690166207794595,0.95190380761523,0.17235306791208,-0.0236469320879196
"42",1.51302605210421,0.0509292991148078,0.95190380761523,0.17235306791208,-0.0236469320879196
"43",1.55310621242485,-0.0297771911366247,0.95190380761523,0.17235306791208,-0.0236469320879196
"44",1.71342685370741,-0.102590628086321,0.95190380761523,0.17235306791208,-0.0236469320879196
"45",1.77354709418838,-0.229909510719244,0.95190380761523,0.17235306791208,-0.0236469320879196
"46",1.83366733466934,-0.172834934282659,0.95190380761523,0.17235306791208,-0.0236469320879196
"47",2.13426853707415,-0.334390311143471,0.95190380761523,0.17235306791208,-0.0236469320879196
"48",2.83567134268537,-0.475885328064285,0.95190380761523,0.17235306791208,-0.0236469320879196
"49",4.25851703406814,-0.506481554826456,0.95190380761523,0.17235306791208,-0.0236469320879196
"50",4.93987975951904,-0.611370017296759,0.95190380761523,0.17235306791208,-0.0236469320879196
