"","x","yplot","target","ftrue","fwrong"
"1",-4.01803607214429,-0.18236674644327,4.5190380761523,0.869630267285779,1.06563026728578
"2",-3.19639278557114,-0.0552027495715941,4.5190380761523,0.869630267285779,1.06563026728578
"3",-2.27454909819639,0.174843984108892,4.5190380761523,0.869630267285779,1.06563026728578
"4",-0.691382765531062,0.354929422356085,4.5190380761523,0.869630267285779,1.06563026728578
"5",0.430861723446894,0.515137941663778,4.5190380761523,0.869630267285779,1.06563026728578
"6",0.871743486973948,0.468633468806939,4.5190380761523,0.869630267285779,1.06563026728578
"7",0.93186372745491,0.471241831191294,4.5190380761523,0.869630267285779,1.06563026728578
"8",1.13226452905812,0.525464671640047,4.5190380761523,0.869630267285779,1.06563026728578
"9",1.29258517034068,0.524961030425549,4.5190380761523,0.869630267285779,1.06563026728578
"10",1.4128256513026,0.528947992658382,4.5190380761523,0.869630267285779,1.06563026728578
"11",2.13426853707415,0.499371174636213,4.5190380761523,0.869630267285779,1.06563026728578
"12",2.15430861723447,0.470708340611506,4.5190380761523,0.869630267285779,1.06563026728578
"13",3.55711422845691,0.782829997048816,4.5190380761523,0.869630267285779,1.06563026728578
"14",3.61723446893788,0.86310133789056,4.5190380761523,0.869630267285779,1.06563026728578
"15",3.67735470941884,0.802047007726916,4.5190380761523,0.869630267285779,1.06563026728578
"16",3.69739478957916,0.846712596375589,4.5190380761523,0.869630267285779,1.06563026728578
"17",3.75751503006012,0.64567763694041,4.5190380761523,0.869630267285779,1.06563026728578
"18",3.77755511022044,0.878369678587398,4.5190380761523,0.869630267285779,1.06563026728578
"19",3.8376753507014,0.679930669906459,4.5190380761523,0.869630267285779,1.06563026728578
"20",3.85771543086172,0.728547487375439,4.5190380761523,0.869630267285779,1.06563026728578
"21",3.91783567134268,0.857002804288042,4.5190380761523,0.869630267285779,1.06563026728578
"22",3.97795591182365,0.869875206599031,4.5190380761523,0.869630267285779,1.06563026728578
"23",4.01803607214429,0.669651781472561,4.5190380761523,0.869630267285779,1.06563026728578
"24",4.05811623246493,0.800159916622047,4.5190380761523,0.869630267285779,1.06563026728578
"25",4.07815631262525,0.955970430857015,4.5190380761523,0.869630267285779,1.06563026728578
"26",4.09819639278557,0.76467057243109,4.5190380761523,0.869630267285779,1.06563026728578
"27",4.13827655310621,0.601506019021712,4.5190380761523,0.869630267285779,1.06563026728578
"28",4.15831663326653,0.650653249361671,4.5190380761523,0.869630267285779,1.06563026728578
"29",4.25851703406814,0.845653218550048,4.5190380761523,0.869630267285779,1.06563026728578
"30",4.27855711422846,0.756168264637794,4.5190380761523,0.869630267285779,1.06563026728578
"31",4.29859719438878,0.821498239447561,4.5190380761523,0.869630267285779,1.06563026728578
"32",4.33867735470942,0.898686331935023,4.5190380761523,0.869630267285779,1.06563026728578
"33",4.35871743486974,0.758712536915421,4.5190380761523,0.869630267285779,1.06563026728578
"34",4.4188376753507,0.71787883912988,4.5190380761523,0.869630267285779,1.06563026728578
"35",4.53907815631263,1.02557837408655,4.5190380761523,0.869630267285779,1.06563026728578
"36",4.67935871743487,0.833072808191609,4.5190380761523,0.869630267285779,1.06563026728578
"37",4.71943887775551,0.917203737167391,4.5190380761523,0.869630267285779,1.06563026728578
"38",4.91983967935872,0.861926382108375,4.5190380761523,0.869630267285779,1.06563026728578
"39",4.95991983967936,1.05608839886614,4.5190380761523,0.869630267285779,1.06563026728578
"40",4.97995991983968,0.71253202420314,4.5190380761523,0.869630267285779,1.06563026728578
