"","x","yplot","target","ftrue","fwrong"
"1",-4.81963927855711,-0.850049321134474,3.67735470941884,-0.452731963524029,-0.648731963524029
"2",-4.25851703406814,-0.901806325541319,3.67735470941884,-0.452731963524029,-0.648731963524029
"3",-3.37675350701403,-0.409827346105869,3.67735470941884,-0.452731963524029,-0.648731963524029
"4",-3.19639278557114,-0.554071102429921,3.67735470941884,-0.452731963524029,-0.648731963524029
"5",-1.83366733466934,0.251243898053468,3.67735470941884,-0.452731963524029,-0.648731963524029
"6",-1.45290581162325,0.211630110899005,3.67735470941884,-0.452731963524029,-0.648731963524029
"7",0.911823647294589,0.837068869778606,3.67735470941884,-0.452731963524029,-0.648731963524029
"8",0.971943887775551,0.84508838653147,3.67735470941884,-0.452731963524029,-0.648731963524029
"9",2.49498997995992,-0.0134532511523822,3.67735470941884,-0.452731963524029,-0.648731963524029
"10",2.69539078156313,-0.196097735206129,3.67735470941884,-0.452731963524029,-0.648731963524029
"11",2.77555110220441,-0.275081673285461,3.67735470941884,-0.452731963524029,-0.648731963524029
"12",2.83567134268537,-0.0703248647296174,3.67735470941884,-0.452731963524029,-0.648731963524029
"13",2.87575150300601,-0.0335279403624221,3.67735470941884,-0.452731963524029,-0.648731963524029
"14",3.03607214428858,-0.278875080007599,3.67735470941884,-0.452731963524029,-0.648731963524029
"15",3.09619238476954,-0.459581346549878,3.67735470941884,-0.452731963524029,-0.648731963524029
"16",3.13627254509018,-0.326166174451906,3.67735470941884,-0.452731963524029,-0.648731963524029
"17",3.19639278557114,-0.347137055885762,3.67735470941884,-0.452731963524029,-0.648731963524029
"18",3.23647294589178,-0.483566894137142,3.67735470941884,-0.452731963524029,-0.648731963524029
"19",3.27655310621243,-0.434342392260599,3.67735470941884,-0.452731963524029,-0.648731963524029
"20",3.41683366733467,-0.476928715791901,3.67735470941884,-0.452731963524029,-0.648731963524029
"21",3.45691382765531,-0.532187862914399,3.67735470941884,-0.452731963524029,-0.648731963524029
"22",3.61723446893788,-0.415510535982869,3.67735470941884,-0.452731963524029,-0.648731963524029
"23",3.89779559118236,-0.538697573715824,3.67735470941884,-0.452731963524029,-0.648731963524029
"24",3.97795591182365,-0.507969505321129,3.67735470941884,-0.452731963524029,-0.648731963524029
"25",4.03807615230461,-0.370995816157168,3.67735470941884,-0.452731963524029,-0.648731963524029
"26",4.05811623246493,-0.454346129611258,3.67735470941884,-0.452731963524029,-0.648731963524029
"27",4.11823647294589,-0.326435687347669,3.67735470941884,-0.452731963524029,-0.648731963524029
"28",4.25851703406814,-0.161600297882005,3.67735470941884,-0.452731963524029,-0.648731963524029
"29",4.47895791583166,-0.0347882408140688,3.67735470941884,-0.452731963524029,-0.648731963524029
"30",4.57915831663327,-0.222328754957898,3.67735470941884,-0.452731963524029,-0.648731963524029
