"","x","yplot","target","ftrue","fwrong"
"1",-4.13827655310621,0.267893042544775,-1.13226452905812,-0.496269653119856,-0.692269653119856
"2",-3.91783567134269,0.0739783694539514,-1.13226452905812,-0.496269653119856,-0.692269653119856
"3",-3.71743486973948,0.0999608917605021,-1.13226452905812,-0.496269653119856,-0.692269653119856
"4",-2.63527054108216,-0.0455081163988349,-1.13226452905812,-0.496269653119856,-0.692269653119856
"5",-2.03406813627255,-0.346327055632428,-1.13226452905812,-0.496269653119856,-0.692269653119856
"6",-2.01402805611222,-0.344484098013037,-1.13226452905812,-0.496269653119856,-0.692269653119856
"7",-1.7935871743487,-0.188314066888514,-1.13226452905812,-0.496269653119856,-0.692269653119856
"8",-1.55310621242485,-0.523618571527538,-1.13226452905812,-0.496269653119856,-0.692269653119856
"9",-1.35270541082164,-0.475521035120289,-1.13226452905812,-0.496269653119856,-0.692269653119856
"10",-0.31062124248497,-0.689094148926383,-1.13226452905812,-0.496269653119856,-0.692269653119856
"11",0.250501002004007,-0.918545622820158,-1.13226452905812,-0.496269653119856,-0.692269653119856
"12",2.27454909819639,-0.836618692313308,-1.13226452905812,-0.496269653119856,-0.692269653119856
"13",2.53507014028056,-0.650317567960257,-1.13226452905812,-0.496269653119856,-0.692269653119856
"14",2.63527054108216,-0.759285066421542,-1.13226452905812,-0.496269653119856,-0.692269653119856
"15",2.73547094188377,-0.958549276510994,-1.13226452905812,-0.496269653119856,-0.692269653119856
"16",3.07615230460922,-0.751752888299035,-1.13226452905812,-0.496269653119856,-0.692269653119856
"17",3.59719438877755,-0.478526802458997,-1.13226452905812,-0.496269653119856,-0.692269653119856
"18",3.87775551102204,-0.473786135302968,-1.13226452905812,-0.496269653119856,-0.692269653119856
"19",4.39879759519038,-0.297653844340023,-1.13226452905812,-0.496269653119856,-0.692269653119856
"20",4.73947895791583,-0.10184159000136,-1.13226452905812,-0.496269653119856,-0.692269653119856
