"","x","yplot","target","ftrue","fwrong"
"1",-4.29859719438878,-0.495998384865097,-3.31663326653307,-0.64364576974892,-0.83964576974892
"2",-4.13827655310621,-0.411376729566654,-3.31663326653307,-0.64364576974892,-0.83964576974892
"3",-4.11823647294589,-0.571519581313275,-3.31663326653307,-0.64364576974892,-0.83964576974892
"4",-3.7374749498998,-0.35464376389586,-3.31663326653307,-0.64364576974892,-0.83964576974892
"5",-3.17635270541082,-0.817180187390753,-3.31663326653307,-0.64364576974892,-0.83964576974892
"6",-2.79559118236473,-0.634419744611623,-3.31663326653307,-0.64364576974892,-0.83964576974892
"7",-2.71543086172345,-0.607278469087738,-3.31663326653307,-0.64364576974892,-0.83964576974892
"8",-1.63326653306613,-0.581351412693557,-3.31663326653307,-0.64364576974892,-0.83964576974892
"9",0.370741482965932,0.106571056980173,-3.31663326653307,-0.64364576974892,-0.83964576974892
"10",2.55511022044088,-0.13768468997369,-3.31663326653307,-0.64364576974892,-0.83964576974892
