"","x","yplot","target","ftrue","fwrong"
"1",-4.75951903807615,0.345670139320608,3.69739478957916,-0.89260672481031,-1.08860672481031
"2",-3.91783567134269,0.741261372585301,3.69739478957916,-0.89260672481031,-1.08860672481031
"3",-3.27655310621242,0.95384698670288,3.69739478957916,-0.89260672481031,-1.08860672481031
"4",-2.89579158316633,0.861040482766556,3.69739478957916,-0.89260672481031,-1.08860672481031
"5",-2.77555110220441,0.88571617648269,3.69739478957916,-0.89260672481031,-1.08860672481031
"6",-2.61523046092184,0.864226271418756,3.69739478957916,-0.89260672481031,-1.08860672481031
"7",-1.41282565130261,0.856203231357224,3.69739478957916,-0.89260672481031,-1.08860672481031
"8",-0.771543086172345,0.609513807234647,3.69739478957916,-0.89260672481031,-1.08860672481031
"9",-0.571142284569138,0.605796746432691,3.69739478957916,-0.89260672481031,-1.08860672481031
"10",-0.370741482965932,0.375789075223216,3.69739478957916,-0.89260672481031,-1.08860672481031
"11",2.71543086172345,-0.585639564964418,3.69739478957916,-0.89260672481031,-1.08860672481031
"12",2.77555110220441,-0.60847900030173,3.69739478957916,-0.89260672481031,-1.08860672481031
"13",2.89579158316633,-0.709284375564458,3.69739478957916,-0.89260672481031,-1.08860672481031
"14",2.97595190380761,-0.609740038259949,3.69739478957916,-0.89260672481031,-1.08860672481031
"15",2.99599198396794,-0.700639710408174,3.69739478957916,-0.89260672481031,-1.08860672481031
"16",3.01603206412826,-0.900621733990735,3.69739478957916,-0.89260672481031,-1.08860672481031
"17",3.07615230460922,-0.739255950037951,3.69739478957916,-0.89260672481031,-1.08860672481031
"18",3.17635270541082,-0.874188576498779,3.69739478957916,-0.89260672481031,-1.08860672481031
"19",3.33667334669339,-0.975815720190182,3.69739478957916,-0.89260672481031,-1.08860672481031
"20",3.37675350701403,-0.877582719991968,3.69739478957916,-0.89260672481031,-1.08860672481031
"21",3.47695390781563,-0.800370258681069,3.69739478957916,-0.89260672481031,-1.08860672481031
"22",3.49699398797595,-0.76643559717522,3.69739478957916,-0.89260672481031,-1.08860672481031
"23",3.55711422845691,-1.05478938415996,3.69739478957916,-0.89260672481031,-1.08860672481031
"24",3.67735470941884,-0.74247119171394,3.69739478957916,-0.89260672481031,-1.08860672481031
"25",3.7374749498998,-1.01570185933074,3.69739478957916,-0.89260672481031,-1.08860672481031
"26",3.8376753507014,-1.0261389179171,3.69739478957916,-0.89260672481031,-1.08860672481031
"27",3.87775551102204,-0.919496117564692,3.69739478957916,-0.89260672481031,-1.08860672481031
"28",4.13827655310621,-1.00250294764879,3.69739478957916,-0.89260672481031,-1.08860672481031
"29",4.19839679358717,-1.00139501686651,3.69739478957916,-0.89260672481031,-1.08860672481031
"30",4.21843687374749,-1.15683184753845,3.69739478957916,-0.89260672481031,-1.08860672481031
"31",4.25851703406814,-1.00690264010755,3.69739478957916,-0.89260672481031,-1.08860672481031
"32",4.39879759519038,-1.04089981060275,3.69739478957916,-0.89260672481031,-1.08860672481031
"33",4.47895791583166,-1.30480094364566,3.69739478957916,-0.89260672481031,-1.08860672481031
"34",4.53907815631263,-1.00068451191217,3.69739478957916,-0.89260672481031,-1.08860672481031
"35",4.55911823647295,-0.978080472396817,3.69739478957916,-0.89260672481031,-1.08860672481031
"36",4.59919839679359,-1.28586479534452,3.69739478957916,-0.89260672481031,-1.08860672481031
"37",4.65931863727455,-0.854742629452252,3.69739478957916,-0.89260672481031,-1.08860672481031
"38",4.67935871743487,-1.014873611853,3.69739478957916,-0.89260672481031,-1.08860672481031
"39",4.71943887775551,-0.879191031534988,3.69739478957916,-0.89260672481031,-1.08860672481031
"40",4.75951903807615,-1.01973079855054,3.69739478957916,-0.89260672481031,-1.08860672481031
