"","x","yplot","target","ftrue","fwrong"
"1",-4.8997995991984,-0.846520360330842,3.7374749498998,0.745239619305429,0.549239619305429
"2",-4.81963927855711,-0.597956915938953,3.7374749498998,0.745239619305429,0.549239619305429
"3",-4.4188376753507,-0.767723370755324,3.7374749498998,0.745239619305429,0.549239619305429
"4",-3.33667334669339,-0.677192857764367,3.7374749498998,0.745239619305429,0.549239619305429
"5",-3.13627254509018,-0.596294933099184,3.7374749498998,0.745239619305429,0.549239619305429
"6",-2.61523046092184,-0.625813634505812,3.7374749498998,0.745239619305429,0.549239619305429
"7",-1.83366733466934,-0.22830257538006,3.7374749498998,0.745239619305429,0.549239619305429
"8",-1.2124248496994,-0.0483910772641726,3.7374749498998,0.745239619305429,0.549239619305429
"9",-0.290581162324649,0.210297036419987,3.7374749498998,0.745239619305429,0.549239619305429
"10",-0.130260521042084,0.328613097551268,3.7374749498998,0.745239619305429,0.549239619305429
"11",0.991983967935871,0.448472305140531,3.7374749498998,0.745239619305429,0.549239619305429
"12",1.05210420841683,0.341822258821911,3.7374749498998,0.745239619305429,0.549239619305429
"13",1.73346693386774,0.550564937834641,3.7374749498998,0.745239619305429,0.549239619305429
"14",2.29458917835671,0.711109763405204,3.7374749498998,0.745239619305429,0.549239619305429
"15",2.31462925851703,0.775114875395869,3.7374749498998,0.745239619305429,0.549239619305429
"16",2.77555110220441,0.709333966101181,3.7374749498998,0.745239619305429,0.549239619305429
"17",2.79559118236473,0.902340056906883,3.7374749498998,0.745239619305429,0.549239619305429
"18",2.83567134268537,0.512994098993994,3.7374749498998,0.745239619305429,0.549239619305429
"19",3.09619238476954,0.97174892421913,3.7374749498998,0.745239619305429,0.549239619305429
"20",3.11623246492986,0.773847013341493,3.7374749498998,0.745239619305429,0.549239619305429
"21",3.21643286573146,0.674259579236037,3.7374749498998,0.745239619305429,0.549239619305429
"22",3.23647294589178,0.602400115856849,3.7374749498998,0.745239619305429,0.549239619305429
"23",3.2565130260521,0.806940881439842,3.7374749498998,0.745239619305429,0.549239619305429
"24",3.29659318637274,0.639921021399893,3.7374749498998,0.745239619305429,0.549239619305429
"25",3.41683366733467,0.938869686464197,3.7374749498998,0.745239619305429,0.549239619305429
"26",3.43687374749499,0.869378897672816,3.7374749498998,0.745239619305429,0.549239619305429
"27",3.45691382765531,0.716103402036162,3.7374749498998,0.745239619305429,0.549239619305429
"28",3.47695390781563,0.739835495669392,3.7374749498998,0.745239619305429,0.549239619305429
"29",3.49699398797595,0.705854161970472,3.7374749498998,0.745239619305429,0.549239619305429
"30",3.51703406813627,0.725119267032522,3.7374749498998,0.745239619305429,0.549239619305429
"31",3.53707414829659,0.924765543525623,3.7374749498998,0.745239619305429,0.549239619305429
"32",3.59719438877755,0.579706981623721,3.7374749498998,0.745239619305429,0.549239619305429
"33",3.6372745490982,0.717700415107183,3.7374749498998,0.745239619305429,0.549239619305429
"34",3.65731462925852,0.887699004760711,3.7374749498998,0.745239619305429,0.549239619305429
"35",3.67735470941884,0.728689201286788,3.7374749498998,0.745239619305429,0.549239619305429
"36",3.69739478957916,0.633725096404219,3.7374749498998,0.745239619305429,0.549239619305429
"37",3.71743486973948,0.700673848330112,3.7374749498998,0.745239619305429,0.549239619305429
"38",3.79759519038076,0.777410840308243,3.7374749498998,0.745239619305429,0.549239619305429
"39",3.85771543086172,0.882173032314422,3.7374749498998,0.745239619305429,0.549239619305429
"40",3.89779559118236,0.64893436071806,3.7374749498998,0.745239619305429,0.549239619305429
"41",3.93787575150301,0.751840174095789,3.7374749498998,0.745239619305429,0.549239619305429
"42",4.13827655310621,0.608598723778608,3.7374749498998,0.745239619305429,0.549239619305429
"43",4.17835671342685,0.769427180193462,3.7374749498998,0.745239619305429,0.549239619305429
"44",4.19839679358717,0.673292451920129,3.7374749498998,0.745239619305429,0.549239619305429
"45",4.23847695390782,0.580940961147217,3.7374749498998,0.745239619305429,0.549239619305429
"46",4.27855711422846,0.714010396395586,3.7374749498998,0.745239619305429,0.549239619305429
"47",4.35871743486974,0.627452230874689,3.7374749498998,0.745239619305429,0.549239619305429
"48",4.37875751503006,0.720420665198005,3.7374749498998,0.745239619305429,0.549239619305429
"49",4.45891783567134,0.792319256932287,3.7374749498998,0.745239619305429,0.549239619305429
"50",4.53907815631263,0.726233799605274,3.7374749498998,0.745239619305429,0.549239619305429
