"","x","yplot","target","ftrue","fwrong"
"1",-4.91983967935872,-0.318943523990472,-1.9939879759519,0.602535239259369,0.406535239259369
"2",-4.83967935871743,-0.348269652358957,-1.9939879759519,0.602535239259369,0.406535239259369
"3",-4.77955911823647,-0.48067168243838,-1.9939879759519,0.602535239259369,0.406535239259369
"4",-4.71943887775551,-0.355686734563515,-1.9939879759519,0.602535239259369,0.406535239259369
"5",-3.01603206412826,0.416969319131915,-1.9939879759519,0.602535239259369,0.406535239259369
"6",-2.95591182364729,0.243869741870802,-1.9939879759519,0.602535239259369,0.406535239259369
"7",-2.89579158316633,0.490727132307864,-1.9939879759519,0.602535239259369,0.406535239259369
"8",-2.83567134268537,0.499273590446388,-1.9939879759519,0.602535239259369,0.406535239259369
"9",-2.79559118236473,0.301060018318004,-1.9939879759519,0.602535239259369,0.406535239259369
"10",-2.75551102204409,0.475348348352167,-1.9939879759519,0.602535239259369,0.406535239259369
"11",-2.71543086172345,0.322396222741294,-1.9939879759519,0.602535239259369,0.406535239259369
"12",-2.59519038076152,0.507494356533999,-1.9939879759519,0.602535239259369,0.406535239259369
"13",-2.5751503006012,0.505066540621233,-1.9939879759519,0.602535239259369,0.406535239259369
"14",-2.53507014028056,0.392989715287411,-1.9939879759519,0.602535239259369,0.406535239259369
"15",-2.51503006012024,0.526238983457759,-1.9939879759519,0.602535239259369,0.406535239259369
"16",-2.39478957915832,0.58925238772124,-1.9939879759519,0.602535239259369,0.406535239259369
"17",-2.31462925851703,0.729416552253989,-1.9939879759519,0.602535239259369,0.406535239259369
"18",-2.23446893787575,0.482019528599521,-1.9939879759519,0.602535239259369,0.406535239259369
"19",-2.21442885771543,0.754811136580131,-1.9939879759519,0.602535239259369,0.406535239259369
"20",-2.19438877755511,0.517913557571278,-1.9939879759519,0.602535239259369,0.406535239259369
"21",-2.07414829659319,0.681721682077759,-1.9939879759519,0.602535239259369,0.406535239259369
"22",-1.9939879759519,0.710416985706593,-1.9939879759519,0.602535239259369,0.406535239259369
"23",-1.97394789579158,0.592743769854099,-1.9939879759519,0.602535239259369,0.406535239259369
"24",-1.95390781563126,0.681626092063151,-1.9939879759519,0.602535239259369,0.406535239259369
"25",-1.91382765531062,0.867138442707742,-1.9939879759519,0.602535239259369,0.406535239259369
"26",-1.83366733466934,0.655399532124564,-1.9939879759519,0.602535239259369,0.406535239259369
"27",-1.81362725450902,0.411300470274516,-1.9939879759519,0.602535239259369,0.406535239259369
"28",-1.73346693386774,0.625567188403787,-1.9939879759519,0.602535239259369,0.406535239259369
"29",-1.67334669338677,0.498779087323878,-1.9939879759519,0.602535239259369,0.406535239259369
"30",-1.65330661322645,0.547326133069769,-1.9939879759519,0.602535239259369,0.406535239259369
"31",-1.63326653306613,0.713242268861348,-1.9939879759519,0.602535239259369,0.406535239259369
"32",-1.47294589178357,0.670661928638657,-1.9939879759519,0.602535239259369,0.406535239259369
"33",-1.37274549098196,0.736938817222783,-1.9939879759519,0.602535239259369,0.406535239259369
"34",-1.33266533066132,0.631313707649226,-1.9939879759519,0.602535239259369,0.406535239259369
"35",-1.2124248496994,0.813690649434452,-1.9939879759519,0.602535239259369,0.406535239259369
"36",-1.19238476953908,0.70037974869798,-1.9939879759519,0.602535239259369,0.406535239259369
"37",-1.17234468937876,0.927684911383562,-1.9939879759519,0.602535239259369,0.406535239259369
"38",-1.15230460921844,0.916883661697789,-1.9939879759519,0.602535239259369,0.406535239259369
"39",-1.07214428857715,0.703260821457702,-1.9939879759519,0.602535239259369,0.406535239259369
"40",-1.03206412825651,0.862303903987156,-1.9939879759519,0.602535239259369,0.406535239259369
"41",-0.631262525050101,0.82748754047573,-1.9939879759519,0.602535239259369,0.406535239259369
"42",-0.61122244488978,0.65235892039308,-1.9939879759519,0.602535239259369,0.406535239259369
"43",-0.511022044088176,0.881674601787835,-1.9939879759519,0.602535239259369,0.406535239259369
"44",-0.0901803607214431,0.8934623285119,-1.9939879759519,0.602535239259369,0.406535239259369
"45",0.430861723446894,0.716646375796508,-1.9939879759519,0.602535239259369,0.406535239259369
"46",0.571142284569138,0.895926602375909,-1.9939879759519,0.602535239259369,0.406535239259369
"47",1.67334669338677,0.709611830194463,-1.9939879759519,0.602535239259369,0.406535239259369
"48",3.45691382765531,0.410488375144753,-1.9939879759519,0.602535239259369,0.406535239259369
"49",3.67735470941884,0.26286181977516,-1.9939879759519,0.602535239259369,0.406535239259369
"50",4.33867735470942,0.246777800240211,-1.9939879759519,0.602535239259369,0.406535239259369
