"","x","yplot","target","ftrue","fwrong"
"1",-4.87975951903808,0.289574947372731,-1.29258517034068,0.991297593946858,0.795297593946858
"2",-4.75951903807615,0.328545106708795,-1.29258517034068,0.991297593946858,0.795297593946858
"3",-2.41482965931864,0.988122720821753,-1.29258517034068,0.991297593946858,0.795297593946858
"4",-2.09418837675351,1.03086081968693,-1.29258517034068,0.991297593946858,0.795297593946858
"5",-1.41282565130261,0.983422798824289,-1.29258517034068,0.991297593946858,0.795297593946858
"6",-0.61122244488978,0.857832050639138,-1.29258517034068,0.991297593946858,0.795297593946858
"7",-0.531062124248497,1.07319399754329,-1.29258517034068,0.991297593946858,0.795297593946858
"8",-0.511022044088176,0.891857761463322,-1.29258517034068,0.991297593946858,0.795297593946858
"9",-0.350701402805611,0.909542816877617,-1.29258517034068,0.991297593946858,0.795297593946858
"10",-0.31062124248497,1.04825299688543,-1.29258517034068,0.991297593946858,0.795297593946858
