"","x","yplot","target","ftrue","fwrong"
"1",-4.63927855711423,-0.727618512444108,-2.23446893787575,-0.817747707344308,-0.621747707344308
"2",-3.93787575150301,-0.383599288168393,-2.23446893787575,-0.817747707344308,-0.621747707344308
"3",-3.67735470941884,-0.536622142296002,-2.23446893787575,-0.817747707344308,-0.621747707344308
"4",-3.0561122244489,-0.707124293151961,-2.23446893787575,-0.817747707344308,-0.621747707344308
"5",-3.01603206412826,-0.616787737056261,-2.23446893787575,-0.817747707344308,-0.621747707344308
"6",-2.99599198396794,-0.478430054203186,-2.23446893787575,-0.817747707344308,-0.621747707344308
"7",-2.374749498998,-0.718476247787393,-2.23446893787575,-0.817747707344308,-0.621747707344308
"8",-2.19438877755511,-0.705148590756608,-2.23446893787575,-0.817747707344308,-0.621747707344308
"9",-2.11422845691383,-0.933910963267868,-2.23446893787575,-0.817747707344308,-0.621747707344308
"10",-2.01402805611222,-0.805124992175253,-2.23446893787575,-0.817747707344308,-0.621747707344308
"11",-1.95390781563126,-0.824992565539868,-2.23446893787575,-0.817747707344308,-0.621747707344308
"12",-1.93386773547094,-0.950141836948234,-2.23446893787575,-0.817747707344308,-0.621747707344308
"13",-1.81362725450902,-0.834969717473989,-2.23446893787575,-0.817747707344308,-0.621747707344308
"14",-1.49298597194389,-0.992864546453925,-2.23446893787575,-0.817747707344308,-0.621747707344308
"15",-1.41282565130261,-0.956636240274873,-2.23446893787575,-0.817747707344308,-0.621747707344308
"16",-1.2124248496994,-0.764719465103783,-2.23446893787575,-0.817747707344308,-0.621747707344308
"17",-1.13226452905812,-0.976771402582631,-2.23446893787575,-0.817747707344308,-0.621747707344308
"18",-0.651302605210421,-0.909282298630374,-2.23446893787575,-0.817747707344308,-0.621747707344308
"19",-0.61122244488978,-0.839804171860888,-2.23446893787575,-0.817747707344308,-0.621747707344308
"20",-0.571142284569138,-0.740705708112952,-2.23446893787575,-0.817747707344308,-0.621747707344308
"21",-0.551102204408818,-0.945082773070383,-2.23446893787575,-0.817747707344308,-0.621747707344308
"22",-0.531062124248497,-0.823793949748492,-2.23446893787575,-0.817747707344308,-0.621747707344308
"23",-0.430861723446894,-0.914671215612579,-2.23446893787575,-0.817747707344308,-0.621747707344308
"24",0.170340681362725,-0.753852941973642,-2.23446893787575,-0.817747707344308,-0.621747707344308
"25",0.691382765531062,-0.463880084839558,-2.23446893787575,-0.817747707344308,-0.621747707344308
"26",0.871743486973948,-0.414563324908125,-2.23446893787575,-0.817747707344308,-0.621747707344308
"27",1.35270541082164,-0.2934222693777,-2.23446893787575,-0.817747707344308,-0.621747707344308
"28",1.43286573146293,-0.0112150886291513,-2.23446893787575,-0.817747707344308,-0.621747707344308
"29",1.51302605210421,-0.149202257072047,-2.23446893787575,-0.817747707344308,-0.621747707344308
"30",1.53306613226453,-0.304109109061439,-2.23446893787575,-0.817747707344308,-0.621747707344308
"31",2.33466933867735,0.122547067757049,-2.23446893787575,-0.817747707344308,-0.621747707344308
"32",2.4749498997996,0.123227341648234,-2.23446893787575,-0.817747707344308,-0.621747707344308
"33",3.2565130260521,0.458728438065655,-2.23446893787575,-0.817747707344308,-0.621747707344308
"34",3.59719438877755,0.431134638125724,-2.23446893787575,-0.817747707344308,-0.621747707344308
"35",3.65731462925852,0.356728056387345,-2.23446893787575,-0.817747707344308,-0.621747707344308
"36",3.71743486973948,0.23653322076233,-2.23446893787575,-0.817747707344308,-0.621747707344308
"37",3.7374749498998,0.512487542865889,-2.23446893787575,-0.817747707344308,-0.621747707344308
"38",3.87775551102204,0.474569618231987,-2.23446893787575,-0.817747707344308,-0.621747707344308
"39",4.39879759519038,0.345437615850962,-2.23446893787575,-0.817747707344308,-0.621747707344308
"40",4.49899799599198,0.387566859956111,-2.23446893787575,-0.817747707344308,-0.621747707344308
