"","x","yplot","target","ftrue","fwrong"
"1",-4.55911823647295,0.0747756717135137,0.170340681362725,-0.145000014921409,-0.341000014921409
"2",-4.27855711422846,0.188681593427889,0.170340681362725,-0.145000014921409,-0.341000014921409
"3",-4.13827655310621,-0.0566980630620206,0.170340681362725,-0.145000014921409,-0.341000014921409
"4",-3.81763527054108,-0.151393026721665,0.170340681362725,-0.145000014921409,-0.341000014921409
"5",-3.0561122244489,-0.52756981410172,0.170340681362725,-0.145000014921409,-0.341000014921409
"6",-2.73547094188377,-0.626930875330213,0.170340681362725,-0.145000014921409,-0.341000014921409
"7",-1.69338677354709,-0.929643314410055,0.170340681362725,-0.145000014921409,-0.341000014921409
"8",-0.791583166332665,-0.769229045924049,0.170340681362725,-0.145000014921409,-0.341000014921409
"9",-0.531062124248497,-0.435454429563273,0.170340681362725,-0.145000014921409,-0.341000014921409
"10",-0.470941883767535,-0.475818888015169,0.170340681362725,-0.145000014921409,-0.341000014921409
"11",-0.370741482965932,-0.495793266521591,0.170340681362725,-0.145000014921409,-0.341000014921409
"12",-0.350701402805611,-0.436759815574972,0.170340681362725,-0.145000014921409,-0.341000014921409
"13",-0.210420841683367,-0.327386484033759,0.170340681362725,-0.145000014921409,-0.341000014921409
"14",-0.130260521042084,-0.295917499019715,0.170340681362725,-0.145000014921409,-0.341000014921409
"15",-0.0701402805611222,-0.218824735136027,0.170340681362725,-0.145000014921409,-0.341000014921409
"16",-0.0501002004008022,-0.396231862006348,0.170340681362725,-0.145000014921409,-0.341000014921409
"17",-0.0300601202404813,-0.262796312886677,0.170340681362725,-0.145000014921409,-0.341000014921409
"18",0.0501002004008013,-0.278794154605402,0.170340681362725,-0.145000014921409,-0.341000014921409
"19",0.210420841683367,-0.179777115610612,0.170340681362725,-0.145000014921409,-0.341000014921409
"20",0.31062124248497,-0.151081186141284,0.170340681362725,-0.145000014921409,-0.341000014921409
"21",0.450901803607215,-0.0612853346435569,0.170340681362725,-0.145000014921409,-0.341000014921409
"22",0.731462925851703,0.284077278195337,0.170340681362725,-0.145000014921409,-0.341000014921409
"23",0.811623246492986,0.0720446293711201,0.170340681362725,-0.145000014921409,-0.341000014921409
"24",0.971943887775551,0.358827888975026,0.170340681362725,-0.145000014921409,-0.341000014921409
"25",1.03206412825651,0.365889289905627,0.170340681362725,-0.145000014921409,-0.341000014921409
"26",1.07214428857715,0.422023372559434,0.170340681362725,-0.145000014921409,-0.341000014921409
"27",1.09218436873747,0.584927445504654,0.170340681362725,-0.145000014921409,-0.341000014921409
"28",1.13226452905812,0.504493389794662,0.170340681362725,-0.145000014921409,-0.341000014921409
"29",3.09619238476954,0.399183010493092,0.170340681362725,-0.145000014921409,-0.341000014921409
"30",4.39879759519038,-0.298888926344729,0.170340681362725,-0.145000014921409,-0.341000014921409
