"","x","yplot","target","ftrue","fwrong"
"1",-1.81362725450902,-0.139960227999063,1.7935871743487,0.468883500211724,0.664883500211724
"2",-0.0100200400801604,0.197428597964716,1.7935871743487,0.468883500211724,0.664883500211724
"3",0.150300601202405,0.208031098375427,1.7935871743487,0.468883500211724,0.664883500211724
"4",0.731462925851703,0.401935891056967,1.7935871743487,0.468883500211724,0.664883500211724
"5",1.19238476953908,0.329973722697861,1.7935871743487,0.468883500211724,0.664883500211724
"6",1.37274549098196,0.409268765704151,1.7935871743487,0.468883500211724,0.664883500211724
"7",1.57314629258517,0.429435413095841,1.7935871743487,0.468883500211724,0.664883500211724
"8",3.43687374749499,0.477663931902412,1.7935871743487,0.468883500211724,0.664883500211724
"9",4.35871743486974,0.442260263315153,1.7935871743487,0.468883500211724,0.664883500211724
"10",4.73947895791583,0.448606486495731,1.7935871743487,0.468883500211724,0.664883500211724
