"","x","yplot","target","ftrue","fwrong"
"1",-3.89779559118236,-0.261832418458151,0.751503006012024,-0.88753124535675,-0.69153124535675
"2",-3.39679358717435,0.137483764130551,0.751503006012024,-0.88753124535675,-0.69153124535675
"3",-2.97595190380762,0.14173919764417,0.751503006012024,-0.88753124535675,-0.69153124535675
"4",-2.5751503006012,0.132386253702434,0.751503006012024,-0.88753124535675,-0.69153124535675
"5",-2.17434869739479,0.185911861991966,0.751503006012024,-0.88753124535675,-0.69153124535675
"6",-2.03406813627255,0.286651355722451,0.751503006012024,-0.88753124535675,-0.69153124535675
"7",-1.45290581162325,0.206280648744932,0.751503006012024,-0.88753124535675,-0.69153124535675
"8",-0.711422845691383,-0.18909759581635,0.751503006012024,-0.88753124535675,-0.69153124535675
"9",-0.230460921843687,-0.376089223976223,0.751503006012024,-0.88753124535675,-0.69153124535675
"10",-0.210420841683367,-0.447944997765114,0.751503006012024,-0.88753124535675,-0.69153124535675
"11",-0.0701402805611222,-0.50928110698536,0.751503006012024,-0.88753124535675,-0.69153124535675
"12",0.0300601202404804,-0.631846942528266,0.751503006012024,-0.88753124535675,-0.69153124535675
"13",0.0901803607214431,-0.471404854111956,0.751503006012024,-0.88753124535675,-0.69153124535675
"14",0.110220440881763,-0.523706667251121,0.751503006012024,-0.88753124535675,-0.69153124535675
"15",0.250501002004007,-0.52136168827649,0.751503006012024,-0.88753124535675,-0.69153124535675
"16",0.270541082164328,-0.519870639708786,0.751503006012024,-0.88753124535675,-0.69153124535675
"17",0.31062124248497,-0.659971866590568,0.751503006012024,-0.88753124535675,-0.69153124535675
"18",0.350701402805611,-0.695096323968302,0.751503006012024,-0.88753124535675,-0.69153124535675
"19",0.390781563126252,-0.781646301427262,0.751503006012024,-0.88753124535675,-0.69153124535675
"20",0.410821643286573,-0.750933620104339,0.751503006012024,-0.88753124535675,-0.69153124535675
"21",0.430861723446894,-0.792210631384232,0.751503006012024,-0.88753124535675,-0.69153124535675
"22",0.691382765531062,-0.965705619220874,0.751503006012024,-0.88753124535675,-0.69153124535675
"23",0.771543086172344,-0.849907833530695,0.751503006012024,-0.88753124535675,-0.69153124535675
"24",0.791583166332665,-1.02615921322848,0.751503006012024,-0.88753124535675,-0.69153124535675
"25",0.851703406813627,-0.889637159088267,0.751503006012024,-0.88753124535675,-0.69153124535675
"26",0.971943887775551,-0.917979010396837,0.751503006012024,-0.88753124535675,-0.69153124535675
"27",1.09218436873747,-1.05833114206626,0.751503006012024,-0.88753124535675,-0.69153124535675
"28",1.17234468937876,-0.974590052029511,0.751503006012024,-0.88753124535675,-0.69153124535675
"29",1.27254509018036,-0.843406977985989,0.751503006012024,-0.88753124535675,-0.69153124535675
"30",1.312625250501,-0.974433018728144,0.751503006012024,-0.88753124535675,-0.69153124535675
"31",1.33266533066132,-1.07052840972586,0.751503006012024,-0.88753124535675,-0.69153124535675
"32",1.45290581162325,-0.971998141815141,0.751503006012024,-0.88753124535675,-0.69153124535675
"33",1.51302605210421,-1.09233177736144,0.751503006012024,-0.88753124535675,-0.69153124535675
"34",1.53306613226453,-0.908117018293658,0.751503006012024,-0.88753124535675,-0.69153124535675
"35",1.61322645290581,-1.0214092448834,0.751503006012024,-0.88753124535675,-0.69153124535675
"36",1.67334669338677,-0.872212990239045,0.751503006012024,-0.88753124535675,-0.69153124535675
"37",2.69539078156313,-0.519063684718077,0.751503006012024,-0.88753124535675,-0.69153124535675
"38",2.97595190380761,-0.359848750157393,0.751503006012024,-0.88753124535675,-0.69153124535675
"39",4.09819639278557,0.2790567404832,0.751503006012024,-0.88753124535675,-0.69153124535675
"40",4.77955911823647,0.377881685962514,0.751503006012024,-0.88753124535675,-0.69153124535675
