"","x","yplot","target","ftrue","fwrong"
"1",-4.23847695390782,-0.529624781713926,-3.57715430861723,-0.48994300257523,-0.29394300257523
"2",-3.91783567134269,-0.60404831594103,-3.57715430861723,-0.48994300257523,-0.29394300257523
"3",-3.67735470941884,-0.55965611472941,-3.57715430861723,-0.48994300257523,-0.29394300257523
"4",-3.51703406813627,-0.450040498639637,-3.57715430861723,-0.48994300257523,-0.29394300257523
"5",-3.35671342685371,-0.450522926237202,-3.57715430861723,-0.48994300257523,-0.29394300257523
"6",-3.33667334669339,-0.470950514645794,-3.57715430861723,-0.48994300257523,-0.29394300257523
"7",-2.75551102204409,-0.225792260798874,-3.57715430861723,-0.48994300257523,-0.29394300257523
"8",-2.67535070140281,-0.0415101519995923,-3.57715430861723,-0.48994300257523,-0.29394300257523
"9",-2.65531062124249,-0.316310834302253,-3.57715430861723,-0.48994300257523,-0.29394300257523
"10",-2.43486973947896,-0.119175086914105,-3.57715430861723,-0.48994300257523,-0.29394300257523
"11",-2.41482965931864,-0.104126272236002,-3.57715430861723,-0.48994300257523,-0.29394300257523
"12",-2.19438877755511,0.0311536348111216,-3.57715430861723,-0.48994300257523,-0.29394300257523
"13",-2.03406813627255,-0.0213257614372539,-3.57715430861723,-0.48994300257523,-0.29394300257523
"14",-1.83366733466934,0.171062392827812,-3.57715430861723,-0.48994300257523,-0.29394300257523
"15",-1.63326653306613,0.239324798409094,-3.57715430861723,-0.48994300257523,-0.29394300257523
"16",-1.19238476953908,0.58061646233453,-3.57715430861723,-0.48994300257523,-0.29394300257523
"17",0.591182364729459,0.703257786484611,-3.57715430861723,-0.48994300257523,-0.29394300257523
"18",0.971943887775551,0.754938073190047,-3.57715430861723,-0.48994300257523,-0.29394300257523
"19",1.23246492985972,0.69272274088098,-3.57715430861723,-0.48994300257523,-0.29394300257523
"20",1.77354709418838,0.581077824220506,-3.57715430861723,-0.48994300257523,-0.29394300257523
"21",1.8937875751503,0.813459768128351,-3.57715430861723,-0.48994300257523,-0.29394300257523
"22",2.59519038076152,0.596579313616811,-3.57715430861723,-0.48994300257523,-0.29394300257523
"23",2.77555110220441,0.53690893493746,-3.57715430861723,-0.48994300257523,-0.29394300257523
"24",3.0561122244489,0.544228084799506,-3.57715430861723,-0.48994300257523,-0.29394300257523
"25",3.07615230460922,0.507323099408905,-3.57715430861723,-0.48994300257523,-0.29394300257523
"26",3.27655310621243,0.801271457821747,-3.57715430861723,-0.48994300257523,-0.29394300257523
"27",3.8376753507014,0.723072367633305,-3.57715430861723,-0.48994300257523,-0.29394300257523
"28",4.27855711422846,0.407031700270851,-3.57715430861723,-0.48994300257523,-0.29394300257523
"29",4.35871743486974,0.417775624961208,-3.57715430861723,-0.48994300257523,-0.29394300257523
"30",4.37875751503006,0.453065684633312,-3.57715430861723,-0.48994300257523,-0.29394300257523
