"","x","yplot","target","ftrue","fwrong"
"1",-4.57915831663327,0.23088356069417,3.8376753507014,0.793424792816041,0.597424792816041
"2",-4.2184368737475,0.280738977757451,3.8376753507014,0.793424792816041,0.597424792816041
"3",-3.01603206412826,-0.189008396873343,3.8376753507014,0.793424792816041,0.597424792816041
"4",-1.77354709418838,-0.266256326422381,3.8376753507014,0.793424792816041,0.597424792816041
"5",-0.210420841683367,-0.273570671225605,3.8376753507014,0.793424792816041,0.597424792816041
"6",1.73346693386774,0.583864112880846,3.8376753507014,0.793424792816041,0.597424792816041
"7",2.87575150300601,1.07698542688605,3.8376753507014,0.793424792816041,0.597424792816041
"8",3.07615230460922,0.874172373301018,3.8376753507014,0.793424792816041,0.597424792816041
"9",3.21643286573146,0.947252448102286,3.8376753507014,0.793424792816041,0.597424792816041
"10",3.57715430861723,0.801327099182844,3.8376753507014,0.793424792816041,0.597424792816041
"11",3.77755511022044,1.06039999015237,3.8376753507014,0.793424792816041,0.597424792816041
"12",3.81763527054108,0.814886114508352,3.8376753507014,0.793424792816041,0.597424792816041
"13",3.93787575150301,0.910553914596396,3.8376753507014,0.793424792816041,0.597424792816041
"14",4.03807615230461,0.584561664832759,3.8376753507014,0.793424792816041,0.597424792816041
"15",4.27855711422846,0.615533990640683,3.8376753507014,0.793424792816041,0.597424792816041
"16",4.29859719438878,0.488115017514832,3.8376753507014,0.793424792816041,0.597424792816041
"17",4.45891783567134,0.665105963232384,3.8376753507014,0.793424792816041,0.597424792816041
"18",4.53907815631263,0.390903134811417,3.8376753507014,0.793424792816041,0.597424792816041
"19",4.69939879759519,0.372345775072325,3.8376753507014,0.793424792816041,0.597424792816041
"20",4.79959919839679,0.307665146175949,3.8376753507014,0.793424792816041,0.597424792816041
