"","x","yplot","target","ftrue","fwrong"
"1",-4.97995991983968,-0.793108547937898,-2.69539078156313,0.188797940481219,-0.00720205951878058
"2",-4.05811623246493,-0.402768642250084,-2.69539078156313,0.188797940481219,-0.00720205951878058
"3",-3.81763527054108,-0.267392997458776,-2.69539078156313,0.188797940481219,-0.00720205951878058
"4",-3.67735470941884,-0.395698861783249,-2.69539078156313,0.188797940481219,-0.00720205951878058
"5",-3.55711422845691,-0.061808229661249,-2.69539078156313,0.188797940481219,-0.00720205951878058
"6",-3.53707414829659,-0.0181423380404631,-2.69539078156313,0.188797940481219,-0.00720205951878058
"7",-3.51703406813627,-0.122157223752722,-2.69539078156313,0.188797940481219,-0.00720205951878058
"8",-3.35671342685371,-0.0159340072859107,-2.69539078156313,0.188797940481219,-0.00720205951878058
"9",-3.33667334669339,-0.130749191452838,-2.69539078156313,0.188797940481219,-0.00720205951878058
"10",-3.2565130260521,-0.0225134926229217,-2.69539078156313,0.188797940481219,-0.00720205951878058
"11",-3.21643286573146,-0.109280326576783,-2.69539078156313,0.188797940481219,-0.00720205951878058
"12",-3.1563126252505,-0.0549251323947755,-2.69539078156313,0.188797940481219,-0.00720205951878058
"13",-3.13627254509018,0.0817465444226916,-2.69539078156313,0.188797940481219,-0.00720205951878058
"14",-3.11623246492986,0.0374831215594549,-2.69539078156313,0.188797940481219,-0.00720205951878058
"15",-3.0561122244489,0.207220042154698,-2.69539078156313,0.188797940481219,-0.00720205951878058
"16",-2.93587174348697,0.179134392561042,-2.69539078156313,0.188797940481219,-0.00720205951878058
"17",-2.85571142284569,0.223122590846816,-2.69539078156313,0.188797940481219,-0.00720205951878058
"18",-2.81563126252505,-0.050378745274723,-2.69539078156313,0.188797940481219,-0.00720205951878058
"19",-2.77555110220441,0.199543068501772,-2.69539078156313,0.188797940481219,-0.00720205951878058
"20",-2.75551102204409,0.21891876380058,-2.69539078156313,0.188797940481219,-0.00720205951878058
"21",-2.73547094188377,0.224309755484878,-2.69539078156313,0.188797940481219,-0.00720205951878058
"22",-2.69539078156313,0.323387410834369,-2.69539078156313,0.188797940481219,-0.00720205951878058
"23",-2.67535070140281,0.181064193057341,-2.69539078156313,0.188797940481219,-0.00720205951878058
"24",-2.65531062124249,0.0523625844894088,-2.69539078156313,0.188797940481219,-0.00720205951878058
"25",-2.53507014028056,0.134454276703046,-2.69539078156313,0.188797940481219,-0.00720205951878058
"26",-2.49498997995992,0.205754175282588,-2.69539078156313,0.188797940481219,-0.00720205951878058
"27",-2.41482965931864,0.368214614568294,-2.69539078156313,0.188797940481219,-0.00720205951878058
"28",-2.374749498998,0.0262619534360927,-2.69539078156313,0.188797940481219,-0.00720205951878058
"29",-2.23446893787575,0.341244189253694,-2.69539078156313,0.188797940481219,-0.00720205951878058
"30",-2.19438877755511,0.271275772807031,-2.69539078156313,0.188797940481219,-0.00720205951878058
"31",-2.17434869739479,0.348241697639472,-2.69539078156313,0.188797940481219,-0.00720205951878058
"32",-2.15430861723447,0.406808461121292,-2.69539078156313,0.188797940481219,-0.00720205951878058
"33",-2.11422845691383,0.59226949444989,-2.69539078156313,0.188797940481219,-0.00720205951878058
"34",-2.07414829659319,0.398225334683076,-2.69539078156313,0.188797940481219,-0.00720205951878058
"35",-1.95390781563126,0.37402597807306,-2.69539078156313,0.188797940481219,-0.00720205951878058
"36",-1.87374749498998,0.46554272587368,-2.69539078156313,0.188797940481219,-0.00720205951878058
"37",-1.81362725450902,0.586128409282129,-2.69539078156313,0.188797940481219,-0.00720205951878058
"38",-1.75350701402806,0.488605503039506,-2.69539078156313,0.188797940481219,-0.00720205951878058
"39",-1.65330661322645,0.639939206527772,-2.69539078156313,0.188797940481219,-0.00720205951878058
"40",-1.19238476953908,0.809669092767968,-2.69539078156313,0.188797940481219,-0.00720205951878058
"41",-0.150300601202405,0.87928754990122,-2.69539078156313,0.188797940481219,-0.00720205951878058
"42",-0.0901803607214431,0.861010518555531,-2.69539078156313,0.188797940481219,-0.00720205951878058
"43",0.95190380761523,0.917374917122478,-2.69539078156313,0.188797940481219,-0.00720205951878058
"44",1.37274549098196,0.878104420516853,-2.69539078156313,0.188797940481219,-0.00720205951878058
"45",2.59519038076152,0.71310732286107,-2.69539078156313,0.188797940481219,-0.00720205951878058
"46",3.11623246492986,0.676448271867762,-2.69539078156313,0.188797940481219,-0.00720205951878058
"47",3.43687374749499,0.680706917747148,-2.69539078156313,0.188797940481219,-0.00720205951878058
"48",4.21843687374749,0.647141774030014,-2.69539078156313,0.188797940481219,-0.00720205951878058
"49",4.69939879759519,0.411385884709856,-2.69539078156313,0.188797940481219,-0.00720205951878058
"50",4.95991983967936,0.40340543096482,-2.69539078156313,0.188797940481219,-0.00720205951878058
