"","x","yplot","target","ftrue","fwrong"
"1",-4.97995991983968,0.282786593235848,-2.29458917835671,-0.588605245204889,-0.392605245204889
"2",-4.83967935871743,0.169552587066459,-2.29458917835671,-0.588605245204889,-0.392605245204889
"3",-4.61923847695391,-0.0705824176721972,-2.29458917835671,-0.588605245204889,-0.392605245204889
"4",-4.29859719438878,-0.256351829630431,-2.29458917835671,-0.588605245204889,-0.392605245204889
"5",-4.2184368737475,-0.200756080754958,-2.29458917835671,-0.588605245204889,-0.392605245204889
"6",-3.97795591182365,-0.499191837251492,-2.29458917835671,-0.588605245204889,-0.392605245204889
"7",-3.43687374749499,-0.79551681239332,-2.29458917835671,-0.588605245204889,-0.392605245204889
"8",-3.19639278557114,-0.854505207175509,-2.29458917835671,-0.588605245204889,-0.392605245204889
"9",-2.87575150300601,-0.812906705017263,-2.29458917835671,-0.588605245204889,-0.392605245204889
"10",-2.77555110220441,-0.759104303389612,-2.29458917835671,-0.588605245204889,-0.392605245204889
"11",-2.75551102204409,-0.849940427670777,-2.29458917835671,-0.588605245204889,-0.392605245204889
"12",-2.67535070140281,-0.703790882261395,-2.29458917835671,-0.588605245204889,-0.392605245204889
"13",-2.27454909819639,-0.617543920337363,-2.29458917835671,-0.588605245204889,-0.392605245204889
"14",-2.15430861723447,-0.53189858364823,-2.29458917835671,-0.588605245204889,-0.392605245204889
"15",-1.91382765531062,-0.28244462074517,-2.29458917835671,-0.588605245204889,-0.392605245204889
"16",-1.87374749498998,-0.188300197253906,-2.29458917835671,-0.588605245204889,-0.392605245204889
"17",-1.85370741482966,-0.22376148031001,-2.29458917835671,-0.588605245204889,-0.392605245204889
"18",-1.59318637274549,0.10196841406268,-2.29458917835671,-0.588605245204889,-0.392605245204889
"19",-1.49298597194389,0.147204572259047,-2.29458917835671,-0.588605245204889,-0.392605245204889
"20",-1.2124248496994,0.325186058400004,-2.29458917835671,-0.588605245204889,-0.392605245204889
"21",-0.631262525050101,0.774270975185004,-2.29458917835671,-0.588605245204889,-0.392605245204889
"22",-0.490981963927856,0.704813750477194,-2.29458917835671,-0.588605245204889,-0.392605245204889
"23",-0.110220440881764,0.823131646886059,-2.29458917835671,-0.588605245204889,-0.392605245204889
"24",-0.0501002004008022,0.786289752961581,-2.29458917835671,-0.588605245204889,-0.392605245204889
"25",0.0501002004008013,0.674216503035035,-2.29458917835671,-0.588605245204889,-0.392605245204889
"26",0.0701402805611222,0.625682174938668,-2.29458917835671,-0.588605245204889,-0.392605245204889
"27",0.190380761523046,0.734638731237298,-2.29458917835671,-0.588605245204889,-0.392605245204889
"28",0.551102204408817,0.587138140343104,-2.29458917835671,-0.588605245204889,-0.392605245204889
"29",1.312625250501,0.00698333251694075,-2.29458917835671,-0.588605245204889,-0.392605245204889
"30",1.71342685370741,-0.169554648090291,-2.29458917835671,-0.588605245204889,-0.392605245204889
"31",2.27454909819639,-0.362095259212487,-2.29458917835671,-0.588605245204889,-0.392605245204889
"32",2.33466933867735,-0.297833703347222,-2.29458917835671,-0.588605245204889,-0.392605245204889
"33",2.79559118236473,-0.398300030963051,-2.29458917835671,-0.588605245204889,-0.392605245204889
"34",2.81563126252505,-0.213270067683955,-2.29458917835671,-0.588605245204889,-0.392605245204889
"35",2.93587174348697,-0.208180540729383,-2.29458917835671,-0.588605245204889,-0.392605245204889
"36",3.19639278557114,-0.0547139291433354,-2.29458917835671,-0.588605245204889,-0.392605245204889
"37",4.13827655310621,0.250606345247796,-2.29458917835671,-0.588605245204889,-0.392605245204889
"38",4.61923847695391,0.662515024984099,-2.29458917835671,-0.588605245204889,-0.392605245204889
"39",4.77955911823647,0.509500503737902,-2.29458917835671,-0.588605245204889,-0.392605245204889
"40",4.95991983967936,0.622748625222711,-2.29458917835671,-0.588605245204889,-0.392605245204889
