"","x","yplot","target","ftrue","fwrong"
"1",-4.95991983967936,0.566832885423625,3.79759519038076,0.121140624152773,0.317140624152773
"2",-4.51903807615231,0.889947046839936,3.79759519038076,0.121140624152773,0.317140624152773
"3",-4.19839679358717,0.931886086561381,3.79759519038076,0.121140624152773,0.317140624152773
"4",-3.41683366733467,0.562248693160077,3.79759519038076,0.121140624152773,0.317140624152773
"5",-3.13627254509018,0.531455115234673,3.79759519038076,0.121140624152773,0.317140624152773
"6",-1.83366733466934,-0.174761924240097,3.79759519038076,0.121140624152773,0.317140624152773
"7",-1.19238476953908,-0.665557428023409,3.79759519038076,0.121140624152773,0.317140624152773
"8",-0.390781563126253,-1.11276481871872,3.79759519038076,0.121140624152773,0.317140624152773
"9",-0.350701402805611,-1.05162457645948,3.79759519038076,0.121140624152773,0.317140624152773
"10",0.0300601202404804,-0.939359799632795,3.79759519038076,0.121140624152773,0.317140624152773
"11",0.110220440881763,-0.923866603796713,3.79759519038076,0.121140624152773,0.317140624152773
"12",0.130260521042084,-0.911268095365798,3.79759519038076,0.121140624152773,0.317140624152773
"13",0.370741482965932,-1.1070772828546,3.79759519038076,0.121140624152773,0.317140624152773
"14",0.450901803607215,-0.856784919455953,3.79759519038076,0.121140624152773,0.317140624152773
"15",0.6312625250501,-1.01077615014957,3.79759519038076,0.121140624152773,0.317140624152773
"16",1.1122244488978,-0.422303363561379,3.79759519038076,0.121140624152773,0.317140624152773
"17",1.312625250501,-0.681933072640158,3.79759519038076,0.121140624152773,0.317140624152773
"18",1.57314629258517,-0.272340580933761,3.79759519038076,0.121140624152773,0.317140624152773
"19",1.59318637274549,-0.359352082717616,3.79759519038076,0.121140624152773,0.317140624152773
"20",1.7935871743487,-0.283115654997157,3.79759519038076,0.121140624152773,0.317140624152773
"21",2.05410821643287,0.0521188674870147,3.79759519038076,0.121140624152773,0.317140624152773
"22",2.09418837675351,0.0409335481046612,3.79759519038076,0.121140624152773,0.317140624152773
"23",2.13426853707415,0.0353478849059915,3.79759519038076,0.121140624152773,0.317140624152773
"24",2.49498997995992,0.349968814582244,3.79759519038076,0.121140624152773,0.317140624152773
"25",2.55511022044088,0.326166838827643,3.79759519038076,0.121140624152773,0.317140624152773
"26",3.31663326653307,0.449101890539752,3.79759519038076,0.121140624152773,0.317140624152773
"27",3.53707414829659,0.372570809662041,3.79759519038076,0.121140624152773,0.317140624152773
"28",3.69739478957916,0.237277830056805,3.79759519038076,0.121140624152773,0.317140624152773
"29",3.71743486973948,0.179374041375878,3.79759519038076,0.121140624152773,0.317140624152773
"30",3.8376753507014,-0.0427229163649668,3.79759519038076,0.121140624152773,0.317140624152773
"31",4.07815631262525,-0.172602625763332,3.79759519038076,0.121140624152773,0.317140624152773
"32",4.09819639278557,-0.00259993192142369,3.79759519038076,0.121140624152773,0.317140624152773
"33",4.17835671342685,-0.215166991646315,3.79759519038076,0.121140624152773,0.317140624152773
"34",4.19839679358717,-0.192328686375729,3.79759519038076,0.121140624152773,0.317140624152773
"35",4.27855711422846,-0.0180878790709054,3.79759519038076,0.121140624152773,0.317140624152773
"36",4.43887775551102,-0.271190782667215,3.79759519038076,0.121140624152773,0.317140624152773
"37",4.73947895791583,-0.440658826875817,3.79759519038076,0.121140624152773,0.317140624152773
"38",4.87975951903808,-0.309069980984105,3.79759519038076,0.121140624152773,0.317140624152773
"39",4.8997995991984,-0.39225445013294,3.79759519038076,0.121140624152773,0.317140624152773
"40",4.91983967935872,-0.440950518794613,3.79759519038076,0.121140624152773,0.317140624152773
