"","x","yplot","target","ftrue","fwrong"
"1",-4.65931863727455,0.793459521433417,-3.71743486973948,0.604893845004991,0.408893845004991
"2",-4.55911823647295,0.803299146253427,-3.71743486973948,0.604893845004991,0.408893845004991
"3",-4.25851703406814,0.696154005708987,-3.71743486973948,0.604893845004991,0.408893845004991
"4",-4.17835671342685,0.673767678832237,-3.71743486973948,0.604893845004991,0.408893845004991
"5",-3.99799599198397,0.563094242408713,-3.71743486973948,0.604893845004991,0.408893845004991
"6",-3.89779559118236,0.627389886008296,-3.71743486973948,0.604893845004991,0.408893845004991
"7",-3.81763527054108,0.560467459490254,-3.71743486973948,0.604893845004991,0.408893845004991
"8",-3.71743486973948,0.636605608420765,-3.71743486973948,0.604893845004991,0.408893845004991
"9",-3.43687374749499,0.620199037738899,-3.71743486973948,0.604893845004991,0.408893845004991
"10",-3.13627254509018,0.562199326825291,-3.71743486973948,0.604893845004991,0.408893845004991
"11",-3.03607214428858,0.559334522716892,-3.71743486973948,0.604893845004991,0.408893845004991
"12",-2.87575150300601,0.553195584655043,-3.71743486973948,0.604893845004991,0.408893845004991
"13",-2.85571142284569,0.500926151154835,-3.71743486973948,0.604893845004991,0.408893845004991
"14",-2.73547094188377,0.641063597655688,-3.71743486973948,0.604893845004991,0.408893845004991
"15",-2.21442885771543,0.290469853232499,-3.71743486973948,0.604893845004991,0.408893845004991
"16",0.0300601202404804,-0.150669050661664,-3.71743486973948,0.604893845004991,0.408893845004991
"17",0.591182364729459,-0.20589619101635,-3.71743486973948,0.604893845004991,0.408893845004991
"18",1.312625250501,0.0228481404608634,-3.71743486973948,0.604893845004991,0.408893845004991
"19",2.39478957915832,-0.155736693919838,-3.71743486973948,0.604893845004991,0.408893845004991
"20",5,-0.605468311429593,-3.71743486973948,0.604893845004991,0.408893845004991
