"","x","yplot","target","ftrue","fwrong"
"1",-3.93787575150301,0.49071322103976,-3.21643286573146,0.562924753325996,0.758924753325996
"2",-3.7374749498998,0.33161844930191,-3.21643286573146,0.562924753325996,0.758924753325996
"3",-3.71743486973948,0.488425524045579,-3.21643286573146,0.562924753325996,0.758924753325996
"4",-3.61723446893788,0.527088914059018,-3.21643286573146,0.562924753325996,0.758924753325996
"5",-3.55711422845691,0.602509693069962,-3.21643286573146,0.562924753325996,0.758924753325996
"6",-2.99599198396794,0.586217063609219,-3.21643286573146,0.562924753325996,0.758924753325996
"7",-2.4749498997996,0.665131711370445,-3.21643286573146,0.562924753325996,0.758924753325996
"8",-0.330661322645291,0.852291683924744,-3.21643286573146,0.562924753325996,0.758924753325996
"9",0.571142284569138,0.662297591124868,-3.21643286573146,0.562924753325996,0.758924753325996
"10",4.4188376753507,-0.163897021193977,-3.21643286573146,0.562924753325996,0.758924753325996
