"","x","yplot","target","ftrue","fwrong"
"1",-3.7374749498998,0.449149598591652,1.27254509018036,0.273172133822431,0.469172133822431
"2",-3.51703406813627,0.284778925760917,1.27254509018036,0.273172133822431,0.469172133822431
"3",-2.45490981963928,-0.22444413545221,1.27254509018036,0.273172133822431,0.469172133822431
"4",-2.19438877755511,-0.445533330455532,1.27254509018036,0.273172133822431,0.469172133822431
"5",-1.2124248496994,-0.211698384505066,1.27254509018036,0.273172133822431,0.469172133822431
"6",-1.05210420841683,-0.377081834494086,1.27254509018036,0.273172133822431,0.469172133822431
"7",-1.03206412825651,-0.333581194364638,1.27254509018036,0.273172133822431,0.469172133822431
"8",-0.871743486973948,-0.237717967986803,1.27254509018036,0.273172133822431,0.469172133822431
"9",0.370741482965932,0.131858186915793,1.27254509018036,0.273172133822431,0.469172133822431
"10",0.811623246492986,0.0489284134291169,1.27254509018036,0.273172133822431,0.469172133822431
"11",0.991983967935871,0.299897421082889,1.27254509018036,0.273172133822431,0.469172133822431
"12",1.29258517034068,0.181030105935678,1.27254509018036,0.273172133822431,0.469172133822431
"13",2.09418837675351,0.42357506228182,1.27254509018036,0.273172133822431,0.469172133822431
"14",2.25450901803607,-0.0211289471641806,1.27254509018036,0.273172133822431,0.469172133822431
"15",2.43486973947896,0.17873338786326,1.27254509018036,0.273172133822431,0.469172133822431
"16",2.77555110220441,-0.18543622546441,1.27254509018036,0.273172133822431,0.469172133822431
"17",2.91583166332665,0.0392118156133029,1.27254509018036,0.273172133822431,0.469172133822431
"18",3.2565130260521,-0.104198679443019,1.27254509018036,0.273172133822431,0.469172133822431
"19",3.95791583166333,-0.220667854189889,1.27254509018036,0.273172133822431,0.469172133822431
"20",4.11823647294589,-0.260639479403626,1.27254509018036,0.273172133822431,0.469172133822431
