"","x","yplot","target","ftrue","fwrong"
"1",-4.59919839679359,-0.720834481744124,0.170340681362725,0.487591389488523,0.291591389488523
"2",-3.21643286573146,-0.247371294924998,0.170340681362725,0.487591389488523,0.291591389488523
"3",-1.97394789579158,-0.000805806322450996,0.170340681362725,0.487591389488523,0.291591389488523
"4",-1.23246492985972,0.323999459657581,0.170340681362725,0.487591389488523,0.291591389488523
"5",-1.15230460921844,0.211185205814958,0.170340681362725,0.487591389488523,0.291591389488523
"6",-1.07214428857715,0.219083382611296,0.170340681362725,0.487591389488523,0.291591389488523
"7",-0.671342685370742,0.410518741326313,0.170340681362725,0.487591389488523,0.291591389488523
"8",-0.61122244488978,0.350803068362693,0.170340681362725,0.487591389488523,0.291591389488523
"9",-0.531062124248497,0.462082075495207,0.170340681362725,0.487591389488523,0.291591389488523
"10",-0.490981963927856,0.531907576703806,0.170340681362725,0.487591389488523,0.291591389488523
"11",0.230460921843687,0.667776712023204,0.170340681362725,0.487591389488523,0.291591389488523
"12",0.390781563126252,0.570533517208575,0.170340681362725,0.487591389488523,0.291591389488523
"13",1.83366733466934,0.780133374335181,0.170340681362725,0.487591389488523,0.291591389488523
"14",1.87374749498998,0.822726240679236,0.170340681362725,0.487591389488523,0.291591389488523
"15",2.09418837675351,0.778166749390414,0.170340681362725,0.487591389488523,0.291591389488523
"16",3.47695390781563,0.893471784964126,0.170340681362725,0.487591389488523,0.291591389488523
"17",3.59719438877755,0.978667251038929,0.170340681362725,0.487591389488523,0.291591389488523
"18",3.67735470941884,0.95161498981897,0.170340681362725,0.487591389488523,0.291591389488523
"19",4.13827655310621,0.836188227420288,0.170340681362725,0.487591389488523,0.291591389488523
"20",4.87975951903808,0.836344602554719,0.170340681362725,0.487591389488523,0.291591389488523
