"","x","yplot","target","ftrue","fwrong"
"1",-4.83967935871743,0.0117287661435531,3.51703406813627,-0.719793545084738,-0.523793545084738
"2",-3.31663326653307,0.466421653768018,3.51703406813627,-0.719793545084738,-0.523793545084738
"3",-2.83567134268537,0.328664389200577,3.51703406813627,-0.719793545084738,-0.523793545084738
"4",-2.43486973947896,0.504775979936616,3.51703406813627,-0.719793545084738,-0.523793545084738
"5",-2.13426853707415,0.603940823142888,3.51703406813627,-0.719793545084738,-0.523793545084738
"6",-2.03406813627255,0.383605290686347,3.51703406813627,-0.719793545084738,-0.523793545084738
"7",-0.591182364729459,0.527579336943972,3.51703406813627,-0.719793545084738,-0.523793545084738
"8",-0.290581162324649,0.46738684642765,3.51703406813627,-0.719793545084738,-0.523793545084738
"9",-0.0300601202404813,0.0767143377094643,3.51703406813627,-0.719793545084738,-0.523793545084738
"10",0.31062124248497,0.361205936641028,3.51703406813627,-0.719793545084738,-0.523793545084738
"11",1.09218436873747,-0.0936152702234749,3.51703406813627,-0.719793545084738,-0.523793545084738
"12",1.85370741482966,-0.239192351006678,3.51703406813627,-0.719793545084738,-0.523793545084738
"13",2.15430861723447,-0.175349327544746,3.51703406813627,-0.719793545084738,-0.523793545084738
"14",2.55511022044088,-0.496554282382733,3.51703406813627,-0.719793545084738,-0.523793545084738
"15",2.95591182364729,-0.53265926790447,3.51703406813627,-0.719793545084738,-0.523793545084738
"16",3.57715430861723,-0.876933214917276,3.51703406813627,-0.719793545084738,-0.523793545084738
"17",3.69739478957916,-0.829968555854654,3.51703406813627,-0.719793545084738,-0.523793545084738
"18",4.3186372745491,-1.02340536527847,3.51703406813627,-0.719793545084738,-0.523793545084738
"19",4.4188376753507,-0.740100103548117,3.51703406813627,-0.719793545084738,-0.523793545084738
"20",4.91983967935872,-0.929462221050643,3.51703406813627,-0.719793545084738,-0.523793545084738
