"","x","yplot","target","ftrue","fwrong"
"1",-4.73947895791583,0.495516392792111,-4.3186372745491,0.740132918304183,0.544132918304183
"2",-4.63927855711423,0.609124439107734,-4.3186372745491,0.740132918304183,0.544132918304183
"3",-3.41683366733467,0.727278667960915,-4.3186372745491,0.740132918304183,0.544132918304183
"4",-1.95390781563126,0.460921172114958,-4.3186372745491,0.740132918304183,0.544132918304183
"5",0.571142284569138,0.278859902057718,-4.3186372745491,0.740132918304183,0.544132918304183
"6",1.312625250501,0.567997001382989,-4.3186372745491,0.740132918304183,0.544132918304183
"7",2.83567134268537,0.75691562348271,-4.3186372745491,0.740132918304183,0.544132918304183
"8",3.55711422845691,0.661244897382163,-4.3186372745491,0.740132918304183,0.544132918304183
"9",3.67735470941884,0.627499586208307,-4.3186372745491,0.740132918304183,0.544132918304183
"10",4.11823647294589,0.317504567582578,-4.3186372745491,0.740132918304183,0.544132918304183
