"","x","yplot","target","ftrue","fwrong"
"1",-4.77955911823647,0.492871322945615,4.93987975951904,-0.353230233799693,-0.157230233799693
"2",-3.47695390781563,0.788921431700828,4.93987975951904,-0.353230233799693,-0.157230233799693
"3",-3.41683366733467,0.829601553671235,4.93987975951904,-0.353230233799693,-0.157230233799693
"4",-3.29659318637275,0.768698699980259,4.93987975951904,-0.353230233799693,-0.157230233799693
"5",-3.1563126252505,0.799173657373892,4.93987975951904,-0.353230233799693,-0.157230233799693
"6",-3.0561122244489,1.00275537849769,4.93987975951904,-0.353230233799693,-0.157230233799693
"7",-1.7935871743487,0.787346244980467,4.93987975951904,-0.353230233799693,-0.157230233799693
"8",-1.59318637274549,0.986003822532607,4.93987975951904,-0.353230233799693,-0.157230233799693
"9",-1.57314629258517,0.884244530399987,4.93987975951904,-0.353230233799693,-0.157230233799693
"10",-1.03206412825651,0.716498861649617,4.93987975951904,-0.353230233799693,-0.157230233799693
"11",-0.791583166332665,0.851592509034143,4.93987975951904,-0.353230233799693,-0.157230233799693
"12",-0.711422845691383,0.945068384787244,4.93987975951904,-0.353230233799693,-0.157230233799693
"13",-0.250501002004008,0.653938271855398,4.93987975951904,-0.353230233799693,-0.157230233799693
"14",1.45290581162325,0.249484848177166,4.93987975951904,-0.353230233799693,-0.157230233799693
"15",2.97595190380761,-0.123410858278573,4.93987975951904,-0.353230233799693,-0.157230233799693
"16",3.97795591182365,-0.117587916725489,4.93987975951904,-0.353230233799693,-0.157230233799693
"17",3.99799599198397,-0.304484430094901,4.93987975951904,-0.353230233799693,-0.157230233799693
"18",4.01803607214429,-0.3842364527268,4.93987975951904,-0.353230233799693,-0.157230233799693
"19",4.05811623246493,-0.132575710388524,4.93987975951904,-0.353230233799693,-0.157230233799693
"20",4.09819639278557,-0.312032317741412,4.93987975951904,-0.353230233799693,-0.157230233799693
"21",4.13827655310621,-0.504889534287709,4.93987975951904,-0.353230233799693,-0.157230233799693
"22",4.15831663326653,-0.223592802190858,4.93987975951904,-0.353230233799693,-0.157230233799693
"23",4.17835671342685,-0.449339906194213,4.93987975951904,-0.353230233799693,-0.157230233799693
"24",4.19839679358717,-0.298539601395544,4.93987975951904,-0.353230233799693,-0.157230233799693
"25",4.21843687374749,-0.420999792643224,4.93987975951904,-0.353230233799693,-0.157230233799693
"26",4.23847695390782,-0.197796910221956,4.93987975951904,-0.353230233799693,-0.157230233799693
"27",4.27855711422846,-0.380633417530821,4.93987975951904,-0.353230233799693,-0.157230233799693
"28",4.35871743486974,-0.367155270858685,4.93987975951904,-0.353230233799693,-0.157230233799693
"29",4.37875751503006,-0.430446238216759,4.93987975951904,-0.353230233799693,-0.157230233799693
"30",4.4188376753507,-0.29072322210868,4.93987975951904,-0.353230233799693,-0.157230233799693
"31",4.43887775551102,-0.398637770962518,4.93987975951904,-0.353230233799693,-0.157230233799693
"32",4.45891783567134,-0.249909732875873,4.93987975951904,-0.353230233799693,-0.157230233799693
"33",4.47895791583166,-0.173888083892944,4.93987975951904,-0.353230233799693,-0.157230233799693
"34",4.5190380761523,-0.268673380923289,4.93987975951904,-0.353230233799693,-0.157230233799693
"35",4.53907815631263,-0.259600219199543,4.93987975951904,-0.353230233799693,-0.157230233799693
"36",4.55911823647295,-0.0386545958864947,4.93987975951904,-0.353230233799693,-0.157230233799693
"37",4.59919839679359,-0.0848306188125481,4.93987975951904,-0.353230233799693,-0.157230233799693
"38",4.61923847695391,-0.323835057415904,4.93987975951904,-0.353230233799693,-0.157230233799693
"39",4.63927855711423,-0.444215548538654,4.93987975951904,-0.353230233799693,-0.157230233799693
"40",4.71943887775551,-0.334085541471396,4.93987975951904,-0.353230233799693,-0.157230233799693
"41",4.77955911823647,-0.373812869389164,4.93987975951904,-0.353230233799693,-0.157230233799693
"42",4.79959919839679,-0.0947106246343271,4.93987975951904,-0.353230233799693,-0.157230233799693
"43",4.81963927855711,-0.29014532037379,4.93987975951904,-0.353230233799693,-0.157230233799693
"44",4.83967935871743,-0.261615373554876,4.93987975951904,-0.353230233799693,-0.157230233799693
"45",4.87975951903808,-0.475116768352401,4.93987975951904,-0.353230233799693,-0.157230233799693
"46",4.8997995991984,-0.43891804944509,4.93987975951904,-0.353230233799693,-0.157230233799693
"47",4.93987975951904,-0.290013204665466,4.93987975951904,-0.353230233799693,-0.157230233799693
"48",4.95991983967936,-0.200551841902175,4.93987975951904,-0.353230233799693,-0.157230233799693
"49",4.97995991983968,-0.491002612170733,4.93987975951904,-0.353230233799693,-0.157230233799693
"50",5,-0.325251440384462,4.93987975951904,-0.353230233799693,-0.157230233799693
