"","x","yplot","target","ftrue","fwrong"
"1",-4.8997995991984,0.483572240100048,4.19839679358717,-0.0646287346237283,-0.260628734623728
"2",-4.63927855711423,0.365603775561943,4.19839679358717,-0.0646287346237283,-0.260628734623728
"3",-4.4188376753507,0.370176643601119,4.19839679358717,-0.0646287346237283,-0.260628734623728
"4",-4.2184368737475,0.472702596868948,4.19839679358717,-0.0646287346237283,-0.260628734623728
"5",-3.57715430861723,0.529412516303383,4.19839679358717,-0.0646287346237283,-0.260628734623728
"6",-2.55511022044088,0.67315285482431,4.19839679358717,-0.0646287346237283,-0.260628734623728
"7",-2.39478957915832,0.875122163143142,4.19839679358717,-0.0646287346237283,-0.260628734623728
"8",-2.05410821643287,0.819492081380292,4.19839679358717,-0.0646287346237283,-0.260628734623728
"9",-1.77354709418838,0.744069427134459,4.19839679358717,-0.0646287346237283,-0.260628734623728
"10",-1.67334669338677,0.791523930269157,4.19839679358717,-0.0646287346237283,-0.260628734623728
"11",-1.29258517034068,0.894101453034905,4.19839679358717,-0.0646287346237283,-0.260628734623728
"12",-1.17234468937876,0.840759634145066,4.19839679358717,-0.0646287346237283,-0.260628734623728
"13",-0.95190380761523,1.07823308003287,4.19839679358717,-0.0646287346237283,-0.260628734623728
"14",-0.731462925851703,0.809931189575813,4.19839679358717,-0.0646287346237283,-0.260628734623728
"15",-0.330661322645291,0.757554187902305,4.19839679358717,-0.0646287346237283,-0.260628734623728
"16",0.410821643286573,0.443198656372492,4.19839679358717,-0.0646287346237283,-0.260628734623728
"17",0.93186372745491,-0.198614350970174,4.19839679358717,-0.0646287346237283,-0.260628734623728
"18",1.29258517034068,-0.305984162485454,4.19839679358717,-0.0646287346237283,-0.260628734623728
"19",2.01402805611222,-0.204286958642869,4.19839679358717,-0.0646287346237283,-0.260628734623728
"20",2.19438877755511,-0.179278130236506,4.19839679358717,-0.0646287346237283,-0.260628734623728
"21",2.49498997995992,-0.0979434957560208,4.19839679358717,-0.0646287346237283,-0.260628734623728
"22",3.49699398797595,0.263798735393021,4.19839679358717,-0.0646287346237283,-0.260628734623728
"23",3.99799599198397,0.0107559924182268,4.19839679358717,-0.0646287346237283,-0.260628734623728
"24",4.05811623246493,0.0438814197327821,4.19839679358717,-0.0646287346237283,-0.260628734623728
"25",4.25851703406814,-0.000567015579959015,4.19839679358717,-0.0646287346237283,-0.260628734623728
"26",4.27855711422846,-0.0425166348336499,4.19839679358717,-0.0646287346237283,-0.260628734623728
"27",4.39879759519038,-0.0391488013127314,4.19839679358717,-0.0646287346237283,-0.260628734623728
"28",4.75951903807615,-0.529002670502642,4.19839679358717,-0.0646287346237283,-0.260628734623728
"29",4.81963927855711,-0.418449652353197,4.19839679358717,-0.0646287346237283,-0.260628734623728
"30",4.95991983967936,-0.640095534841579,4.19839679358717,-0.0646287346237283,-0.260628734623728
