"","x","yplot","target","ftrue","fwrong"
"1",-3.71743486973948,0.242604315627238,4.21843687374749,0.0736829306329171,-0.122317069367083
"2",-3.1563126252505,-0.184504839818812,4.21843687374749,0.0736829306329171,-0.122317069367083
"3",-2.73547094188377,-0.646103389379745,4.21843687374749,0.0736829306329171,-0.122317069367083
"4",-2.21442885771543,-0.64053325595084,4.21843687374749,0.0736829306329171,-0.122317069367083
"5",-1.35270541082164,-0.725506556259755,4.21843687374749,0.0736829306329171,-0.122317069367083
"6",0.991983967935871,0.271096857490078,4.21843687374749,0.0736829306329171,-0.122317069367083
"7",3.17635270541082,0.164107595461998,4.21843687374749,0.0736829306329171,-0.122317069367083
"8",3.47695390781563,-0.0910280260811153,4.21843687374749,0.0736829306329171,-0.122317069367083
"9",4.87975951903808,0.0892953683942206,4.21843687374749,0.0736829306329171,-0.122317069367083
"10",4.91983967935872,0.326280989399709,4.21843687374749,0.0736829306329171,-0.122317069367083
