"","x","yplot","target","ftrue","fwrong"
"1",-4.67935871743487,0.449060228587507,0.771543086172344,-0.628578612071363,-0.432578612071363
"2",-4.63927855711423,0.413540303085695,0.771543086172344,-0.628578612071363,-0.432578612071363
"3",-4.43887775551102,0.346985728025803,0.771543086172344,-0.628578612071363,-0.432578612071363
"4",-4.25851703406814,0.346917973798085,0.771543086172344,-0.628578612071363,-0.432578612071363
"5",-3.91783567134269,0.176429011128725,0.771543086172344,-0.628578612071363,-0.432578612071363
"6",-3.19639278557114,0.151814922373462,0.771543086172344,-0.628578612071363,-0.432578612071363
"7",-3.1563126252505,0.219204997615211,0.771543086172344,-0.628578612071363,-0.432578612071363
"8",-3.03607214428858,0.360722909795281,0.771543086172344,-0.628578612071363,-0.432578612071363
"9",-3.01603206412826,0.222385096134445,0.771543086172344,-0.628578612071363,-0.432578612071363
"10",-2.39478957915832,0.173128313632793,0.771543086172344,-0.628578612071363,-0.432578612071363
"11",-1.71342685370742,0.300254736442698,0.771543086172344,-0.628578612071363,-0.432578612071363
"12",-0.811623246492986,0.129793202292038,0.771543086172344,-0.628578612071363,-0.432578612071363
"13",-0.551102204408818,0.0105927821358991,0.771543086172344,-0.628578612071363,-0.432578612071363
"14",-0.250501002004008,-0.216766199902368,0.771543086172344,-0.628578612071363,-0.432578612071363
"15",-0.0701402805611222,-0.125586543405907,0.771543086172344,-0.628578612071363,-0.432578612071363
"16",0.0300601202404804,-0.277459265123005,0.771543086172344,-0.628578612071363,-0.432578612071363
"17",0.350701402805611,-0.390112849249811,0.771543086172344,-0.628578612071363,-0.432578612071363
"18",0.511022044088176,-0.504912737764725,0.771543086172344,-0.628578612071363,-0.432578612071363
"19",0.571142284569138,-0.633143575387343,0.771543086172344,-0.628578612071363,-0.432578612071363
"20",0.731462925851703,-0.564559793340853,0.771543086172344,-0.628578612071363,-0.432578612071363
"21",0.811623246492986,-0.686162608205046,0.771543086172344,-0.628578612071363,-0.432578612071363
"22",0.871743486973948,-0.654329017356805,0.771543086172344,-0.628578612071363,-0.432578612071363
"23",0.911823647294589,-0.750131598962646,0.771543086172344,-0.628578612071363,-0.432578612071363
"24",1.4128256513026,-0.900989747553789,0.771543086172344,-0.628578612071363,-0.432578612071363
"25",1.51302605210421,-0.894780218599093,0.771543086172344,-0.628578612071363,-0.432578612071363
"26",1.75350701402806,-0.945053429071531,0.771543086172344,-0.628578612071363,-0.432578612071363
"27",1.91382765531062,-0.997441696955862,0.771543086172344,-0.628578612071363,-0.432578612071363
"28",2.11422845691383,-0.731762164140533,0.771543086172344,-0.628578612071363,-0.432578612071363
"29",2.23446893787575,-0.873084984804972,0.771543086172344,-0.628578612071363,-0.432578612071363
"30",2.33466933867735,-0.775135006549039,0.771543086172344,-0.628578612071363,-0.432578612071363
"31",2.71543086172345,-0.709405978963437,0.771543086172344,-0.628578612071363,-0.432578612071363
"32",2.77555110220441,-0.613612286342433,0.771543086172344,-0.628578612071363,-0.432578612071363
"33",2.83567134268537,-0.806030331677917,0.771543086172344,-0.628578612071363,-0.432578612071363
"34",2.85571142284569,-0.655931194593543,0.771543086172344,-0.628578612071363,-0.432578612071363
"35",3.01603206412826,-0.761679435863424,0.771543086172344,-0.628578612071363,-0.432578612071363
"36",3.35671342685371,-0.699485878439686,0.771543086172344,-0.628578612071363,-0.432578612071363
"37",3.39679358717435,-0.469152685524274,0.771543086172344,-0.628578612071363,-0.432578612071363
"38",3.53707414829659,-0.422496165288645,0.771543086172344,-0.628578612071363,-0.432578612071363
"39",3.87775551102204,-0.315296159447902,0.771543086172344,-0.628578612071363,-0.432578612071363
"40",4.37875751503006,-0.363738992655247,0.771543086172344,-0.628578612071363,-0.432578612071363
