"","x","yplot","target","ftrue","fwrong"
"1",-3.75751503006012,-0.534804988815983,-0.0501002004008022,0.788587027142956,0.984587027142956
"2",-3.45691382765531,-0.574086273822658,-0.0501002004008022,0.788587027142956,0.984587027142956
"3",-3.2565130260521,-0.44408520807703,-0.0501002004008022,0.788587027142956,0.984587027142956
"4",-2.49498997995992,-0.16939552519339,-0.0501002004008022,0.788587027142956,0.984587027142956
"5",-2.03406813627255,0.161327235958847,-0.0501002004008022,0.788587027142956,0.984587027142956
"6",-0.991983967935872,0.457940902321764,-0.0501002004008022,0.788587027142956,0.984587027142956
"7",-0.95190380761523,0.592643395432083,-0.0501002004008022,0.788587027142956,0.984587027142956
"8",-0.891783567134269,0.53581071814739,-0.0501002004008022,0.788587027142956,0.984587027142956
"9",-0.871743486973948,0.671808646684038,-0.0501002004008022,0.788587027142956,0.984587027142956
"10",-0.751503006012024,0.731769676156364,-0.0501002004008022,0.788587027142956,0.984587027142956
"11",-0.691382765531062,0.555776842209504,-0.0501002004008022,0.788587027142956,0.984587027142956
"12",-0.651302605210421,0.778379698218285,-0.0501002004008022,0.788587027142956,0.984587027142956
"13",-0.631262525050101,0.836558806913198,-0.0501002004008022,0.788587027142956,0.984587027142956
"14",-0.450901803607215,0.850402506197258,-0.0501002004008022,0.788587027142956,0.984587027142956
"15",-0.430861723446894,0.672207742179039,-0.0501002004008022,0.788587027142956,0.984587027142956
"16",-0.31062124248497,0.835064856155187,-0.0501002004008022,0.788587027142956,0.984587027142956
"17",-0.290581162324649,0.6428957955482,-0.0501002004008022,0.788587027142956,0.984587027142956
"18",-0.210420841683367,0.825460752213844,-0.0501002004008022,0.788587027142956,0.984587027142956
"19",-0.170340681362726,0.848101444265584,-0.0501002004008022,0.788587027142956,0.984587027142956
"20",-0.150300601202405,0.666989399751147,-0.0501002004008022,0.788587027142956,0.984587027142956
"21",-0.0901803607214431,0.803642823942544,-0.0501002004008022,0.788587027142956,0.984587027142956
"22",-0.0100200400801604,0.915237961903285,-0.0501002004008022,0.788587027142956,0.984587027142956
"23",0.0501002004008013,0.830740312776564,-0.0501002004008022,0.788587027142956,0.984587027142956
"24",0.0901803607214431,0.814713538590885,-0.0501002004008022,0.788587027142956,0.984587027142956
"25",0.170340681362725,0.735792514508233,-0.0501002004008022,0.788587027142956,0.984587027142956
"26",0.210420841683367,0.794187256408873,-0.0501002004008022,0.788587027142956,0.984587027142956
"27",0.230460921843687,0.835710280145289,-0.0501002004008022,0.788587027142956,0.984587027142956
"28",0.450901803607215,0.896330833665041,-0.0501002004008022,0.788587027142956,0.984587027142956
"29",0.490981963927855,0.749669599944784,-0.0501002004008022,0.788587027142956,0.984587027142956
"30",0.771543086172344,0.675432084033368,-0.0501002004008022,0.788587027142956,0.984587027142956
"31",0.811623246492986,0.733293000214722,-0.0501002004008022,0.788587027142956,0.984587027142956
"32",0.851703406813627,0.533147422688147,-0.0501002004008022,0.788587027142956,0.984587027142956
"33",0.871743486973948,0.754824797895688,-0.0501002004008022,0.788587027142956,0.984587027142956
"34",1.35270541082164,0.72016230707566,-0.0501002004008022,0.788587027142956,0.984587027142956
"35",1.49298597194389,0.402882709116965,-0.0501002004008022,0.788587027142956,0.984587027142956
"36",2.41482965931864,-0.038232242676269,-0.0501002004008022,0.788587027142956,0.984587027142956
"37",2.67535070140281,0.134626760350417,-0.0501002004008022,0.788587027142956,0.984587027142956
"38",3.95791583166333,-0.041618086382499,-0.0501002004008022,0.788587027142956,0.984587027142956
"39",4.05811623246493,-0.299401854314036,-0.0501002004008022,0.788587027142956,0.984587027142956
"40",4.45891783567134,0.0170752619421503,-0.0501002004008022,0.788587027142956,0.984587027142956
