"","x","yplot","target","ftrue","fwrong"
"1",-4.69939879759519,-0.440036242457742,-0.751503006012024,0.182114236823791,-0.0138857631762092
"2",-4.67935871743487,-0.662486022848917,-0.751503006012024,0.182114236823791,-0.0138857631762092
"3",-4.61923847695391,-0.655668809691032,-0.751503006012024,0.182114236823791,-0.0138857631762092
"4",-3.17635270541082,-0.137672346907592,-0.751503006012024,0.182114236823791,-0.0138857631762092
"5",-2.69539078156313,-0.198560942060374,-0.751503006012024,0.182114236823791,-0.0138857631762092
"6",-2.63527054108216,-0.0931903658210217,-0.751503006012024,0.182114236823791,-0.0138857631762092
"7",-2.23446893787575,-0.0604956289501618,-0.751503006012024,0.182114236823791,-0.0138857631762092
"8",-1.83366733466934,-0.111961011581273,-0.751503006012024,0.182114236823791,-0.0138857631762092
"9",-1.63326653306613,-0.0743204979729081,-0.751503006012024,0.182114236823791,-0.0138857631762092
"10",-0.871743486973948,0.0712602864257182,-0.751503006012024,0.182114236823791,-0.0138857631762092
"11",-0.811623246492986,0.150420420968883,-0.751503006012024,0.182114236823791,-0.0138857631762092
"12",-0.771543086172345,0.349648938978079,-0.751503006012024,0.182114236823791,-0.0138857631762092
"13",-0.751503006012024,0.278800558889184,-0.751503006012024,0.182114236823791,-0.0138857631762092
"14",-0.551102204408818,0.256800270750144,-0.751503006012024,0.182114236823791,-0.0138857631762092
"15",0.130260521042084,0.499838589693725,-0.751503006012024,0.182114236823791,-0.0138857631762092
"16",0.150300601202405,0.484505053578766,-0.751503006012024,0.182114236823791,-0.0138857631762092
"17",0.170340681362725,0.680846483419783,-0.751503006012024,0.182114236823791,-0.0138857631762092
"18",0.591182364729459,0.67376031810696,-0.751503006012024,0.182114236823791,-0.0138857631762092
"19",0.751503006012024,0.612219837537599,-0.751503006012024,0.182114236823791,-0.0138857631762092
"20",1.19238476953908,0.921140504309584,-0.751503006012024,0.182114236823791,-0.0138857631762092
"21",1.33266533066132,0.685918373257602,-0.751503006012024,0.182114236823791,-0.0138857631762092
"22",1.55310621242485,0.885570119165639,-0.751503006012024,0.182114236823791,-0.0138857631762092
"23",2.17434869739479,0.585365623177871,-0.751503006012024,0.182114236823791,-0.0138857631762092
"24",2.63527054108216,0.682138777212532,-0.751503006012024,0.182114236823791,-0.0138857631762092
"25",3.21643286573146,0.499496283870789,-0.751503006012024,0.182114236823791,-0.0138857631762092
"26",3.57715430861723,0.716851236304288,-0.751503006012024,0.182114236823791,-0.0138857631762092
"27",3.6372745490982,0.619911058468119,-0.751503006012024,0.182114236823791,-0.0138857631762092
"28",3.7374749498998,0.645418688765633,-0.751503006012024,0.182114236823791,-0.0138857631762092
"29",3.77755511022044,0.539158602068394,-0.751503006012024,0.182114236823791,-0.0138857631762092
"30",4.39879759519038,0.340663336310113,-0.751503006012024,0.182114236823791,-0.0138857631762092
