"","x","yplot","target","ftrue","fwrong"
"1",-4.87975951903808,0.839610262731158,-4.59919839679359,0.781627021848305,0.585627021848305
"2",-4.85971943887776,0.827997815089626,-4.59919839679359,0.781627021848305,0.585627021848305
"3",-4.53907815631263,0.87715363633107,-4.59919839679359,0.781627021848305,0.585627021848305
"4",-4.47895791583166,0.789126374045064,-4.59919839679359,0.781627021848305,0.585627021848305
"5",-4.43887775551102,0.876059038763825,-4.59919839679359,0.781627021848305,0.585627021848305
"6",-4.37875751503006,0.813399261260921,-4.59919839679359,0.781627021848305,0.585627021848305
"7",-4.25851703406814,0.813890288122476,-4.59919839679359,0.781627021848305,0.585627021848305
"8",-4.2184368737475,0.614801469416853,-4.59919839679359,0.781627021848305,0.585627021848305
"9",-3.8376753507014,0.413041376088945,-4.59919839679359,0.781627021848305,0.585627021848305
"10",-3.55711422845691,0.4071549720512,-4.59919839679359,0.781627021848305,0.585627021848305
"11",-3.35671342685371,0.422007767843526,-4.59919839679359,0.781627021848305,0.585627021848305
"12",-3.31663326653307,0.699941488838388,-4.59919839679359,0.781627021848305,0.585627021848305
"13",-3.2565130260521,0.648250178368515,-4.59919839679359,0.781627021848305,0.585627021848305
"14",-3.21643286573146,0.359874381183567,-4.59919839679359,0.781627021848305,0.585627021848305
"15",-2.97595190380762,0.289914992484993,-4.59919839679359,0.781627021848305,0.585627021848305
"16",-2.49498997995992,0.234863679521289,-4.59919839679359,0.781627021848305,0.585627021848305
"17",-1.09218436873748,-0.0859567630192686,-4.59919839679359,0.781627021848305,0.585627021848305
"18",-0.370741482965932,-0.29441975600469,-4.59919839679359,0.781627021848305,0.585627021848305
"19",-0.110220440881764,-0.247235153158801,-4.59919839679359,0.781627021848305,0.585627021848305
"20",-0.0501002004008022,-0.0256997059022305,-4.59919839679359,0.781627021848305,0.585627021848305
"21",0.210420841683367,-0.403188681240541,-4.59919839679359,0.781627021848305,0.585627021848305
"22",0.270541082164328,-0.307823460228238,-4.59919839679359,0.781627021848305,0.585627021848305
"23",0.571142284569138,-0.456504329308898,-4.59919839679359,0.781627021848305,0.585627021848305
"24",0.691382765531062,-0.33677764123756,-4.59919839679359,0.781627021848305,0.585627021848305
"25",1.77354709418838,-0.620993817520761,-4.59919839679359,0.781627021848305,0.585627021848305
"26",2.5751503006012,-0.325150053895675,-4.59919839679359,0.781627021848305,0.585627021848305
"27",2.91583166332665,-0.547291060272224,-4.59919839679359,0.781627021848305,0.585627021848305
"28",4.01803607214429,-0.401346881517957,-4.59919839679359,0.781627021848305,0.585627021848305
"29",4.05811623246493,-0.420657814642163,-4.59919839679359,0.781627021848305,0.585627021848305
"30",4.85971943887776,-0.312942990234366,-4.59919839679359,0.781627021848305,0.585627021848305
