"","x","yplot","target","ftrue","fwrong"
"1",-4.51903807615231,-1.18546807738581,-0.110220440881764,0.883442367160308,1.07944236716031
"2",-2.17434869739479,0.208965518071305,-0.110220440881764,0.883442367160308,1.07944236716031
"3",-2.13426853707415,0.109521859634993,-0.110220440881764,0.883442367160308,1.07944236716031
"4",-1.09218436873748,0.678106326597748,-0.110220440881764,0.883442367160308,1.07944236716031
"5",-1.07214428857715,0.764579815203632,-0.110220440881764,0.883442367160308,1.07944236716031
"6",-0.991983967935872,0.609383473287872,-0.110220440881764,0.883442367160308,1.07944236716031
"7",-0.891783567134269,0.585030043647809,-0.110220440881764,0.883442367160308,1.07944236716031
"8",-0.871743486973948,0.809089119741668,-0.110220440881764,0.883442367160308,1.07944236716031
"9",-0.851703406813628,0.762908433502704,-0.110220440881764,0.883442367160308,1.07944236716031
"10",-0.731462925851703,0.704065977243576,-0.110220440881764,0.883442367160308,1.07944236716031
"11",-0.691382765531062,0.761483774448165,-0.110220440881764,0.883442367160308,1.07944236716031
"12",-0.450901803607215,0.637023421257051,-0.110220440881764,0.883442367160308,1.07944236716031
"13",-0.370741482965932,0.830662530888533,-0.110220440881764,0.883442367160308,1.07944236716031
"14",-0.230460921843687,0.858333670543786,-0.110220440881764,0.883442367160308,1.07944236716031
"15",-0.170340681362726,0.978635426692101,-0.110220440881764,0.883442367160308,1.07944236716031
"16",-0.0701402805611222,0.875269604339346,-0.110220440881764,0.883442367160308,1.07944236716031
"17",0.0501002004008013,0.77025780617703,-0.110220440881764,0.883442367160308,1.07944236716031
"18",0.130260521042084,0.823268348936014,-0.110220440881764,0.883442367160308,1.07944236716031
"19",0.190380761523046,0.798430885105325,-0.110220440881764,0.883442367160308,1.07944236716031
"20",0.270541082164328,0.885236865234841,-0.110220440881764,0.883442367160308,1.07944236716031
"21",0.33066132264529,0.989255569204863,-0.110220440881764,0.883442367160308,1.07944236716031
"22",0.390781563126252,0.721480167856616,-0.110220440881764,0.883442367160308,1.07944236716031
"23",0.410821643286573,0.765078742693652,-0.110220440881764,0.883442367160308,1.07944236716031
"24",0.811623246492986,0.575284420206569,-0.110220440881764,0.883442367160308,1.07944236716031
"25",0.93186372745491,0.561432459783785,-0.110220440881764,0.883442367160308,1.07944236716031
"26",2.45490981963928,-0.0546952265797383,-0.110220440881764,0.883442367160308,1.07944236716031
"27",3.59719438877755,-0.308532708029768,-0.110220440881764,0.883442367160308,1.07944236716031
"28",3.75751503006012,-0.326258459079069,-0.110220440881764,0.883442367160308,1.07944236716031
"29",3.8376753507014,-0.371228775011601,-0.110220440881764,0.883442367160308,1.07944236716031
"30",4.09819639278557,-0.226865970845452,-0.110220440881764,0.883442367160308,1.07944236716031
