"","x","yplot","target","ftrue","fwrong"
"1",-3.65731462925852,0.15880310659489,1.27254509018036,-0.420565677261123,-0.616565677261123
"2",-3.41683366733467,-0.143064978816265,1.27254509018036,-0.420565677261123,-0.616565677261123
"3",-2.87575150300601,-0.38090243257204,1.27254509018036,-0.420565677261123,-0.616565677261123
"4",-2.81563126252505,-0.579660135358411,1.27254509018036,-0.420565677261123,-0.616565677261123
"5",-1.61322645290581,-0.472410798362821,1.27254509018036,-0.420565677261123,-0.616565677261123
"6",-1.07214428857715,-0.347247711688516,1.27254509018036,-0.420565677261123,-0.616565677261123
"7",-0.290581162324649,-0.192072485386748,1.27254509018036,-0.420565677261123,-0.616565677261123
"8",0.0901803607214431,-0.22373496147683,1.27254509018036,-0.420565677261123,-0.616565677261123
"9",0.370741482965932,-0.271327206584691,1.27254509018036,-0.420565677261123,-0.616565677261123
"10",0.390781563126252,-0.337368635023005,1.27254509018036,-0.420565677261123,-0.616565677261123
"11",0.991983967935871,-0.285603359534914,1.27254509018036,-0.420565677261123,-0.616565677261123
"12",1.45290581162325,-0.301341164701542,1.27254509018036,-0.420565677261123,-0.616565677261123
"13",1.81362725450902,-0.479485705764816,1.27254509018036,-0.420565677261123,-0.616565677261123
"14",2.01402805611222,-0.407787391305846,1.27254509018036,-0.420565677261123,-0.616565677261123
"15",2.45490981963928,-0.641815143887038,1.27254509018036,-0.420565677261123,-0.616565677261123
"16",2.61523046092184,-0.396992710534922,1.27254509018036,-0.420565677261123,-0.616565677261123
"17",3.01603206412826,-0.162207038565446,1.27254509018036,-0.420565677261123,-0.616565677261123
"18",4.29859719438878,0.195170593558649,1.27254509018036,-0.420565677261123,-0.616565677261123
"19",4.49899799599198,0.452134431132627,1.27254509018036,-0.420565677261123,-0.616565677261123
"20",4.87975951903808,0.56936029476676,1.27254509018036,-0.420565677261123,-0.616565677261123
