"","x","yplot","target","ftrue","fwrong"
"1",-3.7374749498998,0.24803296825624,4.97995991983968,-0.0539205113771588,0.142079488622841
"2",-0.991983967935872,-0.583984290764393,4.97995991983968,-0.0539205113771588,0.142079488622841
"3",-0.490981963927856,-0.869622929503757,4.97995991983968,-0.0539205113771588,0.142079488622841
"4",0.350701402805611,-1.01138517000652,4.97995991983968,-0.0539205113771588,0.142079488622841
"5",2.63527054108216,-0.784810405574399,4.97995991983968,-0.0539205113771588,0.142079488622841
"6",3.55711422845691,-0.577192595355253,4.97995991983968,-0.0539205113771588,0.142079488622841
"7",4.01803607214429,-0.510174761790309,4.97995991983968,-0.0539205113771588,0.142079488622841
"8",4.21843687374749,-0.343221648794946,4.97995991983968,-0.0539205113771588,0.142079488622841
"9",4.29859719438878,-0.393947552698196,4.97995991983968,-0.0539205113771588,0.142079488622841
"10",4.3186372745491,-0.330623658160057,4.97995991983968,-0.0539205113771588,0.142079488622841
"11",4.35871743486974,-0.319281484260775,4.97995991983968,-0.0539205113771588,0.142079488622841
"12",4.4188376753507,-0.119391181302285,4.97995991983968,-0.0539205113771588,0.142079488622841
"13",4.43887775551102,-0.173427496727996,4.97995991983968,-0.0539205113771588,0.142079488622841
"14",4.53907815631263,-0.223131539203396,4.97995991983968,-0.0539205113771588,0.142079488622841
"15",4.55911823647295,-0.255679836208388,4.97995991983968,-0.0539205113771588,0.142079488622841
"16",4.67935871743487,-0.00734975743558922,4.97995991983968,-0.0539205113771588,0.142079488622841
"17",4.69939879759519,-0.0552213561684894,4.97995991983968,-0.0539205113771588,0.142079488622841
"18",4.77955911823647,-0.123432228879395,4.97995991983968,-0.0539205113771588,0.142079488622841
"19",4.95991983967936,-0.161922234741329,4.97995991983968,-0.0539205113771588,0.142079488622841
"20",4.97995991983968,-0.0437925296062274,4.97995991983968,-0.0539205113771588,0.142079488622841
