"","x","yplot","target","ftrue","fwrong"
"1",-4.13827655310621,-0.755243038928512,-3.2565130260521,-0.68915764561787,-0.88515764561787
"2",-4.01803607214429,-0.615926011627815,-3.2565130260521,-0.68915764561787,-0.88515764561787
"3",-3.1563126252505,-0.706858230288156,-3.2565130260521,-0.68915764561787,-0.88515764561787
"4",-2.67535070140281,-0.644050385364206,-3.2565130260521,-0.68915764561787,-0.88515764561787
"5",-2.49498997995992,-0.535457102628511,-3.2565130260521,-0.68915764561787,-0.88515764561787
"6",-2.4749498997996,-0.685096123056074,-3.2565130260521,-0.68915764561787,-0.88515764561787
"7",-2.33466933867735,-0.681739221580511,-3.2565130260521,-0.68915764561787,-0.88515764561787
"8",-0.791583166332665,-0.293562576774298,-3.2565130260521,-0.68915764561787,-0.88515764561787
"9",-0.170340681362726,-0.27190670991119,-3.2565130260521,-0.68915764561787,-0.88515764561787
"10",2.07414829659319,0.506719235304829,-3.2565130260521,-0.68915764561787,-0.88515764561787
