"","x","yplot","target","ftrue","fwrong"
"1",-1.41282565130261,0.539684707321915,3.71743486973948,-0.592957893453414,-0.788957893453414
"2",-1.39278557114228,0.818086654799647,3.71743486973948,-0.592957893453414,-0.788957893453414
"3",-0.751503006012024,0.545596888564713,3.71743486973948,-0.592957893453414,-0.788957893453414
"4",-0.370741482965932,0.478324696408827,3.71743486973948,-0.592957893453414,-0.788957893453414
"5",-0.0300601202404813,0.381303085526952,3.71743486973948,-0.592957893453414,-0.788957893453414
"6",0.751503006012024,0.0641697502844235,3.71743486973948,-0.592957893453414,-0.788957893453414
"7",2.23446893787575,-0.340303644089283,3.71743486973948,-0.592957893453414,-0.788957893453414
"8",2.93587174348697,-0.606199731517097,3.71743486973948,-0.592957893453414,-0.788957893453414
"9",3.65731462925852,-0.679001806173882,3.71743486973948,-0.592957893453414,-0.788957893453414
"10",3.75751503006012,-0.551233251010806,3.71743486973948,-0.592957893453414,-0.788957893453414
