"","x","yplot","target","ftrue","fwrong"
"1",-3.59719438877756,0.207211228054792,-1.25250501002004,0.33878881375035,0.53478881375035
"2",-2.19438877755511,0.522633859658981,-1.25250501002004,0.33878881375035,0.53478881375035
"3",-1.9939879759519,0.348597487267545,-1.25250501002004,0.33878881375035,0.53478881375035
"4",-1.71342685370742,0.492331553409211,-1.25250501002004,0.33878881375035,0.53478881375035
"5",-1.57314629258517,0.381827476054354,-1.25250501002004,0.33878881375035,0.53478881375035
"6",-1.55310621242485,0.189381278444033,-1.25250501002004,0.33878881375035,0.53478881375035
"7",-1.49298597194389,0.424444219917272,-1.25250501002004,0.33878881375035,0.53478881375035
"8",-1.17234468937876,0.309300012985688,-1.25250501002004,0.33878881375035,0.53478881375035
"9",-1.13226452905812,0.435458001105867,-1.25250501002004,0.33878881375035,0.53478881375035
"10",-1.09218436873748,0.429104010380565,-1.25250501002004,0.33878881375035,0.53478881375035
"11",-1.03206412825651,0.341227975100486,-1.25250501002004,0.33878881375035,0.53478881375035
"12",-0.811623246492986,0.0955690288852616,-1.25250501002004,0.33878881375035,0.53478881375035
"13",-0.390781563126253,0.260556441923779,-1.25250501002004,0.33878881375035,0.53478881375035
"14",-0.370741482965932,0.308678939682872,-1.25250501002004,0.33878881375035,0.53478881375035
"15",-0.31062124248497,0.195078262010294,-1.25250501002004,0.33878881375035,0.53478881375035
"16",-0.0501002004008022,0.477401071554905,-1.25250501002004,0.33878881375035,0.53478881375035
"17",0.290581162324649,0.241419399754556,-1.25250501002004,0.33878881375035,0.53478881375035
"18",3.19639278557114,-0.236684812704025,-1.25250501002004,0.33878881375035,0.53478881375035
"19",3.8376753507014,-0.535262161490673,-1.25250501002004,0.33878881375035,0.53478881375035
"20",4.57915831663327,-0.837797865256435,-1.25250501002004,0.33878881375035,0.53478881375035
