"","x","yplot","target","ftrue","fwrong"
"1",-4.53907815631263,-0.561077094122638,1.05210420841683,0.853830538660845,1.04983053866084
"2",-2.51503006012024,-0.199377543817895,1.05210420841683,0.853830538660845,1.04983053866084
"3",-2.45490981963928,0.0528860646058678,1.05210420841683,0.853830538660845,1.04983053866084
"4",-2.43486973947896,0.159468285738835,1.05210420841683,0.853830538660845,1.04983053866084
"5",-2.17434869739479,0.312891968389429,1.05210420841683,0.853830538660845,1.04983053866084
"6",-2.15430861723447,0.164703224906659,1.05210420841683,0.853830538660845,1.04983053866084
"7",-1.49298597194389,0.374094517746802,1.05210420841683,0.853830538660845,1.04983053866084
"8",-0.571142284569138,0.674986551500596,1.05210420841683,0.853830538660845,1.04983053866084
"9",-0.190380761523047,0.873083524614534,1.05210420841683,0.853830538660845,1.04983053866084
"10",-0.0100200400801604,0.6985571833098,1.05210420841683,0.853830538660845,1.04983053866084
"11",0.571142284569138,0.981095890230322,1.05210420841683,0.853830538660845,1.04983053866084
"12",0.711422845691382,0.966546575420073,1.05210420841683,0.853830538660845,1.04983053866084
"13",1.25250501002004,0.814872522919746,1.05210420841683,0.853830538660845,1.04983053866084
"14",1.39278557114228,0.768211201868932,1.05210420841683,0.853830538660845,1.04983053866084
"15",1.73346693386774,0.89092602058108,1.05210420841683,0.853830538660845,1.04983053866084
"16",1.87374749498998,0.85668637607144,1.05210420841683,0.853830538660845,1.04983053866084
"17",2.11422845691383,0.956453302567087,1.05210420841683,0.853830538660845,1.04983053866084
"18",3.55711422845691,0.732186903168894,1.05210420841683,0.853830538660845,1.04983053866084
"19",4.67935871743487,0.719598573245041,1.05210420841683,0.853830538660845,1.04983053866084
"20",4.69939879759519,0.602073827948488,1.05210420841683,0.853830538660845,1.04983053866084
