"","x","yplot","target","ftrue","fwrong"
"1",-4.79959919839679,0.383303362334826,3.85771543086172,-0.289179808892839,-0.485179808892839
"2",-4.39879759519038,0.261061733693612,3.85771543086172,-0.289179808892839,-0.485179808892839
"3",-2.87575150300601,-0.284826607429879,3.85771543086172,-0.289179808892839,-0.485179808892839
"4",-2.31462925851703,-0.0101466703679028,3.85771543086172,-0.289179808892839,-0.485179808892839
"5",-1.59318637274549,0.150649121138776,3.85771543086172,-0.289179808892839,-0.485179808892839
"6",-0.230460921843687,0.318108161784689,3.85771543086172,-0.289179808892839,-0.485179808892839
"7",-0.130260521042084,0.288030561908438,3.85771543086172,-0.289179808892839,-0.485179808892839
"8",0.6312625250501,-0.0708292282486448,3.85771543086172,-0.289179808892839,-0.485179808892839
"9",1.55310621242485,-0.390855140064078,3.85771543086172,-0.289179808892839,-0.485179808892839
"10",2.91583166332665,-0.730326330165275,3.85771543086172,-0.289179808892839,-0.485179808892839
"11",3.01603206412826,-0.505824015048942,3.85771543086172,-0.289179808892839,-0.485179808892839
"12",3.13627254509018,-0.657396119398705,3.85771543086172,-0.289179808892839,-0.485179808892839
"13",3.21643286573146,-0.605538777845371,3.85771543086172,-0.289179808892839,-0.485179808892839
"14",3.27655310621243,-0.532757073874968,3.85771543086172,-0.289179808892839,-0.485179808892839
"15",3.39679358717435,-0.574512663691679,3.85771543086172,-0.289179808892839,-0.485179808892839
"16",3.41683366733467,-0.477611524027376,3.85771543086172,-0.289179808892839,-0.485179808892839
"17",3.45691382765531,-0.386899447764831,3.85771543086172,-0.289179808892839,-0.485179808892839
"18",3.6372745490982,-0.256318402403158,3.85771543086172,-0.289179808892839,-0.485179808892839
"19",3.65731462925852,-0.366060858685041,3.85771543086172,-0.289179808892839,-0.485179808892839
"20",3.75751503006012,-0.209873791886495,3.85771543086172,-0.289179808892839,-0.485179808892839
"21",3.97795591182365,-0.307683206963229,3.85771543086172,-0.289179808892839,-0.485179808892839
"22",4.05811623246493,-0.399062958958879,3.85771543086172,-0.289179808892839,-0.485179808892839
"23",4.23847695390782,-0.0943391182761251,3.85771543086172,-0.289179808892839,-0.485179808892839
"24",4.29859719438878,-0.00446568258723651,3.85771543086172,-0.289179808892839,-0.485179808892839
"25",4.35871743486974,-0.110985436308045,3.85771543086172,-0.289179808892839,-0.485179808892839
"26",4.45891783567134,0.00493208284732673,3.85771543086172,-0.289179808892839,-0.485179808892839
"27",4.59919839679359,0.125151592437282,3.85771543086172,-0.289179808892839,-0.485179808892839
"28",4.79959919839679,0.24005865971807,3.85771543086172,-0.289179808892839,-0.485179808892839
"29",4.81963927855711,0.0836877421547897,3.85771543086172,-0.289179808892839,-0.485179808892839
"30",4.83967935871743,0.247344887757032,3.85771543086172,-0.289179808892839,-0.485179808892839
