"","x","yplot","target","ftrue","fwrong"
"1",-2.99599198396794,-0.615332740421535,0.110220440881763,-0.298280601032433,-0.102280601032433
"2",-2.51503006012024,-0.42767627379736,0.110220440881763,-0.298280601032433,-0.102280601032433
"3",-0.811623246492986,-0.360675174590241,0.110220440881763,-0.298280601032433,-0.102280601032433
"4",-0.61122244488978,-0.429731586299843,0.110220440881763,-0.298280601032433,-0.102280601032433
"5",-0.511022044088176,-0.352276193691058,0.110220440881763,-0.298280601032433,-0.102280601032433
"6",-0.430861723446894,-0.438830601209988,0.110220440881763,-0.298280601032433,-0.102280601032433
"7",-0.370741482965932,-0.435057577940146,0.110220440881763,-0.298280601032433,-0.102280601032433
"8",-0.230460921843687,-0.272939717236365,0.110220440881763,-0.298280601032433,-0.102280601032433
"9",-0.210420841683367,-0.569194313419093,0.110220440881763,-0.298280601032433,-0.102280601032433
"10",-0.170340681362726,-0.294557349770755,0.110220440881763,-0.298280601032433,-0.102280601032433
"11",0.0701402805611222,-0.42722886068915,0.110220440881763,-0.298280601032433,-0.102280601032433
"12",0.190380761523046,-0.153541340131444,0.110220440881763,-0.298280601032433,-0.102280601032433
"13",0.290581162324649,-0.345514654260059,0.110220440881763,-0.298280601032433,-0.102280601032433
"14",0.390781563126252,-0.236196260607353,0.110220440881763,-0.298280601032433,-0.102280601032433
"15",0.430861723446894,-0.270257727157428,0.110220440881763,-0.298280601032433,-0.102280601032433
"16",0.651302605210421,-0.446150273578477,0.110220440881763,-0.298280601032433,-0.102280601032433
"17",1.23246492985972,-0.0269503079245682,0.110220440881763,-0.298280601032433,-0.102280601032433
"18",2.35470941883768,0.0506351269968854,0.110220440881763,-0.298280601032433,-0.102280601032433
"19",2.95591182364729,0.158456639224974,0.110220440881763,-0.298280601032433,-0.102280601032433
"20",3.8376753507014,0.29928503051352,0.110220440881763,-0.298280601032433,-0.102280601032433
