"","x","yplot","target","ftrue","fwrong"
"1",-5,-0.861444054817018,2.11422845691383,-0.654975723726733,-0.850975723726733
"2",-3.19639278557114,0.364433494764242,2.11422845691383,-0.654975723726733,-0.850975723726733
"3",-3.01603206412826,0.438190407137149,2.11422845691383,-0.654975723726733,-0.850975723726733
"4",-2.59519038076152,0.586856831207817,2.11422845691383,-0.654975723726733,-0.850975723726733
"5",0.230460921843687,0.459107832660705,2.11422845691383,-0.654975723726733,-0.850975723726733
"6",0.250501002004007,0.43086657988195,2.11422845691383,-0.654975723726733,-0.850975723726733
"7",0.410821643286573,0.555590501711637,2.11422845691383,-0.654975723726733,-0.850975723726733
"8",0.851703406813627,0.271494675810757,2.11422845691383,-0.654975723726733,-0.850975723726733
"9",1.13226452905812,0.0998473007923556,2.11422845691383,-0.654975723726733,-0.850975723726733
"10",1.19238476953908,-0.032418152332244,2.11422845691383,-0.654975723726733,-0.850975723726733
"11",1.27254509018036,-0.371366332772366,2.11422845691383,-0.654975723726733,-0.850975723726733
"12",1.312625250501,0.0302150601718077,2.11422845691383,-0.654975723726733,-0.850975723726733
"13",1.39278557114228,-0.202056933026092,2.11422845691383,-0.654975723726733,-0.850975723726733
"14",1.4128256513026,-0.386121022016448,2.11422845691383,-0.654975723726733,-0.850975723726733
"15",1.59318637274549,-0.31112402089205,2.11422845691383,-0.654975723726733,-0.850975723726733
"16",1.69338677354709,-0.262762828691381,2.11422845691383,-0.654975723726733,-0.850975723726733
"17",1.7935871743487,-0.369078256914358,2.11422845691383,-0.654975723726733,-0.850975723726733
"18",1.81362725450902,-0.51275988588082,2.11422845691383,-0.654975723726733,-0.850975723726733
"19",1.87374749498998,-0.420159724228249,2.11422845691383,-0.654975723726733,-0.850975723726733
"20",1.91382765531062,-0.636085644968096,2.11422845691383,-0.654975723726733,-0.850975723726733
"21",2.01402805611222,-0.564735789487197,2.11422845691383,-0.654975723726733,-0.850975723726733
"22",2.09418837675351,-0.658580739775701,2.11422845691383,-0.654975723726733,-0.850975723726733
"23",2.13426853707415,-0.720921564775975,2.11422845691383,-0.654975723726733,-0.850975723726733
"24",2.15430861723447,-0.666358008135159,2.11422845691383,-0.654975723726733,-0.850975723726733
"25",2.17434869739479,-0.407289381580149,2.11422845691383,-0.654975723726733,-0.850975723726733
"26",2.19438877755511,-0.588765230155508,2.11422845691383,-0.654975723726733,-0.850975723726733
"27",2.21442885771543,-0.592633917831395,2.11422845691383,-0.654975723726733,-0.850975723726733
"28",2.33466933867735,-0.805952530108776,2.11422845691383,-0.654975723726733,-0.850975723726733
"29",2.41482965931864,-0.585860308872474,2.11422845691383,-0.654975723726733,-0.850975723726733
"30",2.4749498997996,-0.815200048520806,2.11422845691383,-0.654975723726733,-0.850975723726733
"31",2.51503006012024,-0.821129741671009,2.11422845691383,-0.654975723726733,-0.850975723726733
"32",2.63527054108216,-0.93571598560282,2.11422845691383,-0.654975723726733,-0.850975723726733
"33",2.71543086172345,-0.869283726507747,2.11422845691383,-0.654975723726733,-0.850975723726733
"34",2.81563126252505,-0.920625969809084,2.11422845691383,-0.654975723726733,-0.850975723726733
"35",2.89579158316633,-0.945345571849664,2.11422845691383,-0.654975723726733,-0.850975723726733
"36",3.09619238476954,-0.896318010431544,2.11422845691383,-0.654975723726733,-0.850975723726733
"37",3.41683366733467,-0.764654497521435,2.11422845691383,-0.654975723726733,-0.850975723726733
"38",3.47695390781563,-0.790732311128879,2.11422845691383,-0.654975723726733,-0.850975723726733
"39",4.61923847695391,-0.684021756728304,2.11422845691383,-0.654975723726733,-0.850975723726733
"40",4.95991983967936,-0.362044519372633,2.11422845691383,-0.654975723726733,-0.850975723726733
