"","x","yplot","target","ftrue","fwrong"
"1",-4.95991983967936,0.7128129966249,-1.75350701402806,-0.24226436268638,-0.43826436268638
"2",-4.49899799599198,0.622604940100643,-1.75350701402806,-0.24226436268638,-0.43826436268638
"3",-4.39879759519038,0.493947118777535,-1.75350701402806,-0.24226436268638,-0.43826436268638
"4",-4.09819639278557,0.603660353943847,-1.75350701402806,-0.24226436268638,-0.43826436268638
"5",-4.05811623246493,0.365301557907651,-1.75350701402806,-0.24226436268638,-0.43826436268638
"6",-3.97795591182365,0.408864171641476,-1.75350701402806,-0.24226436268638,-0.43826436268638
"7",-3.75751503006012,0.404401499265939,-1.75350701402806,-0.24226436268638,-0.43826436268638
"8",-3.57715430861723,0.222694450432046,-1.75350701402806,-0.24226436268638,-0.43826436268638
"9",-2.97595190380762,0.360929775906855,-1.75350701402806,-0.24226436268638,-0.43826436268638
"10",-2.87575150300601,0.0280958254807476,-1.75350701402806,-0.24226436268638,-0.43826436268638
"11",-2.81563126252505,0.0498026205622771,-1.75350701402806,-0.24226436268638,-0.43826436268638
"12",-2.63527054108216,-0.0237481080164969,-1.75350701402806,-0.24226436268638,-0.43826436268638
"13",-2.61523046092184,0.0575308197251928,-1.75350701402806,-0.24226436268638,-0.43826436268638
"14",-2.59519038076152,0.131849787605218,-1.75350701402806,-0.24226436268638,-0.43826436268638
"15",-2.45490981963928,-0.0353349440156867,-1.75350701402806,-0.24226436268638,-0.43826436268638
"16",-2.25450901803607,-0.0935223653937851,-1.75350701402806,-0.24226436268638,-0.43826436268638
"17",-2.17434869739479,-0.0565947509897999,-1.75350701402806,-0.24226436268638,-0.43826436268638
"18",-2.07414829659319,-0.229768935765378,-1.75350701402806,-0.24226436268638,-0.43826436268638
"19",-2.03406813627255,-0.0135968853431875,-1.75350701402806,-0.24226436268638,-0.43826436268638
"20",-1.85370741482966,-0.0949698041106232,-1.75350701402806,-0.24226436268638,-0.43826436268638
"21",-1.61322645290581,-0.185433899235773,-1.75350701402806,-0.24226436268638,-0.43826436268638
"22",-1.51302605210421,-0.368227621474493,-1.75350701402806,-0.24226436268638,-0.43826436268638
"23",-0.93186372745491,-0.580445185883651,-1.75350701402806,-0.24226436268638,-0.43826436268638
"24",-0.851703406813628,-0.505369305440078,-1.75350701402806,-0.24226436268638,-0.43826436268638
"25",-0.811623246492986,-0.5876852825491,-1.75350701402806,-0.24226436268638,-0.43826436268638
"26",-0.771543086172345,-0.663002839890735,-1.75350701402806,-0.24226436268638,-0.43826436268638
"27",-0.691382765531062,-0.597338977828006,-1.75350701402806,-0.24226436268638,-0.43826436268638
"28",-0.470941883767535,-0.59628456921291,-1.75350701402806,-0.24226436268638,-0.43826436268638
"29",-0.0300601202404813,-0.576828345703831,-1.75350701402806,-0.24226436268638,-0.43826436268638
"30",0.390781563126252,-0.72943984548569,-1.75350701402806,-0.24226436268638,-0.43826436268638
"31",0.410821643286573,-0.895041902370119,-1.75350701402806,-0.24226436268638,-0.43826436268638
"32",0.450901803607215,-0.518144474477706,-1.75350701402806,-0.24226436268638,-0.43826436268638
"33",0.871743486973948,-0.69581665443994,-1.75350701402806,-0.24226436268638,-0.43826436268638
"34",1.29258517034068,-0.690886064818465,-1.75350701402806,-0.24226436268638,-0.43826436268638
"35",1.35270541082164,-0.888062350204735,-1.75350701402806,-0.24226436268638,-0.43826436268638
"36",1.59318637274549,-0.790137084197614,-1.75350701402806,-0.24226436268638,-0.43826436268638
"37",1.85370741482966,-0.64764901506446,-1.75350701402806,-0.24226436268638,-0.43826436268638
"38",1.87374749498998,-0.801473849125979,-1.75350701402806,-0.24226436268638,-0.43826436268638
"39",2.03406813627254,-0.712896659092906,-1.75350701402806,-0.24226436268638,-0.43826436268638
"40",2.25450901803607,-0.617920381335874,-1.75350701402806,-0.24226436268638,-0.43826436268638
"41",2.61523046092184,-0.562449923916937,-1.75350701402806,-0.24226436268638,-0.43826436268638
"42",2.81563126252505,-0.750770866304962,-1.75350701402806,-0.24226436268638,-0.43826436268638
"43",3.01603206412826,-0.622197367035064,-1.75350701402806,-0.24226436268638,-0.43826436268638
"44",3.0561122244489,-0.670939030197584,-1.75350701402806,-0.24226436268638,-0.43826436268638
"45",3.2565130260521,-0.706532470158082,-1.75350701402806,-0.24226436268638,-0.43826436268638
"46",3.49699398797595,-0.70226191391165,-1.75350701402806,-0.24226436268638,-0.43826436268638
"47",3.51703406813627,-0.544603897942484,-1.75350701402806,-0.24226436268638,-0.43826436268638
"48",3.81763527054108,-0.722966034298612,-1.75350701402806,-0.24226436268638,-0.43826436268638
"49",4.67935871743487,-0.588440775110174,-1.75350701402806,-0.24226436268638,-0.43826436268638
"50",4.83967935871743,-0.416412676718604,-1.75350701402806,-0.24226436268638,-0.43826436268638
