"","x","yplot","target","ftrue","fwrong"
"1",-3.93787575150301,-1.00945988989434,1.87374749498998,-0.305987946885069,-0.501987946885069
"2",-3.27655310621242,-0.805756010571324,1.87374749498998,-0.305987946885069,-0.501987946885069
"3",-3.1563126252505,-0.778365577488955,1.87374749498998,-0.305987946885069,-0.501987946885069
"4",-2.77555110220441,-0.801716085177458,1.87374749498998,-0.305987946885069,-0.501987946885069
"5",-1.91382765531062,-0.559374072651434,1.87374749498998,-0.305987946885069,-0.501987946885069
"6",-1.77354709418838,-0.412550770251598,1.87374749498998,-0.305987946885069,-0.501987946885069
"7",-1.33266533066132,-0.373617234284378,1.87374749498998,-0.305987946885069,-0.501987946885069
"8",-1.25250501002004,-0.162981857743572,1.87374749498998,-0.305987946885069,-0.501987946885069
"9",0.33066132264529,-0.552314126913367,1.87374749498998,-0.305987946885069,-0.501987946885069
"10",0.350701402805611,-0.435759226982665,1.87374749498998,-0.305987946885069,-0.501987946885069
"11",0.490981963927855,-0.514685149629027,1.87374749498998,-0.305987946885069,-0.501987946885069
"12",0.791583166332665,-0.489691841481458,1.87374749498998,-0.305987946885069,-0.501987946885069
"13",0.95190380761523,-0.340459773448572,1.87374749498998,-0.305987946885069,-0.501987946885069
"14",0.971943887775551,-0.449039494765839,1.87374749498998,-0.305987946885069,-0.501987946885069
"15",1.09218436873747,-0.378717190039386,1.87374749498998,-0.305987946885069,-0.501987946885069
"16",1.19238476953908,-0.549919731390908,1.87374749498998,-0.305987946885069,-0.501987946885069
"17",1.27254509018036,-0.406004818558686,1.87374749498998,-0.305987946885069,-0.501987946885069
"18",2.01402805611222,-0.352610298529003,1.87374749498998,-0.305987946885069,-0.501987946885069
"19",3.99799599198397,0.697619898949403,1.87374749498998,-0.305987946885069,-0.501987946885069
"20",4.57915831663327,0.589451326991374,1.87374749498998,-0.305987946885069,-0.501987946885069
