"","x","yplot","target","ftrue","fwrong"
"1",-3.57715430861723,0.241733107554033,4.35871743486974,-0.323736337586888,-0.519736337586888
"2",-2.85571142284569,0.563565255208927,4.35871743486974,-0.323736337586888,-0.519736337586888
"3",-2.75551102204409,0.514764693272079,4.35871743486974,-0.323736337586888,-0.519736337586888
"4",-2.4749498997996,1.02910790295251,4.35871743486974,-0.323736337586888,-0.519736337586888
"5",-1.35270541082164,0.842532002568669,4.35871743486974,-0.323736337586888,-0.519736337586888
"6",-0.370741482965932,0.409893476341314,4.35871743486974,-0.323736337586888,-0.519736337586888
"7",0.370741482965932,0.409116050589354,4.35871743486974,-0.323736337586888,-0.519736337586888
"8",1.39278557114228,0.684124678573107,4.35871743486974,-0.323736337586888,-0.519736337586888
"9",1.53306613226453,0.786249024606103,4.35871743486974,-0.323736337586888,-0.519736337586888
"10",1.83366733466934,0.84675199943524,4.35871743486974,-0.323736337586888,-0.519736337586888
"11",2.45490981963928,0.967483512389993,4.35871743486974,-0.323736337586888,-0.519736337586888
"12",2.67535070140281,0.947026492340995,4.35871743486974,-0.323736337586888,-0.519736337586888
"13",3.57715430861723,0.0568892880511531,4.35871743486974,-0.323736337586888,-0.519736337586888
"14",3.6372745490982,0.0976362701869179,4.35871743486974,-0.323736337586888,-0.519736337586888
"15",3.67735470941884,0.131628956363758,4.35871743486974,-0.323736337586888,-0.519736337586888
"16",3.69739478957916,0.0232602945395893,4.35871743486974,-0.323736337586888,-0.519736337586888
"17",3.75751503006012,0.076002336855963,4.35871743486974,-0.323736337586888,-0.519736337586888
"18",3.79759519038076,-0.156601760134484,4.35871743486974,-0.323736337586888,-0.519736337586888
"19",3.8376753507014,0.0338777570725454,4.35871743486974,-0.323736337586888,-0.519736337586888
"20",3.85771543086172,-0.0639008235763896,4.35871743486974,-0.323736337586888,-0.519736337586888
"21",3.89779559118236,-0.0102958396673587,4.35871743486974,-0.323736337586888,-0.519736337586888
"22",3.97795591182365,-0.0388991369898259,4.35871743486974,-0.323736337586888,-0.519736337586888
"23",3.99799599198397,-0.196498371781409,4.35871743486974,-0.323736337586888,-0.519736337586888
"24",4.07815631262525,-0.11253270517712,4.35871743486974,-0.323736337586888,-0.519736337586888
"25",4.13827655310621,-0.337409067728544,4.35871743486974,-0.323736337586888,-0.519736337586888
"26",4.15831663326653,-0.187547566678735,4.35871743486974,-0.323736337586888,-0.519736337586888
"27",4.17835671342685,-0.229929910969444,4.35871743486974,-0.323736337586888,-0.519736337586888
"28",4.25851703406814,-0.275262538833519,4.35871743486974,-0.323736337586888,-0.519736337586888
"29",4.29859719438878,-0.199499862164751,4.35871743486974,-0.323736337586888,-0.519736337586888
"30",4.5190380761523,-0.412414938170424,4.35871743486974,-0.323736337586888,-0.519736337586888
"31",4.53907815631263,-0.268912602012193,4.35871743486974,-0.323736337586888,-0.519736337586888
"32",4.55911823647295,-0.480366152929094,4.35871743486974,-0.323736337586888,-0.519736337586888
"33",4.63927855711423,-0.514209675565878,4.35871743486974,-0.323736337586888,-0.519736337586888
"34",4.65931863727455,-0.320032726525195,4.35871743486974,-0.323736337586888,-0.519736337586888
"35",4.69939879759519,-0.617445806365375,4.35871743486974,-0.323736337586888,-0.519736337586888
"36",4.75951903807615,-0.647065953897555,4.35871743486974,-0.323736337586888,-0.519736337586888
"37",4.79959919839679,-0.491531093425313,4.35871743486974,-0.323736337586888,-0.519736337586888
"38",4.87975951903808,-0.480328184346819,4.35871743486974,-0.323736337586888,-0.519736337586888
"39",4.8997995991984,-0.662467063934341,4.35871743486974,-0.323736337586888,-0.519736337586888
"40",4.93987975951904,-0.550070928373693,4.35871743486974,-0.323736337586888,-0.519736337586888
