"","x","yplot","target","ftrue","fwrong"
"1",-4.13827655310621,-0.546131110749602,2.17434869739479,0.656617877433925,0.852617877433925
"2",-3.89779559118236,-0.186109197772455,2.17434869739479,0.656617877433925,0.852617877433925
"3",-3.65731462925852,-0.69685888688936,2.17434869739479,0.656617877433925,0.852617877433925
"4",-2.11422845691383,-0.300777283354894,2.17434869739479,0.656617877433925,0.852617877433925
"5",-0.290581162324649,0.023222402797279,2.17434869739479,0.656617877433925,0.852617877433925
"6",1.19238476953908,0.489808033863801,2.17434869739479,0.656617877433925,0.852617877433925
"7",1.29258517034068,0.362553101510863,2.17434869739479,0.656617877433925,0.852617877433925
"8",1.39278557114228,0.416659007333511,2.17434869739479,0.656617877433925,0.852617877433925
"9",1.53306613226453,0.562702026641874,2.17434869739479,0.656617877433925,0.852617877433925
"10",1.55310621242485,0.482651069669956,2.17434869739479,0.656617877433925,0.852617877433925
"11",1.61322645290581,0.610032391989901,2.17434869739479,0.656617877433925,0.852617877433925
"12",1.69338677354709,0.699182353587545,2.17434869739479,0.656617877433925,0.852617877433925
"13",1.75350701402806,0.670826399521111,2.17434869739479,0.656617877433925,0.852617877433925
"14",1.91382765531062,0.603812865288516,2.17434869739479,0.656617877433925,0.852617877433925
"15",2.01402805611222,0.526993761561245,2.17434869739479,0.656617877433925,0.852617877433925
"16",2.07414829659319,0.705253665965945,2.17434869739479,0.656617877433925,0.852617877433925
"17",2.13426853707415,0.493765717269936,2.17434869739479,0.656617877433925,0.852617877433925
"18",2.29458917835671,0.815437590727831,2.17434869739479,0.656617877433925,0.852617877433925
"19",2.33466933867735,0.530126035602839,2.17434869739479,0.656617877433925,0.852617877433925
"20",2.35470941883768,0.599412010774474,2.17434869739479,0.656617877433925,0.852617877433925
"21",2.374749498998,0.747180448266919,2.17434869739479,0.656617877433925,0.852617877433925
"22",2.53507014028056,0.713945511333031,2.17434869739479,0.656617877433925,0.852617877433925
"23",2.59519038076152,0.393033554296248,2.17434869739479,0.656617877433925,0.852617877433925
"24",2.69539078156313,0.449448460787825,2.17434869739479,0.656617877433925,0.852617877433925
"25",2.77555110220441,0.567964429520348,2.17434869739479,0.656617877433925,0.852617877433925
"26",3.1563126252505,0.673948125584417,2.17434869739479,0.656617877433925,0.852617877433925
"27",3.27655310621243,0.340690382777005,2.17434869739479,0.656617877433925,0.852617877433925
"28",3.47695390781563,0.438359977720065,2.17434869739479,0.656617877433925,0.852617877433925
"29",3.51703406813627,0.463049301897632,2.17434869739479,0.656617877433925,0.852617877433925
"30",4.23847695390782,-0.0972777639913088,2.17434869739479,0.656617877433925,0.852617877433925
