"","x","yplot","target","ftrue","fwrong"
"1",-4.79959919839679,-0.046174806996031,4.19839679358717,0.0621610077357449,0.258161007735745
"2",-2.83567134268537,0.629607463332679,4.19839679358717,0.0621610077357449,0.258161007735745
"3",-1.07214428857715,0.888258357739275,4.19839679358717,0.0621610077357449,0.258161007735745
"4",-0.811623246492986,0.750693498450423,4.19839679358717,0.0621610077357449,0.258161007735745
"5",0.0100200400801604,0.956736981734607,4.19839679358717,0.0621610077357449,0.258161007735745
"6",1.47294589178357,0.660237489060899,4.19839679358717,0.0621610077357449,0.258161007735745
"7",2.17434869739479,0.553655449655389,4.19839679358717,0.0621610077357449,0.258161007735745
"8",2.63527054108216,0.405350580302658,4.19839679358717,0.0621610077357449,0.258161007735745
"9",2.67535070140281,0.669288800044001,4.19839679358717,0.0621610077357449,0.258161007735745
"10",3.27655310621243,0.218850624407979,4.19839679358717,0.0621610077357449,0.258161007735745
"11",3.29659318637274,0.294872846986957,4.19839679358717,0.0621610077357449,0.258161007735745
"12",3.33667334669339,0.159379366227313,4.19839679358717,0.0621610077357449,0.258161007735745
"13",3.47695390781563,-0.00169765805592481,4.19839679358717,0.0621610077357449,0.258161007735745
"14",3.53707414829659,0.0722308934958474,4.19839679358717,0.0621610077357449,0.258161007735745
"15",3.57715430861723,0.144192959385318,4.19839679358717,0.0621610077357449,0.258161007735745
"16",3.75751503006012,0.257659006429446,4.19839679358717,0.0621610077357449,0.258161007735745
"17",3.79759519038076,0.123857518512576,4.19839679358717,0.0621610077357449,0.258161007735745
"18",3.8376753507014,-0.079471334994431,4.19839679358717,0.0621610077357449,0.258161007735745
"19",3.85771543086172,-0.0607983230095202,4.19839679358717,0.0621610077357449,0.258161007735745
"20",3.87775551102204,0.292846198973909,4.19839679358717,0.0621610077357449,0.258161007735745
"21",3.91783567134268,-0.0377885952120088,4.19839679358717,0.0621610077357449,0.258161007735745
"22",4.05811623246493,0.188009109882737,4.19839679358717,0.0621610077357449,0.258161007735745
"23",4.23847695390782,0.0997994484066441,4.19839679358717,0.0621610077357449,0.258161007735745
"24",4.27855711422846,0.218362886986698,4.19839679358717,0.0621610077357449,0.258161007735745
"25",4.29859719438878,0.0652815550165227,4.19839679358717,0.0621610077357449,0.258161007735745
"26",4.77955911823647,0.0335082907684107,4.19839679358717,0.0621610077357449,0.258161007735745
"27",4.83967935871743,0.22739261428868,4.19839679358717,0.0621610077357449,0.258161007735745
"28",4.8997995991984,0.0515354874302335,4.19839679358717,0.0621610077357449,0.258161007735745
"29",4.91983967935872,0.099964438803583,4.19839679358717,0.0621610077357449,0.258161007735745
"30",4.93987975951904,0.192289847995417,4.19839679358717,0.0621610077357449,0.258161007735745
