"","x","yplot","target","ftrue","fwrong"
"1",-4.87975951903808,0.285021314209142,4.81963927855711,0.717928248381365,0.521928248381365
"2",-4.77955911823647,0.315470271668958,4.81963927855711,0.717928248381365,0.521928248381365
"3",-1.55310621242485,-0.606238245194833,4.81963927855711,0.717928248381365,0.521928248381365
"4",-0.390781563126253,-0.856954695562148,4.81963927855711,0.717928248381365,0.521928248381365
"5",0.571142284569138,-0.625112903378434,4.81963927855711,0.717928248381365,0.521928248381365
"6",2.21442885771543,-0.085638177270379,4.81963927855711,0.717928248381365,0.521928248381365
"7",3.51703406813627,0.311066108913291,4.81963927855711,0.717928248381365,0.521928248381365
"8",4.57915831663327,0.459805146946127,4.81963927855711,0.717928248381365,0.521928248381365
"9",4.85971943887776,0.75568642497237,4.81963927855711,0.717928248381365,0.521928248381365
"10",4.91983967935872,0.638886635353106,4.81963927855711,0.717928248381365,0.521928248381365
