"","x","yplot","target","ftrue","fwrong"
"1",-2.49498997995992,0.128750108296845,0.33066132264529,0.224550000041774,0.420550000041774
"2",-0.270541082164329,0.160626767308005,0.33066132264529,0.224550000041774,0.420550000041774
"3",-0.250501002004008,0.125036792634475,0.33066132264529,0.224550000041774,0.420550000041774
"4",-0.230460921843687,0.202437917161293,0.33066132264529,0.224550000041774,0.420550000041774
"5",1.55310621242485,0.0727025782928608,0.33066132264529,0.224550000041774,0.420550000041774
"6",1.65330661322645,0.255520495970353,0.33066132264529,0.224550000041774,0.420550000041774
"7",1.75350701402806,-0.180151063501274,0.33066132264529,0.224550000041774,0.420550000041774
"8",3.75751503006012,-0.226801711828709,0.33066132264529,0.224550000041774,0.420550000041774
"9",3.85771543086172,-0.209399296704207,0.33066132264529,0.224550000041774,0.420550000041774
"10",4.25851703406814,-0.260875094855844,0.33066132264529,0.224550000041774,0.420550000041774
