"","x","yplot","target","ftrue","fwrong"
"1",-3.91783567134269,-0.526251198225903,4.27855711422846,0.18785782721847,-0.0081421727815304
"2",-1.53306613226453,0.937074040876957,4.27855711422846,0.18785782721847,-0.0081421727815304
"3",1.17234468937876,0.486517710888057,4.27855711422846,0.18785782721847,-0.0081421727815304
"4",1.45290581162325,0.797562079523566,4.27855711422846,0.18785782721847,-0.0081421727815304
"5",2.05410821643287,0.703448728798623,4.27855711422846,0.18785782721847,-0.0081421727815304
"6",2.17434869739479,0.766322060733394,4.27855711422846,0.18785782721847,-0.0081421727815304
"7",2.45490981963928,0.864971901199286,4.27855711422846,0.18785782721847,-0.0081421727815304
"8",3.41683366733467,0.506948502857801,4.27855711422846,0.18785782721847,-0.0081421727815304
"9",4.13827655310621,0.218562926073266,4.27855711422846,0.18785782721847,-0.0081421727815304
"10",4.47895791583166,0.0557146539664454,4.27855711422846,0.18785782721847,-0.0081421727815304
