"","x","yplot","target","ftrue","fwrong"
"1",-4.85971943887776,0.729271622657085,4.07815631262525,-0.162691510333288,0.0333084896667122
"2",-4.43887775551102,0.416148116311562,4.07815631262525,-0.162691510333288,0.0333084896667122
"3",-4.13827655310621,0.304237411933003,4.07815631262525,-0.162691510333288,0.0333084896667122
"4",-3.91783567134269,0.283044673671991,4.07815631262525,-0.162691510333288,0.0333084896667122
"5",-3.59719438877756,0.0512541914296645,4.07815631262525,-0.162691510333288,0.0333084896667122
"6",-2.99599198396794,-0.0170308881021459,4.07815631262525,-0.162691510333288,0.0333084896667122
"7",-2.91583166332665,-0.116935938591803,4.07815631262525,-0.162691510333288,0.0333084896667122
"8",-2.4749498997996,-0.382333925509419,4.07815631262525,-0.162691510333288,0.0333084896667122
"9",-2.43486973947896,-0.271682843019887,4.07815631262525,-0.162691510333288,0.0333084896667122
"10",-2.31462925851703,-0.306997818151937,4.07815631262525,-0.162691510333288,0.0333084896667122
"11",-1.83366733466934,-0.572843262217174,4.07815631262525,-0.162691510333288,0.0333084896667122
"12",-1.312625250501,-0.560224072110963,4.07815631262525,-0.162691510333288,0.0333084896667122
"13",-0.490981963927856,-0.336555356568409,4.07815631262525,-0.162691510333288,0.0333084896667122
"14",-0.330661322645291,-0.393863031230834,4.07815631262525,-0.162691510333288,0.0333084896667122
"15",-0.230460921843687,-0.512731520947081,4.07815631262525,-0.162691510333288,0.0333084896667122
"16",0.250501002004007,-0.319619855647028,4.07815631262525,-0.162691510333288,0.0333084896667122
"17",0.851703406813627,-0.630022661473603,4.07815631262525,-0.162691510333288,0.0333084896667122
"18",1.71342685370741,-0.70473766551411,4.07815631262525,-0.162691510333288,0.0333084896667122
"19",2.11422845691383,-0.536694056711675,4.07815631262525,-0.162691510333288,0.0333084896667122
"20",2.31462925851703,-0.645245791491292,4.07815631262525,-0.162691510333288,0.0333084896667122
"21",2.69539078156313,-0.703452016691869,4.07815631262525,-0.162691510333288,0.0333084896667122
"22",3.41683366733467,-0.4845100925782,4.07815631262525,-0.162691510333288,0.0333084896667122
"23",3.43687374749499,-0.378792233227956,4.07815631262525,-0.162691510333288,0.0333084896667122
"24",3.51703406813627,-0.415470878802961,4.07815631262525,-0.162691510333288,0.0333084896667122
"25",3.6372745490982,-0.301000226854462,4.07815631262525,-0.162691510333288,0.0333084896667122
"26",3.97795591182365,-0.2587919286703,4.07815631262525,-0.162691510333288,0.0333084896667122
"27",4.13827655310621,-0.150817940374219,4.07815631262525,-0.162691510333288,0.0333084896667122
"28",4.29859719438878,-0.0941155098234077,4.07815631262525,-0.162691510333288,0.0333084896667122
"29",4.59919839679359,0.0288772125188121,4.07815631262525,-0.162691510333288,0.0333084896667122
"30",4.83967935871743,0.035585645300341,4.07815631262525,-0.162691510333288,0.0333084896667122
