"","x","yplot","target","ftrue","fwrong"
"1",-4.8997995991984,-0.887491526528616,-2.07414829659319,-0.715381660707612,-0.519381660707612
"2",-4.27855711422846,-0.847588703538448,-2.07414829659319,-0.715381660707612,-0.519381660707612
"3",-4.17835671342685,-0.896128245158341,-2.07414829659319,-0.715381660707612,-0.519381660707612
"4",-3.93787575150301,-0.969316295372092,-2.07414829659319,-0.715381660707612,-0.519381660707612
"5",-3.87775551102204,-0.773074565380131,-2.07414829659319,-0.715381660707612,-0.519381660707612
"6",-3.71743486973948,-0.995689407949593,-2.07414829659319,-0.715381660707612,-0.519381660707612
"7",-3.43687374749499,-1.02579451233982,-2.07414829659319,-0.715381660707612,-0.519381660707612
"8",-3.19639278557114,-0.840730935454646,-2.07414829659319,-0.715381660707612,-0.519381660707612
"9",-3.17635270541082,-0.952248834555651,-2.07414829659319,-0.715381660707612,-0.519381660707612
"10",-3.1563126252505,-0.818497379631091,-2.07414829659319,-0.715381660707612,-0.519381660707612
"11",-2.73547094188377,-0.823659113060654,-2.07414829659319,-0.715381660707612,-0.519381660707612
"12",-2.65531062124249,-0.90229310619873,-2.07414829659319,-0.715381660707612,-0.519381660707612
"13",-2.31462925851703,-0.62508180593581,-2.07414829659319,-0.715381660707612,-0.519381660707612
"14",-2.27454909819639,-0.560718611516188,-2.07414829659319,-0.715381660707612,-0.519381660707612
"15",-2.15430861723447,-0.500195248258643,-2.07414829659319,-0.715381660707612,-0.519381660707612
"16",-2.13426853707415,-0.709217820598605,-2.07414829659319,-0.715381660707612,-0.519381660707612
"17",-2.11422845691383,-0.62872071179387,-2.07414829659319,-0.715381660707612,-0.519381660707612
"18",-1.93386773547094,-0.621192459427058,-2.07414829659319,-0.715381660707612,-0.519381660707612
"19",-1.91382765531062,-0.701542607969308,-2.07414829659319,-0.715381660707612,-0.519381660707612
"20",-1.87374749498998,-0.667958161828755,-2.07414829659319,-0.715381660707612,-0.519381660707612
"21",-1.55310621242485,-0.550485169807387,-2.07414829659319,-0.715381660707612,-0.519381660707612
"22",-1.53306613226453,-0.709976805285903,-2.07414829659319,-0.715381660707612,-0.519381660707612
"23",-1.41282565130261,-0.912626815616307,-2.07414829659319,-0.715381660707612,-0.519381660707612
"24",-1.35270541082164,-0.678787565706271,-2.07414829659319,-0.715381660707612,-0.519381660707612
"25",-1.1122244488978,-0.738748191972081,-2.07414829659319,-0.715381660707612,-0.519381660707612
"26",-0.871743486973948,-0.549440715139241,-2.07414829659319,-0.715381660707612,-0.519381660707612
"27",-0.831663326653307,-0.681567198061452,-2.07414829659319,-0.715381660707612,-0.519381660707612
"28",-0.430861723446894,-0.562567012546009,-2.07414829659319,-0.715381660707612,-0.519381660707612
"29",-0.390781563126253,-0.697435445742949,-2.07414829659319,-0.715381660707612,-0.519381660707612
"30",-0.31062124248497,-0.454668622141379,-2.07414829659319,-0.715381660707612,-0.519381660707612
"31",0.31062124248497,-0.679085967654756,-2.07414829659319,-0.715381660707612,-0.519381660707612
"32",0.450901803607215,-0.58964562622308,-2.07414829659319,-0.715381660707612,-0.519381660707612
"33",0.691382765531062,-0.322474113709522,-2.07414829659319,-0.715381660707612,-0.519381660707612
"34",0.771543086172344,-0.257683577096154,-2.07414829659319,-0.715381660707612,-0.519381660707612
"35",0.991983967935871,-0.429487704808611,-2.07414829659319,-0.715381660707612,-0.519381660707612
"36",1.09218436873747,-0.424865494800239,-2.07414829659319,-0.715381660707612,-0.519381660707612
"37",1.17234468937876,-0.478849442837997,-2.07414829659319,-0.715381660707612,-0.519381660707612
"38",1.2124248496994,-0.289688182041469,-2.07414829659319,-0.715381660707612,-0.519381660707612
"39",1.37274549098196,-0.18421651223639,-2.07414829659319,-0.715381660707612,-0.519381660707612
"40",1.71342685370741,-0.194943276105032,-2.07414829659319,-0.715381660707612,-0.519381660707612
"41",2.21442885771543,-0.158460688831651,-2.07414829659319,-0.715381660707612,-0.519381660707612
"42",2.29458917835671,-0.0451367708599157,-2.07414829659319,-0.715381660707612,-0.519381660707612
"43",2.374749498998,-0.0487974216938458,-2.07414829659319,-0.715381660707612,-0.519381660707612
"44",2.67535070140281,-0.0836713258693477,-2.07414829659319,-0.715381660707612,-0.519381660707612
"45",2.77555110220441,0.0971520726659451,-2.07414829659319,-0.715381660707612,-0.519381660707612
"46",3.13627254509018,-0.0114813565380103,-2.07414829659319,-0.715381660707612,-0.519381660707612
"47",3.75751503006012,0.353581388436269,-2.07414829659319,-0.715381660707612,-0.519381660707612
"48",3.95791583166333,0.461762270622548,-2.07414829659319,-0.715381660707612,-0.519381660707612
"49",4.49899799599198,0.686518826034645,-2.07414829659319,-0.715381660707612,-0.519381660707612
"50",4.59919839679359,0.894619222783919,-2.07414829659319,-0.715381660707612,-0.519381660707612
