"","x","yplot","target","ftrue","fwrong"
"1",-4.97995991983968,-0.695238129543239,0.511022044088176,-0.441126119406961,-0.637126119406961
"2",-4.8997995991984,-0.898691673250269,0.511022044088176,-0.441126119406961,-0.637126119406961
"3",-4.47895791583166,-0.639164920024977,0.511022044088176,-0.441126119406961,-0.637126119406961
"4",-4.33867735470942,-0.856908054982133,0.511022044088176,-0.441126119406961,-0.637126119406961
"5",-4.29859719438878,-0.784102099549352,0.511022044088176,-0.441126119406961,-0.637126119406961
"6",-4.11823647294589,-0.825161944871398,0.511022044088176,-0.441126119406961,-0.637126119406961
"7",-3.97795591182365,-0.864613812398134,0.511022044088176,-0.441126119406961,-0.637126119406961
"8",-2.13426853707415,-0.725021844580749,0.511022044088176,-0.441126119406961,-0.637126119406961
"9",-2.05410821643287,-0.871817458500563,0.511022044088176,-0.441126119406961,-0.637126119406961
"10",-2.03406813627255,-0.808313310485943,0.511022044088176,-0.441126119406961,-0.637126119406961
"11",-1.55310621242485,-0.776081877568738,0.511022044088176,-0.441126119406961,-0.637126119406961
"12",-1.45290581162325,-0.585258989194002,0.511022044088176,-0.441126119406961,-0.637126119406961
"13",-0.851703406813628,-0.795776343731178,0.511022044088176,-0.441126119406961,-0.637126119406961
"14",-0.671342685370742,-0.644885760708188,0.511022044088176,-0.441126119406961,-0.637126119406961
"15",-0.591182364729459,-0.498096891517745,0.511022044088176,-0.441126119406961,-0.637126119406961
"16",-0.571142284569138,-0.866879087334904,0.511022044088176,-0.441126119406961,-0.637126119406961
"17",-0.450901803607215,-0.642489128628051,0.511022044088176,-0.441126119406961,-0.637126119406961
"18",-0.270541082164329,-0.621846056657309,0.511022044088176,-0.441126119406961,-0.637126119406961
"19",-0.190380761523047,-0.673248009747615,0.511022044088176,-0.441126119406961,-0.637126119406961
"20",-0.0300601202404813,-0.659167805788994,0.511022044088176,-0.441126119406961,-0.637126119406961
"21",0.0901803607214431,-0.707567897721223,0.511022044088176,-0.441126119406961,-0.637126119406961
"22",0.210420841683367,-0.700452932557678,0.511022044088176,-0.441126119406961,-0.637126119406961
"23",0.410821643286573,-0.48627518504813,0.511022044088176,-0.441126119406961,-0.637126119406961
"24",0.611222444889779,-0.36249633931045,0.511022044088176,-0.441126119406961,-0.637126119406961
"25",0.671342685370742,-0.230338866443831,0.511022044088176,-0.441126119406961,-0.637126119406961
"26",0.871743486973948,-0.450795053889341,0.511022044088176,-0.441126119406961,-0.637126119406961
"27",1.07214428857715,-0.462625830912609,0.511022044088176,-0.441126119406961,-0.637126119406961
"28",1.23246492985972,-0.152736644357106,0.511022044088176,-0.441126119406961,-0.637126119406961
"29",1.27254509018036,-0.153610979185468,0.511022044088176,-0.441126119406961,-0.637126119406961
"30",1.33266533066132,-0.237920703602716,0.511022044088176,-0.441126119406961,-0.637126119406961
"31",1.37274549098196,-0.104866008414041,0.511022044088176,-0.441126119406961,-0.637126119406961
"32",1.71342685370741,-0.0255974488186573,0.511022044088176,-0.441126119406961,-0.637126119406961
"33",1.8937875751503,-0.176326054767262,0.511022044088176,-0.441126119406961,-0.637126119406961
"34",1.97394789579158,0.0792381718771594,0.511022044088176,-0.441126119406961,-0.637126119406961
"35",1.9939879759519,-0.0612632256927694,0.511022044088176,-0.441126119406961,-0.637126119406961
"36",2.09418837675351,-0.201156306184811,0.511022044088176,-0.441126119406961,-0.637126119406961
"37",2.27454909819639,0.182911876946918,0.511022044088176,-0.441126119406961,-0.637126119406961
"38",2.45490981963928,0.0899131484609438,0.511022044088176,-0.441126119406961,-0.637126119406961
"39",2.49498997995992,0.186656987369229,0.511022044088176,-0.441126119406961,-0.637126119406961
"40",2.51503006012024,0.00839550700517865,0.511022044088176,-0.441126119406961,-0.637126119406961
"41",2.59519038076152,0.196691280654573,0.511022044088176,-0.441126119406961,-0.637126119406961
"42",2.87575150300601,0.0847995359179866,0.511022044088176,-0.441126119406961,-0.637126119406961
"43",3.07615230460922,0.280302042589837,0.511022044088176,-0.441126119406961,-0.637126119406961
"44",3.43687374749499,0.414542914983637,0.511022044088176,-0.441126119406961,-0.637126119406961
"45",3.67735470941884,0.380603986877718,0.511022044088176,-0.441126119406961,-0.637126119406961
"46",3.85771543086172,0.407569280079909,0.511022044088176,-0.441126119406961,-0.637126119406961
"47",4.01803607214429,0.55364903763317,0.511022044088176,-0.441126119406961,-0.637126119406961
"48",4.23847695390782,0.407253502373977,0.511022044088176,-0.441126119406961,-0.637126119406961
"49",4.33867735470942,0.576687616706498,0.511022044088176,-0.441126119406961,-0.637126119406961
"50",4.5190380761523,0.665078413513319,0.511022044088176,-0.441126119406961,-0.637126119406961
