"","x","yplot","target","ftrue","fwrong"
"1",-4.3186372745491,-0.855039879359394,0.971943887775551,0.314109477497158,0.118109477497158
"2",-3.31663326653307,-0.625599339028419,0.971943887775551,0.314109477497158,0.118109477497158
"3",-1.41282565130261,-0.00263880842110592,0.971943887775551,0.314109477497158,0.118109477497158
"4",-0.791583166332665,0.114851513826007,0.971943887775551,0.314109477497158,0.118109477497158
"5",-0.571142284569138,0.246685119903332,0.971943887775551,0.314109477497158,0.118109477497158
"6",-0.170340681362726,0.302474614064837,0.971943887775551,0.314109477497158,0.118109477497158
"7",0.0901803607214431,0.0808411650299411,0.971943887775551,0.314109477497158,0.118109477497158
"8",0.150300601202405,0.383777471284487,0.971943887775551,0.314109477497158,0.118109477497158
"9",0.210420841683367,0.13673255671784,0.971943887775551,0.314109477497158,0.118109477497158
"10",0.270541082164328,0.256947413649332,0.971943887775551,0.314109477497158,0.118109477497158
"11",0.350701402805611,0.271079248961273,0.971943887775551,0.314109477497158,0.118109477497158
"12",0.370741482965932,0.0868184257913651,0.971943887775551,0.314109477497158,0.118109477497158
"13",0.390781563126252,0.408891668416112,0.971943887775551,0.314109477497158,0.118109477497158
"14",0.430861723446894,0.303442814453204,0.971943887775551,0.314109477497158,0.118109477497158
"15",0.470941883767535,0.208967146512649,0.971943887775551,0.314109477497158,0.118109477497158
"16",0.490981963927855,0.208961923838473,0.971943887775551,0.314109477497158,0.118109477497158
"17",0.531062124248497,0.289951099018196,0.971943887775551,0.314109477497158,0.118109477497158
"18",0.611222444889779,0.3629532316702,0.971943887775551,0.314109477497158,0.118109477497158
"19",0.6312625250501,0.315778241436335,0.971943887775551,0.314109477497158,0.118109477497158
"20",0.691382765531062,0.364682138375644,0.971943887775551,0.314109477497158,0.118109477497158
"21",0.771543086172344,0.404400507547007,0.971943887775551,0.314109477497158,0.118109477497158
"22",0.791583166332665,0.414306964141702,0.971943887775551,0.314109477497158,0.118109477497158
"23",0.811623246492986,0.220243206330049,0.971943887775551,0.314109477497158,0.118109477497158
"24",0.831663326653306,0.188765427025614,0.971943887775551,0.314109477497158,0.118109477497158
"25",0.851703406813627,0.295020005306321,0.971943887775551,0.314109477497158,0.118109477497158
"26",0.95190380761523,0.408947864022957,0.971943887775551,0.314109477497158,0.118109477497158
"27",0.991983967935871,0.313025190257663,0.971943887775551,0.314109477497158,0.118109477497158
"28",1.03206412825651,0.389833472639588,0.971943887775551,0.314109477497158,0.118109477497158
"29",1.09218436873747,0.450681570360442,0.971943887775551,0.314109477497158,0.118109477497158
"30",1.2124248496994,0.315089816803577,0.971943887775551,0.314109477497158,0.118109477497158
"31",1.39278557114228,0.405077749676027,0.971943887775551,0.314109477497158,0.118109477497158
"32",1.43286573146293,0.394900270927989,0.971943887775551,0.314109477497158,0.118109477497158
"33",1.53306613226453,0.296366084396599,0.971943887775551,0.314109477497158,0.118109477497158
"34",1.61322645290581,0.332158595033996,0.971943887775551,0.314109477497158,0.118109477497158
"35",1.65330661322645,0.339669699518827,0.971943887775551,0.314109477497158,0.118109477497158
"36",1.77354709418838,0.331523121964183,0.971943887775551,0.314109477497158,0.118109477497158
"37",1.7935871743487,0.258757758075741,0.971943887775551,0.314109477497158,0.118109477497158
"38",1.81362725450902,0.24653800843176,0.971943887775551,0.314109477497158,0.118109477497158
"39",1.91382765531062,0.460341089263783,0.971943887775551,0.314109477497158,0.118109477497158
"40",1.93386773547094,0.499354664504487,0.971943887775551,0.314109477497158,0.118109477497158
"41",1.95390781563126,0.288555768584057,0.971943887775551,0.314109477497158,0.118109477497158
"42",2.4749498997996,0.412434778573877,0.971943887775551,0.314109477497158,0.118109477497158
"43",2.65531062124249,0.460734515341199,0.971943887775551,0.314109477497158,0.118109477497158
"44",2.75551102204409,0.408942252181137,0.971943887775551,0.314109477497158,0.118109477497158
"45",2.81563126252505,0.549414553261804,0.971943887775551,0.314109477497158,0.118109477497158
"46",3.1563126252505,0.31773504355761,0.971943887775551,0.314109477497158,0.118109477497158
"47",3.45691382765531,0.307416898220065,0.971943887775551,0.314109477497158,0.118109477497158
"48",4.49899799599198,0.153288762580731,0.971943887775551,0.314109477497158,0.118109477497158
"49",4.8997995991984,0.023754426977116,0.971943887775551,0.314109477497158,0.118109477497158
"50",4.91983967935872,0.0907820427970223,0.971943887775551,0.314109477497158,0.118109477497158
