"","x","yplot","target","ftrue","fwrong"
"1",-5,-0.370539452189874,-4.53907815631263,-0.274327262451967,-0.470327262451967
"2",-4.83967935871743,-0.255772449813132,-4.53907815631263,-0.274327262451967,-0.470327262451967
"3",-4.79959919839679,-0.29582073050818,-4.53907815631263,-0.274327262451967,-0.470327262451967
"4",-4.69939879759519,-0.086018614334607,-4.53907815631263,-0.274327262451967,-0.470327262451967
"5",-4.63927855711423,-0.178178862143307,-4.53907815631263,-0.274327262451967,-0.470327262451967
"6",-4.47895791583166,-0.419643852673881,-4.53907815631263,-0.274327262451967,-0.470327262451967
"7",-4.43887775551102,-0.210197937988188,-4.53907815631263,-0.274327262451967,-0.470327262451967
"8",-4.3186372745491,-0.150993540558361,-4.53907815631263,-0.274327262451967,-0.470327262451967
"9",-4.19839679358717,-0.0280364792073646,-4.53907815631263,-0.274327262451967,-0.470327262451967
"10",-4.15831663326653,-0.0747640170964303,-4.53907815631263,-0.274327262451967,-0.470327262451967
"11",-3.99799599198397,-0.175323486338145,-4.53907815631263,-0.274327262451967,-0.470327262451967
"12",-3.97795591182365,-0.205110079496489,-4.53907815631263,-0.274327262451967,-0.470327262451967
"13",-3.79759519038076,-0.0248789386204137,-4.53907815631263,-0.274327262451967,-0.470327262451967
"14",-3.77755511022044,-0.0957999437131428,-4.53907815631263,-0.274327262451967,-0.470327262451967
"15",-3.75751503006012,0.0151530845568485,-4.53907815631263,-0.274327262451967,-0.470327262451967
"16",-3.47695390781563,0.274677737846271,-4.53907815631263,-0.274327262451967,-0.470327262451967
"17",-3.35671342685371,0.053805617374525,-4.53907815631263,-0.274327262451967,-0.470327262451967
"18",-3.01603206412826,0.333218898641049,-4.53907815631263,-0.274327262451967,-0.470327262451967
"19",-2.87575150300601,0.134724829648845,-4.53907815631263,-0.274327262451967,-0.470327262451967
"20",-2.83567134268537,0.436417850117784,-4.53907815631263,-0.274327262451967,-0.470327262451967
"21",-2.73547094188377,0.286099680959089,-4.53907815631263,-0.274327262451967,-0.470327262451967
"22",-2.63527054108216,0.357011422890238,-4.53907815631263,-0.274327262451967,-0.470327262451967
"23",-2.43486973947896,0.533465789526203,-4.53907815631263,-0.274327262451967,-0.470327262451967
"24",-2.21442885771543,0.536501613264582,-4.53907815631263,-0.274327262451967,-0.470327262451967
"25",-2.09418837675351,0.516805584916508,-4.53907815631263,-0.274327262451967,-0.470327262451967
"26",-2.07414829659319,0.655756464051406,-4.53907815631263,-0.274327262451967,-0.470327262451967
"27",-1.53306613226453,0.375166742819291,-4.53907815631263,-0.274327262451967,-0.470327262451967
"28",-1.51302605210421,0.248031499414799,-4.53907815631263,-0.274327262451967,-0.470327262451967
"29",-1.33266533066132,0.316610099513674,-4.53907815631263,-0.274327262451967,-0.470327262451967
"30",-0.851703406813628,-0.00699498235688078,-4.53907815631263,-0.274327262451967,-0.470327262451967
"31",-0.671342685370742,-0.237845812029608,-4.53907815631263,-0.274327262451967,-0.470327262451967
"32",-0.571142284569138,-0.331728073552493,-4.53907815631263,-0.274327262451967,-0.470327262451967
"33",-0.0701402805611222,-0.664405238951658,-4.53907815631263,-0.274327262451967,-0.470327262451967
"34",0.270541082164328,-0.566027577547618,-4.53907815631263,-0.274327262451967,-0.470327262451967
"35",0.971943887775551,-0.696881354069612,-4.53907815631263,-0.274327262451967,-0.470327262451967
"36",1.13226452905812,-0.573230725054353,-4.53907815631263,-0.274327262451967,-0.470327262451967
"37",1.17234468937876,-0.203126517612146,-4.53907815631263,-0.274327262451967,-0.470327262451967
"38",1.55310621242485,-0.139671801819134,-4.53907815631263,-0.274327262451967,-0.470327262451967
"39",1.81362725450902,0.186254436666308,-4.53907815631263,-0.274327262451967,-0.470327262451967
"40",2.33466933867735,0.550194607962462,-4.53907815631263,-0.274327262451967,-0.470327262451967
"41",3.01603206412826,0.88538350652338,-4.53907815631263,-0.274327262451967,-0.470327262451967
"42",3.0561122244489,0.896493558279114,-4.53907815631263,-0.274327262451967,-0.470327262451967
"43",3.1563126252505,0.736076425511739,-4.53907815631263,-0.274327262451967,-0.470327262451967
"44",3.19639278557114,0.74635034220297,-4.53907815631263,-0.274327262451967,-0.470327262451967
"45",4.13827655310621,0.803517797338451,-4.53907815631263,-0.274327262451967,-0.470327262451967
"46",4.19839679358717,0.709842286814134,-4.53907815631263,-0.274327262451967,-0.470327262451967
"47",4.3186372745491,0.595464501349594,-4.53907815631263,-0.274327262451967,-0.470327262451967
"48",4.35871743486974,0.692357954657008,-4.53907815631263,-0.274327262451967,-0.470327262451967
"49",4.67935871743487,0.451000962520834,-4.53907815631263,-0.274327262451967,-0.470327262451967
"50",4.69939879759519,0.587528658199651,-4.53907815631263,-0.274327262451967,-0.470327262451967
