"","x","yplot","target","ftrue","fwrong"
"1",-4.65931863727455,-0.263477030611067,-3.45691382765531,-0.587943752944888,-0.391943752944888
"2",-4.17835671342685,-0.459739989258727,-3.45691382765531,-0.587943752944888,-0.391943752944888
"3",-4.07815631262525,-0.626394246039828,-3.45691382765531,-0.587943752944888,-0.391943752944888
"4",-3.91783567134269,-0.46345375308414,-3.45691382765531,-0.587943752944888,-0.391943752944888
"5",-3.69739478957916,-0.516577282986137,-3.45691382765531,-0.587943752944888,-0.391943752944888
"6",-3.53707414829659,-0.519460636807483,-3.45691382765531,-0.587943752944888,-0.391943752944888
"7",-3.09619238476954,-0.713109677103625,-3.45691382765531,-0.587943752944888,-0.391943752944888
"8",-2.41482965931864,-0.56015866720401,-3.45691382765531,-0.587943752944888,-0.391943752944888
"9",-2.03406813627255,-0.331560666839762,-3.45691382765531,-0.587943752944888,-0.391943752944888
"10",-1.8937875751503,-0.301863627545446,-3.45691382765531,-0.587943752944888,-0.391943752944888
"11",0.0501002004008013,0.56386742910643,-3.45691382765531,-0.587943752944888,-0.391943752944888
"12",0.230460921843687,0.753519002843111,-3.45691382765531,-0.587943752944888,-0.391943752944888
"13",0.831663326653306,0.757010200252412,-3.45691382765531,-0.587943752944888,-0.391943752944888
"14",1.71342685370741,0.798047927950456,-3.45691382765531,-0.587943752944888,-0.391943752944888
"15",2.01402805611222,0.772609584663352,-3.45691382765531,-0.587943752944888,-0.391943752944888
"16",2.67535070140281,0.777615980982093,-3.45691382765531,-0.587943752944888,-0.391943752944888
"17",3.65731462925852,0.933251058136302,-3.45691382765531,-0.587943752944888,-0.391943752944888
"18",4.39879759519038,0.976507045982122,-3.45691382765531,-0.587943752944888,-0.391943752944888
"19",4.67935871743487,0.93730162197916,-3.45691382765531,-0.587943752944888,-0.391943752944888
"20",4.75951903807615,1.00084840515065,-3.45691382765531,-0.587943752944888,-0.391943752944888
