"","x","yplot","target","ftrue","fwrong"
"1",-4.91983967935872,0.542820902928815,-2.43486973947896,-0.262069801764605,-0.458069801764605
"2",-4.59919839679359,0.662028428142065,-2.43486973947896,-0.262069801764605,-0.458069801764605
"3",-4.2184368737475,0.431371930925537,-2.43486973947896,-0.262069801764605,-0.458069801764605
"4",-4.17835671342685,0.11665746315259,-2.43486973947896,-0.262069801764605,-0.458069801764605
"5",-3.67735470941884,0.193831702849108,-2.43486973947896,-0.262069801764605,-0.458069801764605
"6",-3.53707414829659,0.062371206613025,-2.43486973947896,-0.262069801764605,-0.458069801764605
"7",-3.19639278557114,0.148602901057938,-2.43486973947896,-0.262069801764605,-0.458069801764605
"8",-3.1563126252505,-0.0739166100315598,-2.43486973947896,-0.262069801764605,-0.458069801764605
"9",-2.89579158316633,0.0284370112588007,-2.43486973947896,-0.262069801764605,-0.458069801764605
"10",-2.85571142284569,0.0730727239222565,-2.43486973947896,-0.262069801764605,-0.458069801764605
"11",-2.61523046092184,-0.0591830764587957,-2.43486973947896,-0.262069801764605,-0.458069801764605
"12",-2.23446893787575,-0.252867832921543,-2.43486973947896,-0.262069801764605,-0.458069801764605
"13",-2.19438877755511,-0.388667018952579,-2.43486973947896,-0.262069801764605,-0.458069801764605
"14",-2.13426853707415,-0.405663698578761,-2.43486973947896,-0.262069801764605,-0.458069801764605
"15",-2.07414829659319,-0.281502339759782,-2.43486973947896,-0.262069801764605,-0.458069801764605
"16",-2.05410821643287,-0.390314759100426,-2.43486973947896,-0.262069801764605,-0.458069801764605
"17",-1.91382765531062,-0.484971561181205,-2.43486973947896,-0.262069801764605,-0.458069801764605
"18",-1.83366733466934,-0.583022776554123,-2.43486973947896,-0.262069801764605,-0.458069801764605
"19",-1.75350701402806,-0.450680103578775,-2.43486973947896,-0.262069801764605,-0.458069801764605
"20",-1.65330661322645,-0.65456887957641,-2.43486973947896,-0.262069801764605,-0.458069801764605
"21",-1.47294589178357,-0.527523510784781,-2.43486973947896,-0.262069801764605,-0.458069801764605
"22",-1.27254509018036,-0.54972247650479,-2.43486973947896,-0.262069801764605,-0.458069801764605
"23",-1.19238476953908,-0.503619819663361,-2.43486973947896,-0.262069801764605,-0.458069801764605
"24",-1.09218436873748,-0.543269943766987,-2.43486973947896,-0.262069801764605,-0.458069801764605
"25",-0.791583166332665,-0.727446617123047,-2.43486973947896,-0.262069801764605,-0.458069801764605
"26",-0.771543086172345,-0.686078163593031,-2.43486973947896,-0.262069801764605,-0.458069801764605
"27",-0.731462925851703,-0.802312454133076,-2.43486973947896,-0.262069801764605,-0.458069801764605
"28",-0.691382765531062,-0.882332863366039,-2.43486973947896,-0.262069801764605,-0.458069801764605
"29",-0.290581162324649,-0.654676230112555,-2.43486973947896,-0.262069801764605,-0.458069801764605
"30",-0.270541082164329,-0.902234264294281,-2.43486973947896,-0.262069801764605,-0.458069801764605
"31",0.250501002004007,-0.794980079838423,-2.43486973947896,-0.262069801764605,-0.458069801764605
"32",0.591182364729459,-0.898997993819353,-2.43486973947896,-0.262069801764605,-0.458069801764605
"33",0.811623246492986,-0.731178936802939,-2.43486973947896,-0.262069801764605,-0.458069801764605
"34",0.93186372745491,-0.928089769470729,-2.43486973947896,-0.262069801764605,-0.458069801764605
"35",1.19238476953908,-1.01442724665207,-2.43486973947896,-0.262069801764605,-0.458069801764605
"36",1.23246492985972,-0.8252332597607,-2.43486973947896,-0.262069801764605,-0.458069801764605
"37",1.45290581162325,-0.995357539159267,-2.43486973947896,-0.262069801764605,-0.458069801764605
"38",1.73346693386774,-0.922275540820443,-2.43486973947896,-0.262069801764605,-0.458069801764605
"39",2.21442885771543,-0.901311615231558,-2.43486973947896,-0.262069801764605,-0.458069801764605
"40",2.51503006012024,-0.601716833044359,-2.43486973947896,-0.262069801764605,-0.458069801764605
"41",2.67535070140281,-0.799370516466173,-2.43486973947896,-0.262069801764605,-0.458069801764605
"42",3.21643286573146,-0.590365862383337,-2.43486973947896,-0.262069801764605,-0.458069801764605
"43",3.31663326653307,-0.505998502291963,-2.43486973947896,-0.262069801764605,-0.458069801764605
"44",3.39679358717435,-0.591027449591332,-2.43486973947896,-0.262069801764605,-0.458069801764605
"45",3.41683366733467,-0.667054449526636,-2.43486973947896,-0.262069801764605,-0.458069801764605
"46",3.61723446893788,-0.515000018795699,-2.43486973947896,-0.262069801764605,-0.458069801764605
"47",4.29859719438878,-0.421917343122531,-2.43486973947896,-0.262069801764605,-0.458069801764605
"48",4.49899799599198,-0.624040615629082,-2.43486973947896,-0.262069801764605,-0.458069801764605
"49",4.87975951903808,-0.324636710191738,-2.43486973947896,-0.262069801764605,-0.458069801764605
"50",4.93987975951904,-0.417956423930232,-2.43486973947896,-0.262069801764605,-0.458069801764605
