"","x","yplot","target","ftrue","fwrong"
"1",-5,-0.310493623418936,-0.731462925851703,0.806878018766443,1.00287801876644
"2",-4.95991983967936,-0.239259523104933,-0.731462925851703,0.806878018766443,1.00287801876644
"3",-4.91983967935872,-0.392066552958944,-0.731462925851703,0.806878018766443,1.00287801876644
"4",-4.77955911823647,-0.729121181453557,-0.731462925851703,0.806878018766443,1.00287801876644
"5",-4.01803607214429,-0.665604392102145,-0.731462925851703,0.806878018766443,1.00287801876644
"6",-3.99799599198397,-0.458234257463167,-0.731462925851703,0.806878018766443,1.00287801876644
"7",-3.81763527054108,-0.413221210215433,-0.731462925851703,0.806878018766443,1.00287801876644
"8",-3.27655310621242,-0.321379793913621,-0.731462925851703,0.806878018766443,1.00287801876644
"9",-3.23647294589178,-0.451362278795996,-0.731462925851703,0.806878018766443,1.00287801876644
"10",-3.0561122244489,-0.267360948254945,-0.731462925851703,0.806878018766443,1.00287801876644
"11",-2.93587174348697,-0.379102040452451,-0.731462925851703,0.806878018766443,1.00287801876644
"12",-2.39478957915832,-0.204547040210494,-0.731462925851703,0.806878018766443,1.00287801876644
"13",-1.37274549098196,0.669194531223885,-0.731462925851703,0.806878018766443,1.00287801876644
"14",-1.2124248496994,0.675837752526044,-0.731462925851703,0.806878018766443,1.00287801876644
"15",-1.17234468937876,0.679752426017849,-0.731462925851703,0.806878018766443,1.00287801876644
"16",-1.01202404809619,0.713714536685229,-0.731462925851703,0.806878018766443,1.00287801876644
"17",-0.851703406813628,0.753111899176635,-0.731462925851703,0.806878018766443,1.00287801876644
"18",-0.731462925851703,0.871508330573666,-0.731462925851703,0.806878018766443,1.00287801876644
"19",-0.61122244488978,0.970741419684252,-0.731462925851703,0.806878018766443,1.00287801876644
"20",0.0100200400801604,0.840348098682234,-0.731462925851703,0.806878018766443,1.00287801876644
"21",0.110220440881763,0.716382070187501,-0.731462925851703,0.806878018766443,1.00287801876644
"22",0.370741482965932,0.958196579195908,-0.731462925851703,0.806878018766443,1.00287801876644
"23",0.470941883767535,0.828441753455694,-0.731462925851703,0.806878018766443,1.00287801876644
"24",1.13226452905812,0.619857067903794,-0.731462925851703,0.806878018766443,1.00287801876644
"25",1.91382765531062,0.20416188484439,-0.731462925851703,0.806878018766443,1.00287801876644
"26",2.01402805611222,0.341159995873649,-0.731462925851703,0.806878018766443,1.00287801876644
"27",2.15430861723447,0.158728806207734,-0.731462925851703,0.806878018766443,1.00287801876644
"28",2.35470941883768,0.156309900242832,-0.731462925851703,0.806878018766443,1.00287801876644
"29",2.51503006012024,0.117625636081212,-0.731462925851703,0.806878018766443,1.00287801876644
"30",3.35671342685371,0.359507064275291,-0.731462925851703,0.806878018766443,1.00287801876644
