"","x","yplot","target","ftrue","fwrong"
"1",-4.91983967935872,-0.254060797769249,2.17434869739479,-0.892328706906877,-1.08832870690688
"2",-3.1563126252505,-0.0056202714899014,2.17434869739479,-0.892328706906877,-1.08832870690688
"3",0.410821643286573,-0.173443757479749,2.17434869739479,-0.892328706906877,-1.08832870690688
"4",0.651302605210421,-0.0689893839273897,2.17434869739479,-0.892328706906877,-1.08832870690688
"5",1.03206412825651,-0.583080386104936,2.17434869739479,-0.892328706906877,-1.08832870690688
"6",1.312625250501,-0.527948165669136,2.17434869739479,-0.892328706906877,-1.08832870690688
"7",1.37274549098196,-0.59462384203219,2.17434869739479,-0.892328706906877,-1.08832870690688
"8",1.4128256513026,-0.510354222282201,2.17434869739479,-0.892328706906877,-1.08832870690688
"9",1.51302605210421,-0.533078700083934,2.17434869739479,-0.892328706906877,-1.08832870690688
"10",1.59318637274549,-0.882299000620319,2.17434869739479,-0.892328706906877,-1.08832870690688
"11",1.73346693386774,-0.601967652773088,2.17434869739479,-0.892328706906877,-1.08832870690688
"12",2.05410821643287,-0.933679173525454,2.17434869739479,-0.892328706906877,-1.08832870690688
"13",2.15430861723447,-0.906356439498079,2.17434869739479,-0.892328706906877,-1.08832870690688
"14",2.25450901803607,-0.89681946857194,2.17434869739479,-0.892328706906877,-1.08832870690688
"15",2.51503006012024,-1.12998956524246,2.17434869739479,-0.892328706906877,-1.08832870690688
"16",2.63527054108216,-0.963324979245212,2.17434869739479,-0.892328706906877,-1.08832870690688
"17",2.83567134268537,-0.986987514178437,2.17434869739479,-0.892328706906877,-1.08832870690688
"18",2.99599198396794,-0.808803673420362,2.17434869739479,-0.892328706906877,-1.08832870690688
"19",3.1563126252505,-0.846580581468583,2.17434869739479,-0.892328706906877,-1.08832870690688
"20",4.61923847695391,-0.209282914838889,2.17434869739479,-0.892328706906877,-1.08832870690688
