"","x","yplot","target","ftrue","fwrong"
"1",-4.83967935871743,-0.228846404118612,-2.61523046092184,-0.545175152932337,-0.349175152932337
"2",-4.53907815631263,-0.292965159040583,-2.61523046092184,-0.545175152932337,-0.349175152932337
"3",-2.81563126252505,-0.598386012211288,-2.61523046092184,-0.545175152932337,-0.349175152932337
"4",-2.43486973947896,-0.418818661118767,-2.61523046092184,-0.545175152932337,-0.349175152932337
"5",-2.31462925851703,-0.760833311153389,-2.61523046092184,-0.545175152932337,-0.349175152932337
"6",-2.01402805611222,-0.612543430496043,-2.61523046092184,-0.545175152932337,-0.349175152932337
"7",-1.97394789579158,-0.626248807385716,-2.61523046092184,-0.545175152932337,-0.349175152932337
"8",-1.65330661322645,-0.623702548940003,-2.61523046092184,-0.545175152932337,-0.349175152932337
"9",-1.03206412825651,-0.879611325448642,-2.61523046092184,-0.545175152932337,-0.349175152932337
"10",-0.971943887775551,-0.459467614767036,-2.61523046092184,-0.545175152932337,-0.349175152932337
"11",0.0501002004008013,-0.623830685279215,-2.61523046092184,-0.545175152932337,-0.349175152932337
"12",1.03206412825651,-0.498302525163079,-2.61523046092184,-0.545175152932337,-0.349175152932337
"13",1.65330661322645,-0.331605084831724,-2.61523046092184,-0.545175152932337,-0.349175152932337
"14",2.35470941883768,-0.247673483863126,-2.61523046092184,-0.545175152932337,-0.349175152932337
"15",3.27655310621243,0.0324190492368145,-2.61523046092184,-0.545175152932337,-0.349175152932337
"16",3.67735470941884,0.238694873765876,-2.61523046092184,-0.545175152932337,-0.349175152932337
"17",3.69739478957916,0.366948297984486,-2.61523046092184,-0.545175152932337,-0.349175152932337
"18",3.8376753507014,0.18367454120677,-2.61523046092184,-0.545175152932337,-0.349175152932337
"19",4.49899799599198,0.552935328600994,-2.61523046092184,-0.545175152932337,-0.349175152932337
"20",4.97995991983968,0.564426524925016,-2.61523046092184,-0.545175152932337,-0.349175152932337
