"","x","yplot","target","ftrue","fwrong"
"1",-1.47294589178357,0.418115738998712,4.55911823647295,-0.530501353672101,-0.726501353672101
"2",1.59318637274549,0.279500555386316,4.55911823647295,-0.530501353672101,-0.726501353672101
"3",2.87575150300601,-0.193135736990463,4.55911823647295,-0.530501353672101,-0.726501353672101
"4",4.05811623246493,-0.512270151855001,4.55911823647295,-0.530501353672101,-0.726501353672101
"5",4.45891783567134,-0.601569056357889,4.55911823647295,-0.530501353672101,-0.726501353672101
"6",4.53907815631263,-0.484935346806525,4.55911823647295,-0.530501353672101,-0.726501353672101
"7",4.63927855711423,-0.262731832278577,4.55911823647295,-0.530501353672101,-0.726501353672101
"8",4.67935871743487,-0.492901629802914,4.55911823647295,-0.530501353672101,-0.726501353672101
"9",4.83967935871743,-0.415836495585867,4.55911823647295,-0.530501353672101,-0.726501353672101
"10",4.87975951903808,-0.547553164265369,4.55911823647295,-0.530501353672101,-0.726501353672101
