"","x","yplot","target","ftrue","fwrong"
"1",-4.93987975951904,-0.454626182657147,-0.991983967935872,-0.0284460409148299,-0.22444604091483
"2",-2.39478957915832,-0.30564802239883,-0.991983967935872,-0.0284460409148299,-0.22444604091483
"3",-1.81362725450902,-0.245857115274169,-0.991983967935872,-0.0284460409148299,-0.22444604091483
"4",-1.67334669338677,-0.313147598207587,-0.991983967935872,-0.0284460409148299,-0.22444604091483
"5",-1.65330661322645,-0.132646152807406,-0.991983967935872,-0.0284460409148299,-0.22444604091483
"6",-1.55310621242485,-0.156495328690052,-0.991983967935872,-0.0284460409148299,-0.22444604091483
"7",-1.45290581162325,-0.377530900933369,-0.991983967935872,-0.0284460409148299,-0.22444604091483
"8",-1.03206412825651,0.030132621989066,-0.991983967935872,-0.0284460409148299,-0.22444604091483
"9",-0.991983967935872,-0.21593736357561,-0.991983967935872,-0.0284460409148299,-0.22444604091483
"10",-0.871743486973948,-0.0914208319147726,-0.991983967935872,-0.0284460409148299,-0.22444604091483
"11",-0.771543086172345,-0.0687317724852303,-0.991983967935872,-0.0284460409148299,-0.22444604091483
"12",-0.691382765531062,-0.0132872838418949,-0.991983967935872,-0.0284460409148299,-0.22444604091483
"13",-0.651302605210421,-0.0856509608999981,-0.991983967935872,-0.0284460409148299,-0.22444604091483
"14",-0.270541082164329,0.157457942162328,-0.991983967935872,-0.0284460409148299,-0.22444604091483
"15",-0.170340681362726,0.174937098091561,-0.991983967935872,-0.0284460409148299,-0.22444604091483
"16",-0.0100200400801604,0.275552951117637,-0.991983967935872,-0.0284460409148299,-0.22444604091483
"17",1.49298597194389,0.408943840706814,-0.991983967935872,-0.0284460409148299,-0.22444604091483
"18",1.95390781563126,0.663679389247289,-0.991983967935872,-0.0284460409148299,-0.22444604091483
"19",3.07615230460922,0.681316907717673,-0.991983967935872,-0.0284460409148299,-0.22444604091483
"20",4.35871743486974,0.569243722346294,-0.991983967935872,-0.0284460409148299,-0.22444604091483
