"","x","yplot","target","ftrue","fwrong"
"1",-4.97995991983968,-0.465593860528841,-1.25250501002004,-0.171886195980392,-0.367886195980392
"2",-4.77955911823647,-0.636894144689126,-1.25250501002004,-0.171886195980392,-0.367886195980392
"3",-3.99799599198397,-0.294980147512703,-1.25250501002004,-0.171886195980392,-0.367886195980392
"4",-2.45490981963928,0.0637673049403751,-1.25250501002004,-0.171886195980392,-0.367886195980392
"5",-2.23446893787575,-0.0442730885377179,-1.25250501002004,-0.171886195980392,-0.367886195980392
"6",-2.21442885771543,0.0843851575724313,-1.25250501002004,-0.171886195980392,-0.367886195980392
"7",-2.19438877755511,-0.0789684572159679,-1.25250501002004,-0.171886195980392,-0.367886195980392
"8",-2.15430861723447,0.000216582619777628,-1.25250501002004,-0.171886195980392,-0.367886195980392
"9",-2.05410821643287,0.0537382857797861,-1.25250501002004,-0.171886195980392,-0.367886195980392
"10",-2.03406813627255,0.200435985592913,-1.25250501002004,-0.171886195980392,-0.367886195980392
"11",-1.91382765531062,0.118264795147227,-1.25250501002004,-0.171886195980392,-0.367886195980392
"12",-1.8937875751503,-0.00790064417738411,-1.25250501002004,-0.171886195980392,-0.367886195980392
"13",-1.87374749498998,-0.0100252571735068,-1.25250501002004,-0.171886195980392,-0.367886195980392
"14",-1.81362725450902,-0.0235070546070597,-1.25250501002004,-0.171886195980392,-0.367886195980392
"15",-1.7935871743487,0.107604668107503,-1.25250501002004,-0.171886195980392,-0.367886195980392
"16",-1.75350701402806,-0.179619259155975,-1.25250501002004,-0.171886195980392,-0.367886195980392
"17",-1.73346693386774,-0.236666086137018,-1.25250501002004,-0.171886195980392,-0.367886195980392
"18",-1.59318637274549,0.0924166480789406,-1.25250501002004,-0.171886195980392,-0.367886195980392
"19",-1.55310621242485,-0.182245161083563,-1.25250501002004,-0.171886195980392,-0.367886195980392
"20",-1.51302605210421,-0.142078341341527,-1.25250501002004,-0.171886195980392,-0.367886195980392
"21",-1.47294589178357,-0.174308848737999,-1.25250501002004,-0.171886195980392,-0.367886195980392
"22",-1.43286573146293,-0.131269495709724,-1.25250501002004,-0.171886195980392,-0.367886195980392
"23",-1.37274549098196,-0.191454063056731,-1.25250501002004,-0.171886195980392,-0.367886195980392
"24",-1.35270541082164,-0.353822160763476,-1.25250501002004,-0.171886195980392,-0.367886195980392
"25",-1.2124248496994,-0.181362670406698,-1.25250501002004,-0.171886195980392,-0.367886195980392
"26",-1.19238476953908,-0.257938350518043,-1.25250501002004,-0.171886195980392,-0.367886195980392
"27",-1.15230460921844,-0.189825357419416,-1.25250501002004,-0.171886195980392,-0.367886195980392
"28",-0.991983967935872,-0.203049608396495,-1.25250501002004,-0.171886195980392,-0.367886195980392
"29",-0.971943887775551,-0.315034170167416,-1.25250501002004,-0.171886195980392,-0.367886195980392
"30",-0.871743486973948,-0.349269066701691,-1.25250501002004,-0.171886195980392,-0.367886195980392
"31",-0.851703406813628,-0.435034536848423,-1.25250501002004,-0.171886195980392,-0.367886195980392
"32",-0.831663326653307,-0.295227623609958,-1.25250501002004,-0.171886195980392,-0.367886195980392
"33",-0.771543086172345,-0.469381567500844,-1.25250501002004,-0.171886195980392,-0.367886195980392
"34",-0.711422845691383,-0.253727536503876,-1.25250501002004,-0.171886195980392,-0.367886195980392
"35",-0.631262525050101,-0.376118854202292,-1.25250501002004,-0.171886195980392,-0.367886195980392
"36",-0.61122244488978,-0.425163865160027,-1.25250501002004,-0.171886195980392,-0.367886195980392
"37",-0.470941883767535,-0.502167713237455,-1.25250501002004,-0.171886195980392,-0.367886195980392
"38",-0.430861723446894,-0.658050986041365,-1.25250501002004,-0.171886195980392,-0.367886195980392
"39",-0.330661322645291,-0.483473433220492,-1.25250501002004,-0.171886195980392,-0.367886195980392
"40",-0.130260521042084,-0.613379796905771,-1.25250501002004,-0.171886195980392,-0.367886195980392
"41",-0.0100200400801604,-0.612518812569496,-1.25250501002004,-0.171886195980392,-0.367886195980392
"42",0.270541082164328,-0.554234381758864,-1.25250501002004,-0.171886195980392,-0.367886195980392
"43",0.591182364729459,-0.64832760374123,-1.25250501002004,-0.171886195980392,-0.367886195980392
"44",0.751503006012024,-0.485748738269263,-1.25250501002004,-0.171886195980392,-0.367886195980392
"45",1.87374749498998,-0.144679069955935,-1.25250501002004,-0.171886195980392,-0.367886195980392
"46",3.37675350701403,0.65653662461156,-1.25250501002004,-0.171886195980392,-0.367886195980392
"47",3.55711422845691,0.475409533066855,-1.25250501002004,-0.171886195980392,-0.367886195980392
"48",4.19839679358717,0.26162279468212,-1.25250501002004,-0.171886195980392,-0.367886195980392
"49",4.39879759519038,0.0967943923475159,-1.25250501002004,-0.171886195980392,-0.367886195980392
"50",4.53907815631263,-0.0707819647495647,-1.25250501002004,-0.171886195980392,-0.367886195980392
