"","x","yplot","target","ftrue","fwrong"
"1",-4.8997995991984,0.585834341901114,-2.97595190380762,0.667231560014394,0.863231560014394
"2",-3.91783567134269,0.553808803703287,-2.97595190380762,0.667231560014394,0.863231560014394
"3",-3.53707414829659,0.561184490689709,-2.97595190380762,0.667231560014394,0.863231560014394
"4",-3.21643286573146,0.594795463702269,-2.97595190380762,0.667231560014394,0.863231560014394
"5",-3.0561122244489,0.641675749722943,-2.97595190380762,0.667231560014394,0.863231560014394
"6",-3.01603206412826,0.488145044820493,-2.97595190380762,0.667231560014394,0.863231560014394
"7",-2.81563126252505,0.704631525185313,-2.97595190380762,0.667231560014394,0.863231560014394
"8",-2.59519038076152,0.633270610928599,-2.97595190380762,0.667231560014394,0.863231560014394
"9",-2.19438877755511,0.549474029503991,-2.97595190380762,0.667231560014394,0.863231560014394
"10",-1.9939879759519,0.295027585160219,-2.97595190380762,0.667231560014394,0.863231560014394
"11",-1.8937875751503,0.552912455874763,-2.97595190380762,0.667231560014394,0.863231560014394
"12",-1.67334669338677,0.515423479330029,-2.97595190380762,0.667231560014394,0.863231560014394
"13",-1.65330661322645,0.567657972869339,-2.97595190380762,0.667231560014394,0.863231560014394
"14",-1.27254509018036,0.563216525823849,-2.97595190380762,0.667231560014394,0.863231560014394
"15",-1.23246492985972,0.648646395323264,-2.97595190380762,0.667231560014394,0.863231560014394
"16",-1.17234468937876,0.464926657839991,-2.97595190380762,0.667231560014394,0.863231560014394
"17",-1.01202404809619,0.431267630880869,-2.97595190380762,0.667231560014394,0.863231560014394
"18",-0.651302605210421,0.341695805433357,-2.97595190380762,0.667231560014394,0.863231560014394
"19",-0.410821643286574,0.547229648607248,-2.97595190380762,0.667231560014394,0.863231560014394
"20",-0.350701402805611,0.515077583879776,-2.97595190380762,0.667231560014394,0.863231560014394
"21",-0.210420841683367,0.420786279157612,-2.97595190380762,0.667231560014394,0.863231560014394
"22",-0.0501002004008022,0.11571267679227,-2.97595190380762,0.667231560014394,0.863231560014394
"23",0.531062124248497,0.374592759728363,-2.97595190380762,0.667231560014394,0.863231560014394
"24",1.75350701402806,-0.0590613303771524,-2.97595190380762,0.667231560014394,0.863231560014394
"25",2.09418837675351,-0.168030004450759,-2.97595190380762,0.667231560014394,0.863231560014394
"26",2.25450901803607,-0.1979357237883,-2.97595190380762,0.667231560014394,0.863231560014394
"27",2.45490981963928,-0.110292826384404,-2.97595190380762,0.667231560014394,0.863231560014394
"28",2.81563126252505,-0.291460754093693,-2.97595190380762,0.667231560014394,0.863231560014394
"29",3.55711422845691,-0.522993467918666,-2.97595190380762,0.667231560014394,0.863231560014394
"30",4.09819639278557,-0.554180498139894,-2.97595190380762,0.667231560014394,0.863231560014394
