"","x","yplot","target","ftrue","fwrong"
"1",-4.85971943887776,-0.369098406108535,-0.330661322645291,0.793992393303781,0.597992393303781
"2",-4.3186372745491,-0.201506435592189,-0.330661322645291,0.793992393303781,0.597992393303781
"3",-4.15831663326653,-0.127967962472393,-0.330661322645291,0.793992393303781,0.597992393303781
"4",-3.27655310621242,0.283578437024345,-0.330661322645291,0.793992393303781,0.597992393303781
"5",-1.7935871743487,0.363129424234372,-0.330661322645291,0.793992393303781,0.597992393303781
"6",-1.312625250501,0.638787336328364,-0.330661322645291,0.793992393303781,0.597992393303781
"7",-1.25250501002004,0.703779037844964,-0.330661322645291,0.793992393303781,0.597992393303781
"8",-1.2124248496994,0.637839934811009,-0.330661322645291,0.793992393303781,0.597992393303781
"9",-1.17234468937876,0.537184828400068,-0.330661322645291,0.793992393303781,0.597992393303781
"10",-1.15230460921844,0.730963964639619,-0.330661322645291,0.793992393303781,0.597992393303781
"11",-1.1122244488978,0.823956989035037,-0.330661322645291,0.793992393303781,0.597992393303781
"12",-1.07214428857715,0.880110499159899,-0.330661322645291,0.793992393303781,0.597992393303781
"13",-0.971943887775551,0.61396773048523,-0.330661322645291,0.793992393303781,0.597992393303781
"14",-0.93186372745491,0.575511500360907,-0.330661322645291,0.793992393303781,0.597992393303781
"15",-0.891783567134269,0.680070999111963,-0.330661322645291,0.793992393303781,0.597992393303781
"16",-0.871743486973948,0.686606840430789,-0.330661322645291,0.793992393303781,0.597992393303781
"17",-0.771543086172345,0.793003937184543,-0.330661322645291,0.793992393303781,0.597992393303781
"18",-0.470941883767535,0.719943873343477,-0.330661322645291,0.793992393303781,0.597992393303781
"19",-0.430861723446894,0.774355131615444,-0.330661322645291,0.793992393303781,0.597992393303781
"20",-0.410821643286574,0.835452341940489,-0.330661322645291,0.793992393303781,0.597992393303781
"21",-0.230460921843687,0.769373825159881,-0.330661322645291,0.793992393303781,0.597992393303781
"22",-0.170340681362726,0.96492103046873,-0.330661322645291,0.793992393303781,0.597992393303781
"23",-0.150300601202405,0.730494209504112,-0.330661322645291,0.793992393303781,0.597992393303781
"24",-0.0501002004008022,0.725589572554259,-0.330661322645291,0.793992393303781,0.597992393303781
"25",0.0901803607214431,0.971142058776914,-0.330661322645291,0.793992393303781,0.597992393303781
"26",0.150300601202405,0.885479023929547,-0.330661322645291,0.793992393303781,0.597992393303781
"27",0.290581162324649,0.726258986045972,-0.330661322645291,0.793992393303781,0.597992393303781
"28",0.31062124248497,0.885803532816865,-0.330661322645291,0.793992393303781,0.597992393303781
"29",0.33066132264529,0.822596073153665,-0.330661322645291,0.793992393303781,0.597992393303781
"30",0.490981963927855,0.863304468228344,-0.330661322645291,0.793992393303781,0.597992393303781
"31",0.591182364729459,0.841443729283214,-0.330661322645291,0.793992393303781,0.597992393303781
"32",0.6312625250501,0.891190326986334,-0.330661322645291,0.793992393303781,0.597992393303781
"33",0.651302605210421,0.753710514154279,-0.330661322645291,0.793992393303781,0.597992393303781
"34",0.851703406813627,0.856120031721537,-0.330661322645291,0.793992393303781,0.597992393303781
"35",1.65330661322645,0.828135879616502,-0.330661322645291,0.793992393303781,0.597992393303781
"36",1.75350701402806,0.760227601518289,-0.330661322645291,0.793992393303781,0.597992393303781
"37",2.25450901803607,0.723657198802532,-0.330661322645291,0.793992393303781,0.597992393303781
"38",3.41683366733467,0.548584635290128,-0.330661322645291,0.793992393303781,0.597992393303781
"39",4.21843687374749,0.171984287739341,-0.330661322645291,0.793992393303781,0.597992393303781
"40",4.97995991983968,0.0646643807500646,-0.330661322645291,0.793992393303781,0.597992393303781
