"","x","yplot","target","ftrue","fwrong"
"1",-4.61923847695391,0.641271008669932,-3.53707414829659,0.189862296657942,0.385862296657942
"2",-4.51903807615231,0.498144807454012,-3.53707414829659,0.189862296657942,0.385862296657942
"3",-4.45891783567134,0.632602621174222,-3.53707414829659,0.189862296657942,0.385862296657942
"4",-3.61723446893788,0.211792831969479,-3.53707414829659,0.189862296657942,0.385862296657942
"5",-3.43687374749499,0.316470663881274,-3.53707414829659,0.189862296657942,0.385862296657942
"6",-3.39679358717435,0.273944007514461,-3.53707414829659,0.189862296657942,0.385862296657942
"7",-3.35671342685371,0.15909265619317,-3.53707414829659,0.189862296657942,0.385862296657942
"8",-3.2565130260521,0.0754304838577783,-3.53707414829659,0.189862296657942,0.385862296657942
"9",-1.75350701402806,0.0633210871206458,-3.53707414829659,0.189862296657942,0.385862296657942
"10",-0.430861723446894,0.479023251823788,-3.53707414829659,0.189862296657942,0.385862296657942
