"","x","yplot","target","ftrue","fwrong"
"1",-3.23647294589178,0.286523716813152,0.911823647294589,0.414112400530382,0.218112400530382
"2",-3.07615230460922,-0.265901545057391,0.911823647294589,0.414112400530382,0.218112400530382
"3",-2.07414829659319,-0.362802448389783,0.911823647294589,0.414112400530382,0.218112400530382
"4",-1.43286573146293,-0.66011753613879,0.911823647294589,0.414112400530382,0.218112400530382
"5",-1.07214428857715,-0.719038584732049,0.911823647294589,0.414112400530382,0.218112400530382
"6",-0.0701402805611222,-0.0692550868680665,0.911823647294589,0.414112400530382,0.218112400530382
"7",-0.0501002004008022,0.0791825131088963,0.911823647294589,0.414112400530382,0.218112400530382
"8",-0.0300601202404813,0.0273405403573709,0.911823647294589,0.414112400530382,0.218112400530382
"9",0.0501002004008013,0.0633665700480611,0.911823647294589,0.414112400530382,0.218112400530382
"10",0.190380761523046,0.144123067366647,0.911823647294589,0.414112400530382,0.218112400530382
"11",0.250501002004007,0.139761913415943,0.911823647294589,0.414112400530382,0.218112400530382
"12",0.290581162324649,0.131949176472719,0.911823647294589,0.414112400530382,0.218112400530382
"13",0.33066132264529,-0.0234974329861402,0.911823647294589,0.414112400530382,0.218112400530382
"14",0.531062124248497,0.309649675507103,0.911823647294589,0.414112400530382,0.218112400530382
"15",0.671342685370742,0.291733773024131,0.911823647294589,0.414112400530382,0.218112400530382
"16",0.851703406813627,0.464959246224822,0.911823647294589,0.414112400530382,0.218112400530382
"17",0.911823647294589,0.287143839071073,0.911823647294589,0.414112400530382,0.218112400530382
"18",1.01202404809619,0.603259273375771,0.911823647294589,0.414112400530382,0.218112400530382
"19",1.23246492985972,0.59092320859352,0.911823647294589,0.414112400530382,0.218112400530382
"20",1.25250501002004,0.442045024037354,0.911823647294589,0.414112400530382,0.218112400530382
"21",1.35270541082164,0.534680720395046,0.911823647294589,0.414112400530382,0.218112400530382
"22",1.47294589178357,0.37538808690783,0.911823647294589,0.414112400530382,0.218112400530382
"23",1.49298597194389,0.473215246357,0.911823647294589,0.414112400530382,0.218112400530382
"24",1.53306613226453,0.427456256137077,0.911823647294589,0.414112400530382,0.218112400530382
"25",1.55310621242485,0.213270644985039,0.911823647294589,0.414112400530382,0.218112400530382
"26",1.87374749498998,0.371663792729327,0.911823647294589,0.414112400530382,0.218112400530382
"27",3.35671342685371,-0.300566054503379,0.911823647294589,0.414112400530382,0.218112400530382
"28",3.65731462925852,-0.4047018841027,0.911823647294589,0.414112400530382,0.218112400530382
"29",3.77755511022044,-0.521723021758172,0.911823647294589,0.414112400530382,0.218112400530382
"30",4.97995991983968,-0.270822186028518,0.911823647294589,0.414112400530382,0.218112400530382
