"","x","yplot","target","ftrue","fwrong"
"1",-4.93987975951904,0.995187191049642,3.27655310621243,-0.52257867963217,-0.32657867963217
"2",-4.4188376753507,1.09643393177817,3.27655310621243,-0.52257867963217,-0.32657867963217
"3",-4.37875751503006,0.94762402554942,3.27655310621243,-0.52257867963217,-0.32657867963217
"4",-3.93787575150301,0.685761605970532,3.27655310621243,-0.52257867963217,-0.32657867963217
"5",-3.91783567134269,0.865270146019353,3.27655310621243,-0.52257867963217,-0.32657867963217
"6",-3.65731462925852,0.974819932001457,3.27655310621243,-0.52257867963217,-0.32657867963217
"7",-3.47695390781563,0.839986739689517,3.27655310621243,-0.52257867963217,-0.32657867963217
"8",-3.11623246492986,0.774377757490767,3.27655310621243,-0.52257867963217,-0.32657867963217
"9",-3.09619238476954,0.853407605668589,3.27655310621243,-0.52257867963217,-0.32657867963217
"10",-2.81563126252505,0.770665387584302,3.27655310621243,-0.52257867963217,-0.32657867963217
"11",-2.59519038076152,0.666605626621972,3.27655310621243,-0.52257867963217,-0.32657867963217
"12",-2.55511022044088,0.80186588237161,3.27655310621243,-0.52257867963217,-0.32657867963217
"13",-2.39478957915832,0.760588467489671,3.27655310621243,-0.52257867963217,-0.32657867963217
"14",-1.91382765531062,0.790506088036081,3.27655310621243,-0.52257867963217,-0.32657867963217
"15",-1.85370741482966,0.648045440555989,3.27655310621243,-0.52257867963217,-0.32657867963217
"16",-1.81362725450902,0.73581307202158,3.27655310621243,-0.52257867963217,-0.32657867963217
"17",-1.25250501002004,0.294771750695933,3.27655310621243,-0.52257867963217,-0.32657867963217
"18",-1.19238476953908,0.348235311751886,3.27655310621243,-0.52257867963217,-0.32657867963217
"19",-1.15230460921844,0.475666893087606,3.27655310621243,-0.52257867963217,-0.32657867963217
"20",-0.811623246492986,0.397862010116808,3.27655310621243,-0.52257867963217,-0.32657867963217
"21",-0.731462925851703,0.339771857439134,3.27655310621243,-0.52257867963217,-0.32657867963217
"22",-0.651302605210421,0.349461278835907,3.27655310621243,-0.52257867963217,-0.32657867963217
"23",-0.571142284569138,0.326815040297025,3.27655310621243,-0.52257867963217,-0.32657867963217
"24",0.110220440881763,0.0702777167989658,3.27655310621243,-0.52257867963217,-0.32657867963217
"25",0.511022044088176,-0.12595757969113,3.27655310621243,-0.52257867963217,-0.32657867963217
"26",0.591182364729459,-0.0496830554110038,3.27655310621243,-0.52257867963217,-0.32657867963217
"27",0.611222444889779,-0.0257284533950867,3.27655310621243,-0.52257867963217,-0.32657867963217
"28",0.6312625250501,0.00429633791870714,3.27655310621243,-0.52257867963217,-0.32657867963217
"29",0.671342685370742,-0.306405065716744,3.27655310621243,-0.52257867963217,-0.32657867963217
"30",0.751503006012024,-0.0214667109115403,3.27655310621243,-0.52257867963217,-0.32657867963217
"31",1.01202404809619,-0.129454796606942,3.27655310621243,-0.52257867963217,-0.32657867963217
"32",1.59318637274549,-0.413823972012848,3.27655310621243,-0.52257867963217,-0.32657867963217
"33",1.75350701402806,-0.207594639558479,3.27655310621243,-0.52257867963217,-0.32657867963217
"34",2.55511022044088,-0.432293394058047,3.27655310621243,-0.52257867963217,-0.32657867963217
"35",2.71543086172345,-0.310872716723396,3.27655310621243,-0.52257867963217,-0.32657867963217
"36",2.77555110220441,-0.59367459286653,3.27655310621243,-0.52257867963217,-0.32657867963217
"37",2.89579158316633,-0.455585759038065,3.27655310621243,-0.52257867963217,-0.32657867963217
"38",2.93587174348697,-0.502324561521112,3.27655310621243,-0.52257867963217,-0.32657867963217
"39",3.1563126252505,-0.426250740530712,3.27655310621243,-0.52257867963217,-0.32657867963217
"40",3.17635270541082,-0.569332939986444,3.27655310621243,-0.52257867963217,-0.32657867963217
"41",3.37675350701403,-0.581925442360871,3.27655310621243,-0.52257867963217,-0.32657867963217
"42",3.43687374749499,-0.595480645091539,3.27655310621243,-0.52257867963217,-0.32657867963217
"43",3.8376753507014,-0.598617728136483,3.27655310621243,-0.52257867963217,-0.32657867963217
"44",3.89779559118236,-0.639059512036039,3.27655310621243,-0.52257867963217,-0.32657867963217
"45",3.91783567134268,-0.553335962192225,3.27655310621243,-0.52257867963217,-0.32657867963217
"46",3.95791583166333,-0.58174867685614,3.27655310621243,-0.52257867963217,-0.32657867963217
"47",3.99799599198397,-0.734753673601835,3.27655310621243,-0.52257867963217,-0.32657867963217
"48",4.13827655310621,-0.599819877900528,3.27655310621243,-0.52257867963217,-0.32657867963217
"49",4.87975951903808,-0.485824310053573,3.27655310621243,-0.52257867963217,-0.32657867963217
"50",4.93987975951904,-0.72665737381768,3.27655310621243,-0.52257867963217,-0.32657867963217
