"","x","yplot","target","ftrue","fwrong"
"1",-4.95991983967936,0.754630001809489,-1.8937875751503,0.383912026358165,0.579912026358165
"2",-4.85971943887776,0.594984404921989,-1.8937875751503,0.383912026358165,0.579912026358165
"3",-4.83967935871743,0.659109657871509,-1.8937875751503,0.383912026358165,0.579912026358165
"4",-4.59919839679359,0.528048375485623,-1.8937875751503,0.383912026358165,0.579912026358165
"5",-4.25851703406814,0.0948413229156937,-1.8937875751503,0.383912026358165,0.579912026358165
"6",-3.79759519038076,0.149647869762697,-1.8937875751503,0.383912026358165,0.579912026358165
"7",-3.65731462925852,-0.0656081815248559,-1.8937875751503,0.383912026358165,0.579912026358165
"8",-3.53707414829659,-0.0167611011501867,-1.8937875751503,0.383912026358165,0.579912026358165
"9",-3.03607214428858,0.0632084368189597,-1.8937875751503,0.383912026358165,0.579912026358165
"10",-2.79559118236473,0.120207388016855,-1.8937875751503,0.383912026358165,0.579912026358165
"11",-2.59519038076152,0.00486609399092461,-1.8937875751503,0.383912026358165,0.579912026358165
"12",-2.5751503006012,0.237515551437366,-1.8937875751503,0.383912026358165,0.579912026358165
"13",-2.43486973947896,0.198494867077154,-1.8937875751503,0.383912026358165,0.579912026358165
"14",-2.39478957915832,0.364327021195421,-1.8937875751503,0.383912026358165,0.579912026358165
"15",-2.35470941883768,0.248019130862018,-1.8937875751503,0.383912026358165,0.579912026358165
"16",-1.95390781563126,0.31606495466488,-1.8937875751503,0.383912026358165,0.579912026358165
"17",-1.77354709418838,0.437451007186876,-1.8937875751503,0.383912026358165,0.579912026358165
"18",-1.63326653306613,0.36732671780318,-1.8937875751503,0.383912026358165,0.579912026358165
"19",-1.37274549098196,0.315474596314094,-1.8937875751503,0.383912026358165,0.579912026358165
"20",-1.27254509018036,0.29819822357012,-1.8937875751503,0.383912026358165,0.579912026358165
"21",-1.07214428857715,0.0181585437566491,-1.8937875751503,0.383912026358165,0.579912026358165
"22",-0.210420841683367,-0.282739757981229,-1.8937875751503,0.383912026358165,0.579912026358165
"23",0.0701402805611222,-0.262883176701965,-1.8937875751503,0.383912026358165,0.579912026358165
"24",0.33066132264529,-0.271203052743545,-1.8937875751503,0.383912026358165,0.579912026358165
"25",0.831663326653306,-0.491940401231265,-1.8937875751503,0.383912026358165,0.579912026358165
"26",1.05210420841683,-0.450314148222873,-1.8937875751503,0.383912026358165,0.579912026358165
"27",1.13226452905812,-0.435146627659763,-1.8937875751503,0.383912026358165,0.579912026358165
"28",1.27254509018036,0.00298964371585314,-1.8937875751503,0.383912026358165,0.579912026358165
"29",1.81362725450902,0.129972278673711,-1.8937875751503,0.383912026358165,0.579912026358165
"30",1.85370741482966,0.164552856379191,-1.8937875751503,0.383912026358165,0.579912026358165
"31",1.97394789579158,0.148235337885113,-1.8937875751503,0.383912026358165,0.579912026358165
"32",2.15430861723447,0.458954130970652,-1.8937875751503,0.383912026358165,0.579912026358165
"33",2.19438877755511,0.153373550471079,-1.8937875751503,0.383912026358165,0.579912026358165
"34",2.49498997995992,0.438881292190224,-1.8937875751503,0.383912026358165,0.579912026358165
"35",2.51503006012024,0.40177180803194,-1.8937875751503,0.383912026358165,0.579912026358165
"36",2.53507014028056,0.685737132459204,-1.8937875751503,0.383912026358165,0.579912026358165
"37",3.43687374749499,0.626151752280674,-1.8937875751503,0.383912026358165,0.579912026358165
"38",3.6372745490982,0.596932217428085,-1.8937875751503,0.383912026358165,0.579912026358165
"39",3.77755511022044,0.54642874691796,-1.8937875751503,0.383912026358165,0.579912026358165
"40",4.81963927855711,-0.160581649647849,-1.8937875751503,0.383912026358165,0.579912026358165
