"","x","yplot","target","ftrue","fwrong"
"1",-4.95991983967936,0.448477880805225,-1.85370741482966,-0.0668332526208819,0.129166747379118
"2",-4.85971943887776,0.692072241865459,-1.85370741482966,-0.0668332526208819,0.129166747379118
"3",-3.53707414829659,0.171473876769262,-1.85370741482966,-0.0668332526208819,0.129166747379118
"4",-3.43687374749499,0.21024018337522,-1.85370741482966,-0.0668332526208819,0.129166747379118
"5",-3.17635270541082,0.170008992653694,-1.85370741482966,-0.0668332526208819,0.129166747379118
"6",-2.77555110220441,0.0298714828347378,-1.85370741482966,-0.0668332526208819,0.129166747379118
"7",-2.65531062124249,0.135801268259135,-1.85370741482966,-0.0668332526208819,0.129166747379118
"8",-2.49498997995992,0.116172882917291,-1.85370741482966,-0.0668332526208819,0.129166747379118
"9",-2.33466933867735,0.0162641058582605,-1.85370741482966,-0.0668332526208819,0.129166747379118
"10",-2.23446893787575,-0.0551601209686129,-1.85370741482966,-0.0668332526208819,0.129166747379118
"11",-2.21442885771543,0.0639589863102652,-1.85370741482966,-0.0668332526208819,0.129166747379118
"12",-2.19438877755511,0.00103981707564198,-1.85370741482966,-0.0668332526208819,0.129166747379118
"13",-2.17434869739479,0.0141311186410631,-1.85370741482966,-0.0668332526208819,0.129166747379118
"14",-2.15430861723447,-0.146399796020146,-1.85370741482966,-0.0668332526208819,0.129166747379118
"15",-2.11422845691383,-0.0161576814905827,-1.85370741482966,-0.0668332526208819,0.129166747379118
"16",-2.07414829659319,0.0478618415402939,-1.85370741482966,-0.0668332526208819,0.129166747379118
"17",-1.81362725450902,-0.0488678891050064,-1.85370741482966,-0.0668332526208819,0.129166747379118
"18",-1.73346693386774,-0.242534975618473,-1.85370741482966,-0.0668332526208819,0.129166747379118
"19",-1.63326653306613,-0.0770057921595637,-1.85370741482966,-0.0668332526208819,0.129166747379118
"20",-1.61322645290581,-0.107997215832004,-1.85370741482966,-0.0668332526208819,0.129166747379118
"21",-1.49298597194389,-0.194303271459912,-1.85370741482966,-0.0668332526208819,0.129166747379118
"22",-1.37274549098196,-0.129913418052168,-1.85370741482966,-0.0668332526208819,0.129166747379118
"23",-1.29258517034068,-0.163582120220278,-1.85370741482966,-0.0668332526208819,0.129166747379118
"24",-1.19238476953908,-0.164868118956883,-1.85370741482966,-0.0668332526208819,0.129166747379118
"25",-1.05210420841683,-0.317272635513476,-1.85370741482966,-0.0668332526208819,0.129166747379118
"26",-0.91182364729459,-0.00836238732703312,-1.85370741482966,-0.0668332526208819,0.129166747379118
"27",-0.0701402805611222,-0.403444512771455,-1.85370741482966,-0.0668332526208819,0.129166747379118
"28",1.05210420841683,-0.46163779282259,-1.85370741482966,-0.0668332526208819,0.129166747379118
"29",2.49498997995992,-0.619432313815922,-1.85370741482966,-0.0668332526208819,0.129166747379118
"30",4.69939879759519,-0.924991432898827,-1.85370741482966,-0.0668332526208819,0.129166747379118
