"","x","yplot","target","ftrue","fwrong"
"1",-4.95991983967936,0.753006231830455,3.13627254509018,-0.662741115524254,-0.858741115524254
"2",-4.07815631262525,0.839359630748352,3.13627254509018,-0.662741115524254,-0.858741115524254
"3",-3.97795591182365,0.981668392516891,3.13627254509018,-0.662741115524254,-0.858741115524254
"4",-3.13627254509018,0.878069370633703,3.13627254509018,-0.662741115524254,-0.858741115524254
"5",-2.4749498997996,0.803604574484102,3.13627254509018,-0.662741115524254,-0.858741115524254
"6",-1.05210420841683,0.557828524705799,3.13627254509018,-0.662741115524254,-0.858741115524254
"7",-0.370741482965932,0.302785280667864,3.13627254509018,-0.662741115524254,-0.858741115524254
"8",0.190380761523046,0.0471697980456012,3.13627254509018,-0.662741115524254,-0.858741115524254
"9",0.891783567134269,-0.345727864501948,3.13627254509018,-0.662741115524254,-0.858741115524254
"10",1.09218436873747,-0.287550036068298,3.13627254509018,-0.662741115524254,-0.858741115524254
"11",1.7935871743487,-0.38171495489655,3.13627254509018,-0.662741115524254,-0.858741115524254
"12",1.83366733466934,-0.529905087927459,3.13627254509018,-0.662741115524254,-0.858741115524254
"13",1.9939879759519,-0.407269281465737,3.13627254509018,-0.662741115524254,-0.858741115524254
"14",2.09418837675351,-0.37100345828618,3.13627254509018,-0.662741115524254,-0.858741115524254
"15",2.15430861723447,-0.51174628781326,3.13627254509018,-0.662741115524254,-0.858741115524254
"16",2.19438877755511,-0.450243955394244,3.13627254509018,-0.662741115524254,-0.858741115524254
"17",2.23446893787575,-0.566529464230881,3.13627254509018,-0.662741115524254,-0.858741115524254
"18",2.25450901803607,-0.643356239180662,3.13627254509018,-0.662741115524254,-0.858741115524254
"19",2.29458917835671,-0.45011495222242,3.13627254509018,-0.662741115524254,-0.858741115524254
"20",2.31462925851703,-0.480418092610902,3.13627254509018,-0.662741115524254,-0.858741115524254
"21",2.35470941883768,-0.562944080742377,3.13627254509018,-0.662741115524254,-0.858741115524254
"22",2.39478957915832,-0.673115508104445,3.13627254509018,-0.662741115524254,-0.858741115524254
"23",2.43486973947896,-0.718199311054563,3.13627254509018,-0.662741115524254,-0.858741115524254
"24",2.45490981963928,-0.701467015823096,3.13627254509018,-0.662741115524254,-0.858741115524254
"25",2.49498997995992,-0.640970988742136,3.13627254509018,-0.662741115524254,-0.858741115524254
"26",2.53507014028056,-0.583599200015612,3.13627254509018,-0.662741115524254,-0.858741115524254
"27",2.5751503006012,-0.660976061978748,3.13627254509018,-0.662741115524254,-0.858741115524254
"28",2.61523046092184,-0.710345049678152,3.13627254509018,-0.662741115524254,-0.858741115524254
"29",2.67535070140281,-0.603539977291668,3.13627254509018,-0.662741115524254,-0.858741115524254
"30",2.69539078156313,-0.665553696609159,3.13627254509018,-0.662741115524254,-0.858741115524254
"31",2.77555110220441,-0.677601191372673,3.13627254509018,-0.662741115524254,-0.858741115524254
"32",2.97595190380761,-0.514524875594967,3.13627254509018,-0.662741115524254,-0.858741115524254
"33",3.07615230460922,-0.677835461660888,3.13627254509018,-0.662741115524254,-0.858741115524254
"34",3.13627254509018,-0.680778056440744,3.13627254509018,-0.662741115524254,-0.858741115524254
"35",3.1563126252505,-0.602193489714866,3.13627254509018,-0.662741115524254,-0.858741115524254
"36",3.17635270541082,-0.78663994264914,3.13627254509018,-0.662741115524254,-0.858741115524254
"37",3.19639278557114,-0.771337398167338,3.13627254509018,-0.662741115524254,-0.858741115524254
"38",3.39679358717435,-0.894670083927151,3.13627254509018,-0.662741115524254,-0.858741115524254
"39",3.49699398797595,-0.684468593665795,3.13627254509018,-0.662741115524254,-0.858741115524254
"40",3.55711422845691,-0.639971915686365,3.13627254509018,-0.662741115524254,-0.858741115524254
"41",3.57715430861723,-0.774710383118539,3.13627254509018,-0.662741115524254,-0.858741115524254
"42",3.75751503006012,-0.766267193112546,3.13627254509018,-0.662741115524254,-0.858741115524254
"43",3.81763527054108,-0.709403840040221,3.13627254509018,-0.662741115524254,-0.858741115524254
"44",3.87775551102204,-0.752774895560593,3.13627254509018,-0.662741115524254,-0.858741115524254
"45",3.89779559118236,-0.842704193843529,3.13627254509018,-0.662741115524254,-0.858741115524254
"46",3.91783567134268,-0.775253160396086,3.13627254509018,-0.662741115524254,-0.858741115524254
"47",3.93787575150301,-0.846940141552558,3.13627254509018,-0.662741115524254,-0.858741115524254
"48",3.95791583166333,-0.661350990911936,3.13627254509018,-0.662741115524254,-0.858741115524254
"49",4.09819639278557,-0.810285950679002,3.13627254509018,-0.662741115524254,-0.858741115524254
"50",5,-0.732876565218901,3.13627254509018,-0.662741115524254,-0.858741115524254
