"","x","yplot","target","ftrue","fwrong"
"1",-4.87975951903808,0.0535924442143987,3.6372745490982,0.197874185506024,0.00187418550602372
"2",-4.43887775551102,0.137103052510245,3.6372745490982,0.197874185506024,0.00187418550602372
"3",-4.25851703406814,-0.0641883315009863,3.6372745490982,0.197874185506024,0.00187418550602372
"4",-4.13827655310621,-0.0182225175534929,3.6372745490982,0.197874185506024,0.00187418550602372
"5",-3.6372745490982,-0.135028242230692,3.6372745490982,0.197874185506024,0.00187418550602372
"6",-2.69539078156313,-0.344728048969467,3.6372745490982,0.197874185506024,0.00187418550602372
"7",-2.41482965931864,-0.569920489400694,3.6372745490982,0.197874185506024,0.00187418550602372
"8",-2.27454909819639,-0.515954089081553,3.6372745490982,0.197874185506024,0.00187418550602372
"9",-2.19438877755511,-0.657308715657926,3.6372745490982,0.197874185506024,0.00187418550602372
"10",-2.07414829659319,-0.58417286805393,3.6372745490982,0.197874185506024,0.00187418550602372
"11",-1.35270541082164,-0.738421553005984,3.6372745490982,0.197874185506024,0.00187418550602372
"12",-0.791583166332665,-0.544062352708165,3.6372745490982,0.197874185506024,0.00187418550602372
"13",0.0901803607214431,0.00984313189574673,3.6372745490982,0.197874185506024,0.00187418550602372
"14",0.150300601202405,0.166507734611517,3.6372745490982,0.197874185506024,0.00187418550602372
"15",0.210420841683367,0.10080653167785,3.6372745490982,0.197874185506024,0.00187418550602372
"16",1.53306613226453,0.662696927368354,3.6372745490982,0.197874185506024,0.00187418550602372
"17",1.63326653306613,0.881922978451582,3.6372745490982,0.197874185506024,0.00187418550602372
"18",2.13426853707415,0.714467103731483,3.6372745490982,0.197874185506024,0.00187418550602372
"19",2.73547094188377,0.572146964910494,3.6372745490982,0.197874185506024,0.00187418550602372
"20",2.95591182364729,0.366087075313946,3.6372745490982,0.197874185506024,0.00187418550602372
"21",3.31663326653307,0.423275260997451,3.6372745490982,0.197874185506024,0.00187418550602372
"22",3.51703406813627,0.173188134842864,3.6372745490982,0.197874185506024,0.00187418550602372
"23",3.53707414829659,0.393189810712776,3.6372745490982,0.197874185506024,0.00187418550602372
"24",3.57715430861723,0.338281942804268,3.6372745490982,0.197874185506024,0.00187418550602372
"25",3.95791583166333,-0.151232224319459,3.6372745490982,0.197874185506024,0.00187418550602372
"26",3.97795591182365,-0.0561497115684169,3.6372745490982,0.197874185506024,0.00187418550602372
"27",4.07815631262525,0.00555031475253176,3.6372745490982,0.197874185506024,0.00187418550602372
"28",4.69939879759519,-0.492195578546708,3.6372745490982,0.197874185506024,0.00187418550602372
"29",4.81963927855711,-0.440499914464329,3.6372745490982,0.197874185506024,0.00187418550602372
"30",4.85971943887776,-0.416138195050094,3.6372745490982,0.197874185506024,0.00187418550602372
