"","x","yplot","target","ftrue","fwrong"
"1",-4.95991983967936,-0.739140297786963,4.11823647294589,-0.616575906175469,-0.812575906175469
"2",-0.430861723446894,0.354543810047526,4.11823647294589,-0.616575906175469,-0.812575906175469
"3",1.45290581162325,-0.413060035700548,4.11823647294589,-0.616575906175469,-0.812575906175469
"4",3.13627254509018,-0.86060937634285,4.11823647294589,-0.616575906175469,-0.812575906175469
"5",3.17635270541082,-1.01691922695314,4.11823647294589,-0.616575906175469,-0.812575906175469
"6",3.43687374749499,-1.01644332172432,4.11823647294589,-0.616575906175469,-0.812575906175469
"7",3.57715430861723,-0.924795066638692,4.11823647294589,-0.616575906175469,-0.812575906175469
"8",4.01803607214429,-0.651281415662285,4.11823647294589,-0.616575906175469,-0.812575906175469
"9",4.19839679358717,-0.736304189385238,4.11823647294589,-0.616575906175469,-0.812575906175469
"10",4.25851703406814,-0.608217190749144,4.11823647294589,-0.616575906175469,-0.812575906175469
