"","x","yplot","target","ftrue","fwrong"
"1",-4.19839679358717,-0.242110128616566,2.21442885771543,0.47137259590403,0.66737259590403
"2",-3.19639278557114,0.140362269450812,2.21442885771543,0.47137259590403,0.66737259590403
"3",-3.11623246492986,0.0631199087085409,2.21442885771543,0.47137259590403,0.66737259590403
"4",-3.09619238476954,0.133218079005773,2.21442885771543,0.47137259590403,0.66737259590403
"5",-2.85571142284569,0.208939710288447,2.21442885771543,0.47137259590403,0.66737259590403
"6",-2.67535070140281,0.335902078106474,2.21442885771543,0.47137259590403,0.66737259590403
"7",-2.53507014028056,0.456799087555848,2.21442885771543,0.47137259590403,0.66737259590403
"8",-2.33466933867735,0.479047063362036,2.21442885771543,0.47137259590403,0.66737259590403
"9",-1.25250501002004,0.799354207768965,2.21442885771543,0.47137259590403,0.66737259590403
"10",0.771543086172344,0.833737102408681,2.21442885771543,0.47137259590403,0.66737259590403
"11",1.27254509018036,0.777067531435793,2.21442885771543,0.47137259590403,0.66737259590403
"12",1.29258517034068,0.702553416684047,2.21442885771543,0.47137259590403,0.66737259590403
"13",1.312625250501,0.801145635205748,2.21442885771543,0.47137259590403,0.66737259590403
"14",1.33266533066132,0.68036330266823,2.21442885771543,0.47137259590403,0.66737259590403
"15",1.43286573146293,0.616490521237647,2.21442885771543,0.47137259590403,0.66737259590403
"16",1.47294589178357,0.77185219927122,2.21442885771543,0.47137259590403,0.66737259590403
"17",1.53306613226453,0.50102588412616,2.21442885771543,0.47137259590403,0.66737259590403
"18",1.55310621242485,0.637018260994694,2.21442885771543,0.47137259590403,0.66737259590403
"19",1.61322645290581,0.689341906975057,2.21442885771543,0.47137259590403,0.66737259590403
"20",1.69338677354709,0.633784151297918,2.21442885771543,0.47137259590403,0.66737259590403
"21",1.75350701402806,0.506745836559977,2.21442885771543,0.47137259590403,0.66737259590403
"22",1.81362725450902,0.496630910094057,2.21442885771543,0.47137259590403,0.66737259590403
"23",1.85370741482966,0.558518373977077,2.21442885771543,0.47137259590403,0.66737259590403
"24",1.87374749498998,0.680153064299228,2.21442885771543,0.47137259590403,0.66737259590403
"25",1.8937875751503,0.644001587944389,2.21442885771543,0.47137259590403,0.66737259590403
"26",2.23446893787575,0.41972722289038,2.21442885771543,0.47137259590403,0.66737259590403
"27",2.25450901803607,0.528332489740717,2.21442885771543,0.47137259590403,0.66737259590403
"28",2.31462925851703,0.378348560912677,2.21442885771543,0.47137259590403,0.66737259590403
"29",2.33466933867735,0.425243505944432,2.21442885771543,0.47137259590403,0.66737259590403
"30",2.39478957915832,0.346923363868204,2.21442885771543,0.47137259590403,0.66737259590403
"31",2.41482965931864,0.71194467681036,2.21442885771543,0.47137259590403,0.66737259590403
"32",2.4749498997996,0.238257551810082,2.21442885771543,0.47137259590403,0.66737259590403
"33",2.5751503006012,0.293469967881611,2.21442885771543,0.47137259590403,0.66737259590403
"34",2.63527054108216,0.399406460044835,2.21442885771543,0.47137259590403,0.66737259590403
"35",2.65531062124249,0.326023740589569,2.21442885771543,0.47137259590403,0.66737259590403
"36",2.71543086172345,0.119090636733903,2.21442885771543,0.47137259590403,0.66737259590403
"37",2.77555110220441,0.40310427059959,2.21442885771543,0.47137259590403,0.66737259590403
"38",2.81563126252505,0.285966982952741,2.21442885771543,0.47137259590403,0.66737259590403
"39",2.83567134268537,0.152126491040737,2.21442885771543,0.47137259590403,0.66737259590403
"40",2.95591182364729,0.264579947370047,2.21442885771543,0.47137259590403,0.66737259590403
"41",2.97595190380761,0.365256324453071,2.21442885771543,0.47137259590403,0.66737259590403
"42",2.99599198396794,0.250651886646639,2.21442885771543,0.47137259590403,0.66737259590403
"43",3.13627254509018,0.182423569042525,2.21442885771543,0.47137259590403,0.66737259590403
"44",3.1563126252505,0.213139449701885,2.21442885771543,0.47137259590403,0.66737259590403
"45",3.19639278557114,0.0124882554326206,2.21442885771543,0.47137259590403,0.66737259590403
"46",3.31663326653307,0.0307893375652669,2.21442885771543,0.47137259590403,0.66737259590403
"47",3.7374749498998,-0.17686835339587,2.21442885771543,0.47137259590403,0.66737259590403
"48",3.89779559118236,-0.0599407340640661,2.21442885771543,0.47137259590403,0.66737259590403
"49",4.17835671342685,-0.238264653079242,2.21442885771543,0.47137259590403,0.66737259590403
"50",4.65931863727455,-0.514472041418841,2.21442885771543,0.47137259590403,0.66737259590403
