"","x","yplot","target","ftrue","fwrong"
"1",-4.83967935871743,-0.521083264259397,3.2565130260521,-0.631658746800554,-0.827658746800554
"2",-4.73947895791583,-0.650207191995968,3.2565130260521,-0.631658746800554,-0.827658746800554
"3",-1.59318637274549,0.0538437077656736,3.2565130260521,-0.631658746800554,-0.827658746800554
"4",-1.35270541082164,0.330626269449169,3.2565130260521,-0.631658746800554,-0.827658746800554
"5",0.450901803607215,0.753113661283425,3.2565130260521,-0.631658746800554,-0.827658746800554
"6",1.69338677354709,0.277150083998916,3.2565130260521,-0.631658746800554,-0.827658746800554
"7",1.77354709418838,0.330975533631766,3.2565130260521,-0.631658746800554,-0.827658746800554
"8",2.4749498997996,-0.381249458527131,3.2565130260521,-0.631658746800554,-0.827658746800554
"9",2.5751503006012,-0.198161096814477,3.2565130260521,-0.631658746800554,-0.827658746800554
"10",3.87775551102204,-0.822882800513269,3.2565130260521,-0.631658746800554,-0.827658746800554
