"","x","yplot","target","ftrue","fwrong"
"1",-4.75951903807615,0.327907099643926,-1.81362725450902,-0.586800522819432,-0.390800522819432
"2",-4.4188376753507,0.292517767336782,-1.81362725450902,-0.586800522819432,-0.390800522819432
"3",-4.3186372745491,0.540744796001107,-1.81362725450902,-0.586800522819432,-0.390800522819432
"4",-4.2184368737475,0.376214317299049,-1.81362725450902,-0.586800522819432,-0.390800522819432
"5",-3.75751503006012,0.213532299046813,-1.81362725450902,-0.586800522819432,-0.390800522819432
"6",-3.67735470941884,0.310304896083992,-1.81362725450902,-0.586800522819432,-0.390800522819432
"7",-2.99599198396794,-0.21023949045357,-1.81362725450902,-0.586800522819432,-0.390800522819432
"8",-2.69539078156313,-0.135030387648205,-1.81362725450902,-0.586800522819432,-0.390800522819432
"9",-2.61523046092184,-0.330274896835753,-1.81362725450902,-0.586800522819432,-0.390800522819432
"10",-2.59519038076152,-0.388471458226916,-1.81362725450902,-0.586800522819432,-0.390800522819432
"11",-2.5751503006012,-0.485742216126785,-1.81362725450902,-0.586800522819432,-0.390800522819432
"12",-2.55511022044088,-0.331422592048293,-1.81362725450902,-0.586800522819432,-0.390800522819432
"13",-2.374749498998,-0.514864955272073,-1.81362725450902,-0.586800522819432,-0.390800522819432
"14",-2.29458917835671,-0.582141581965091,-1.81362725450902,-0.586800522819432,-0.390800522819432
"15",-2.09418837675351,-0.649036022349196,-1.81362725450902,-0.586800522819432,-0.390800522819432
"16",-1.97394789579158,-0.644686037862581,-1.81362725450902,-0.586800522819432,-0.390800522819432
"17",-1.95390781563126,-0.514764347553912,-1.81362725450902,-0.586800522819432,-0.390800522819432
"18",-1.93386773547094,-0.389071624480589,-1.81362725450902,-0.586800522819432,-0.390800522819432
"19",-1.8937875751503,-0.517526267821019,-1.81362725450902,-0.586800522819432,-0.390800522819432
"20",-1.87374749498998,-0.404499932610552,-1.81362725450902,-0.586800522819432,-0.390800522819432
"21",-1.73346693386774,-0.588844692551195,-1.81362725450902,-0.586800522819432,-0.390800522819432
"22",-1.69338677354709,-0.612037850452961,-1.81362725450902,-0.586800522819432,-0.390800522819432
"23",-1.53306613226453,-0.737769259710396,-1.81362725450902,-0.586800522819432,-0.390800522819432
"24",-1.47294589178357,-0.39614727210912,-1.81362725450902,-0.586800522819432,-0.390800522819432
"25",-1.45290581162325,-0.587684535220953,-1.81362725450902,-0.586800522819432,-0.390800522819432
"26",-1.35270541082164,-0.3861420241705,-1.81362725450902,-0.586800522819432,-0.390800522819432
"27",-1.33266533066132,-0.472853329237688,-1.81362725450902,-0.586800522819432,-0.390800522819432
"28",-1.27254509018036,-0.564523168312084,-1.81362725450902,-0.586800522819432,-0.390800522819432
"29",-1.23246492985972,-0.438152040982998,-1.81362725450902,-0.586800522819432,-0.390800522819432
"30",-1.19238476953908,-0.340570624026026,-1.81362725450902,-0.586800522819432,-0.390800522819432
"31",-1.15230460921844,-0.395244322277664,-1.81362725450902,-0.586800522819432,-0.390800522819432
"32",-1.05210420841683,-0.478035914708964,-1.81362725450902,-0.586800522819432,-0.390800522819432
"33",-1.03206412825651,-0.363438936212556,-1.81362725450902,-0.586800522819432,-0.390800522819432
"34",-1.01202404809619,-0.305455290836623,-1.81362725450902,-0.586800522819432,-0.390800522819432
"35",-0.851703406813628,-0.4553134140812,-1.81362725450902,-0.586800522819432,-0.390800522819432
"36",-0.0901803607214431,0.00257722726647239,-1.81362725450902,-0.586800522819432,-0.390800522819432
"37",0.811623246492986,0.465196311073895,-1.81362725450902,-0.586800522819432,-0.390800522819432
"38",0.891783567134269,0.51327908600374,-1.81362725450902,-0.586800522819432,-0.390800522819432
"39",1.07214428857715,0.540619270193115,-1.81362725450902,-0.586800522819432,-0.390800522819432
"40",4.5190380761523,-0.731924186657865,-1.81362725450902,-0.586800522819432,-0.390800522819432
