"","x","yplot","target","ftrue","fwrong"
"1",-4.01803607214429,0.87984069798662,2.95591182364729,-0.2193786106806,-0.4153786106806
"2",-3.07615230460922,0.840784097212977,2.95591182364729,-0.2193786106806,-0.4153786106806
"3",-2.55511022044088,0.861201361795383,2.95591182364729,-0.2193786106806,-0.4153786106806
"4",-1.51302605210421,0.818310163032236,2.95591182364729,-0.2193786106806,-0.4153786106806
"5",-1.03206412825651,0.564129797298922,2.95591182364729,-0.2193786106806,-0.4153786106806
"6",-0.230460921843687,0.693152696956625,2.95591182364729,-0.2193786106806,-0.4153786106806
"7",0.250501002004007,0.471265620394278,2.95591182364729,-0.2193786106806,-0.4153786106806
"8",1.4128256513026,0.0652477994330452,2.95591182364729,-0.2193786106806,-0.4153786106806
"9",2.11422845691383,-0.194838757645266,2.95591182364729,-0.2193786106806,-0.4153786106806
"10",2.13426853707415,-0.186078334290286,2.95591182364729,-0.2193786106806,-0.4153786106806
"11",2.15430861723447,-0.0941934708630525,2.95591182364729,-0.2193786106806,-0.4153786106806
"12",2.25450901803607,-0.205038749383553,2.95591182364729,-0.2193786106806,-0.4153786106806
"13",2.31462925851703,-0.067194862247404,2.95591182364729,-0.2193786106806,-0.4153786106806
"14",2.35470941883768,-0.200462066628085,2.95591182364729,-0.2193786106806,-0.4153786106806
"15",2.374749498998,-0.260071335548291,2.95591182364729,-0.2193786106806,-0.4153786106806
"16",2.51503006012024,-0.209969081518336,2.95591182364729,-0.2193786106806,-0.4153786106806
"17",2.53507014028056,-0.140483529194441,2.95591182364729,-0.2193786106806,-0.4153786106806
"18",2.61523046092184,-0.261924715557191,2.95591182364729,-0.2193786106806,-0.4153786106806
"19",2.65531062124249,-0.140600833800363,2.95591182364729,-0.2193786106806,-0.4153786106806
"20",2.67535070140281,-0.241196446826411,2.95591182364729,-0.2193786106806,-0.4153786106806
"21",2.89579158316633,-0.271745050269285,2.95591182364729,-0.2193786106806,-0.4153786106806
"22",2.91583166332665,-0.247316893145318,2.95591182364729,-0.2193786106806,-0.4153786106806
"23",3.0561122244489,-0.298394336903572,2.95591182364729,-0.2193786106806,-0.4153786106806
"24",3.09619238476954,-0.15309334002311,2.95591182364729,-0.2193786106806,-0.4153786106806
"25",3.13627254509018,-0.280752094913152,2.95591182364729,-0.2193786106806,-0.4153786106806
"26",3.2565130260521,-0.258850548038352,2.95591182364729,-0.2193786106806,-0.4153786106806
"27",3.41683366733467,-0.108586685985983,2.95591182364729,-0.2193786106806,-0.4153786106806
"28",3.49699398797595,0.0561744438028717,2.95591182364729,-0.2193786106806,-0.4153786106806
"29",3.57715430861723,-0.0699705910134062,2.95591182364729,-0.2193786106806,-0.4153786106806
"30",3.59719438877755,-0.110707134213548,2.95591182364729,-0.2193786106806,-0.4153786106806
"31",3.61723446893788,0.00435811270960464,2.95591182364729,-0.2193786106806,-0.4153786106806
"32",3.71743486973948,0.0259040101602212,2.95591182364729,-0.2193786106806,-0.4153786106806
"33",3.75751503006012,-0.0660295519976021,2.95591182364729,-0.2193786106806,-0.4153786106806
"34",3.79759519038076,0.0054865856970637,2.95591182364729,-0.2193786106806,-0.4153786106806
"35",3.87775551102204,0.205381705516272,2.95591182364729,-0.2193786106806,-0.4153786106806
"36",3.93787575150301,0.0728573172428459,2.95591182364729,-0.2193786106806,-0.4153786106806
"37",3.95791583166333,0.235577085258542,2.95591182364729,-0.2193786106806,-0.4153786106806
"38",4.23847695390782,0.149706961206372,2.95591182364729,-0.2193786106806,-0.4153786106806
"39",4.8997995991984,0.470701957910142,2.95591182364729,-0.2193786106806,-0.4153786106806
"40",4.95991983967936,0.422346104991164,2.95591182364729,-0.2193786106806,-0.4153786106806
