"","x","yplot","target","ftrue","fwrong"
"1",-4.8997995991984,1.01029303612938,-4.59919839679359,0.81552745617151,1.01152745617151
"2",-4.85971943887776,0.91940972871667,-4.59919839679359,0.81552745617151,1.01152745617151
"3",-4.81963927855711,0.828097960329235,-4.59919839679359,0.81552745617151,1.01152745617151
"4",-4.55911823647295,0.816756904372112,-4.59919839679359,0.81552745617151,1.01152745617151
"5",-4.43887775551102,0.797383796204332,-4.59919839679359,0.81552745617151,1.01152745617151
"6",-3.91783567134269,0.585321170075171,-4.59919839679359,0.81552745617151,1.01152745617151
"7",-3.67735470941884,0.825571597390396,-4.59919839679359,0.81552745617151,1.01152745617151
"8",-3.43687374749499,0.726784948264995,-4.59919839679359,0.81552745617151,1.01152745617151
"9",-0.0901803607214431,-0.445400615477758,-4.59919839679359,0.81552745617151,1.01152745617151
"10",2.87575150300601,-0.115770793754427,-4.59919839679359,0.81552745617151,1.01152745617151
