"","x","yplot","target","ftrue","fwrong"
"1",-3.69739478957916,0.52858962546781,1.43286573146293,-0.246875258984288,-0.442875258984288
"2",-3.35671342685371,0.270423945640702,1.43286573146293,-0.246875258984288,-0.442875258984288
"3",-2.41482965931864,0.589200127319838,1.43286573146293,-0.246875258984288,-0.442875258984288
"4",-1.83366733466934,0.454392671754554,1.43286573146293,-0.246875258984288,-0.442875258984288
"5",-1.67334669338677,0.35639449599423,1.43286573146293,-0.246875258984288,-0.442875258984288
"6",-1.43286573146293,0.400507640588154,1.43286573146293,-0.246875258984288,-0.442875258984288
"7",-1.35270541082164,0.268683244244793,1.43286573146293,-0.246875258984288,-0.442875258984288
"8",-1.17234468937876,0.220532520009187,1.43286573146293,-0.246875258984288,-0.442875258984288
"9",-0.751503006012024,0.395505345939246,1.43286573146293,-0.246875258984288,-0.442875258984288
"10",-0.370741482965932,0.240510024582343,1.43286573146293,-0.246875258984288,-0.442875258984288
"11",-0.130260521042084,0.32996020512295,1.43286573146293,-0.246875258984288,-0.442875258984288
"12",0.511022044088176,0.0268619714500349,1.43286573146293,-0.246875258984288,-0.442875258984288
"13",0.531062124248497,0.0262454485687104,1.43286573146293,-0.246875258984288,-0.442875258984288
"14",0.651302605210421,-0.0513721899536362,1.43286573146293,-0.246875258984288,-0.442875258984288
"15",0.691382765531062,-0.0907002245217059,1.43286573146293,-0.246875258984288,-0.442875258984288
"16",0.731462925851703,-0.00406701074496661,1.43286573146293,-0.246875258984288,-0.442875258984288
"17",0.751503006012024,0.0947152541385491,1.43286573146293,-0.246875258984288,-0.442875258984288
"18",0.811623246492986,0.0430889344708405,1.43286573146293,-0.246875258984288,-0.442875258984288
"19",0.851703406813627,-0.233045056670206,1.43286573146293,-0.246875258984288,-0.442875258984288
"20",0.93186372745491,-0.141301906005976,1.43286573146293,-0.246875258984288,-0.442875258984288
"21",1.1122244488978,-0.0803799524824772,1.43286573146293,-0.246875258984288,-0.442875258984288
"22",1.2124248496994,-0.245603007884931,1.43286573146293,-0.246875258984288,-0.442875258984288
"23",1.23246492985972,-0.463653561181081,1.43286573146293,-0.246875258984288,-0.442875258984288
"24",1.29258517034068,-0.100154276925001,1.43286573146293,-0.246875258984288,-0.442875258984288
"25",1.39278557114228,-0.384291756547373,1.43286573146293,-0.246875258984288,-0.442875258984288
"26",1.45290581162325,-0.23520434710737,1.43286573146293,-0.246875258984288,-0.442875258984288
"27",1.57314629258517,-0.174714360902418,1.43286573146293,-0.246875258984288,-0.442875258984288
"28",1.61322645290581,-0.25148811780966,1.43286573146293,-0.246875258984288,-0.442875258984288
"29",1.77354709418838,-0.367668316571354,1.43286573146293,-0.246875258984288,-0.442875258984288
"30",1.7935871743487,-0.428616961722093,1.43286573146293,-0.246875258984288,-0.442875258984288
"31",1.87374749498998,-0.341770577025227,1.43286573146293,-0.246875258984288,-0.442875258984288
"32",1.8937875751503,-0.47851557655213,1.43286573146293,-0.246875258984288,-0.442875258984288
"33",1.9939879759519,-0.353924950630826,1.43286573146293,-0.246875258984288,-0.442875258984288
"34",2.01402805611222,-0.413417884996062,1.43286573146293,-0.246875258984288,-0.442875258984288
"35",2.09418837675351,-0.409829742530943,1.43286573146293,-0.246875258984288,-0.442875258984288
"36",2.19438877755511,-0.441210978689751,1.43286573146293,-0.246875258984288,-0.442875258984288
"37",2.29458917835671,-0.383509360275522,1.43286573146293,-0.246875258984288,-0.442875258984288
"38",2.33466933867735,-0.421729191588016,1.43286573146293,-0.246875258984288,-0.442875258984288
"39",2.374749498998,-0.340887918156634,1.43286573146293,-0.246875258984288,-0.442875258984288
"40",4.23847695390782,-0.660447823229853,1.43286573146293,-0.246875258984288,-0.442875258984288
