"","x","yplot","target","ftrue","fwrong"
"1",-4.37875751503006,-0.333598172718005,4.77955911823647,0.628760999308918,0.432760999308918
"2",-4.27855711422846,-0.507530986646521,4.77955911823647,0.628760999308918,0.432760999308918
"3",-4.19839679358717,-0.382670833149942,4.77955911823647,0.628760999308918,0.432760999308918
"4",-4.13827655310621,-0.266143749770491,4.77955911823647,0.628760999308918,0.432760999308918
"5",-3.6372745490982,-0.205958773327142,4.77955911823647,0.628760999308918,0.432760999308918
"6",-3.35671342685371,-0.144667194884848,4.77955911823647,0.628760999308918,0.432760999308918
"7",-3.31663326653307,-0.41972147898113,4.77955911823647,0.628760999308918,0.432760999308918
"8",-3.0561122244489,-0.34539086579405,4.77955911823647,0.628760999308918,0.432760999308918
"9",-1.67334669338677,0.26204242886498,4.77955911823647,0.628760999308918,0.432760999308918
"10",-1.23246492985972,0.261562003400967,4.77955911823647,0.628760999308918,0.432760999308918
"11",-0.731462925851703,0.233549787740111,4.77955911823647,0.628760999308918,0.432760999308918
"12",-0.631262525050101,0.046930573264237,4.77955911823647,0.628760999308918,0.432760999308918
"13",-0.551102204408818,0.127849893529742,4.77955911823647,0.628760999308918,0.432760999308918
"14",-0.210420841683367,0.150447617378798,4.77955911823647,0.628760999308918,0.432760999308918
"15",-0.150300601202405,0.175686390605136,4.77955911823647,0.628760999308918,0.432760999308918
"16",-0.0701402805611222,0.475200468993393,4.77955911823647,0.628760999308918,0.432760999308918
"17",0.270541082164328,0.452285620542478,4.77955911823647,0.628760999308918,0.432760999308918
"18",0.31062124248497,0.322245498815621,4.77955911823647,0.628760999308918,0.432760999308918
"19",1.65330661322645,0.29736348624861,4.77955911823647,0.628760999308918,0.432760999308918
"20",2.15430861723447,0.196512151206635,4.77955911823647,0.628760999308918,0.432760999308918
"21",2.19438877755511,0.548178717750376,4.77955911823647,0.628760999308918,0.432760999308918
"22",2.29458917835671,0.324348916203487,4.77955911823647,0.628760999308918,0.432760999308918
"23",2.33466933867735,0.305310296469023,4.77955911823647,0.628760999308918,0.432760999308918
"24",2.45490981963928,0.65292085463006,4.77955911823647,0.628760999308918,0.432760999308918
"25",3.0561122244489,0.598680044017659,4.77955911823647,0.628760999308918,0.432760999308918
"26",3.57715430861723,0.448185508190767,4.77955911823647,0.628760999308918,0.432760999308918
"27",3.71743486973948,0.717690582858185,4.77955911823647,0.628760999308918,0.432760999308918
"28",3.77755511022044,0.567192731230222,4.77955911823647,0.628760999308918,0.432760999308918
"29",3.85771543086172,0.467732851969244,4.77955911823647,0.628760999308918,0.432760999308918
"30",3.93787575150301,0.677899374132958,4.77955911823647,0.628760999308918,0.432760999308918
"31",3.99799599198397,0.445644496888839,4.77955911823647,0.628760999308918,0.432760999308918
"32",4.07815631262525,0.813949598272036,4.77955911823647,0.628760999308918,0.432760999308918
"33",4.09819639278557,0.671680455477512,4.77955911823647,0.628760999308918,0.432760999308918
"34",4.15831663326653,0.382929466887746,4.77955911823647,0.628760999308918,0.432760999308918
"35",4.17835671342685,0.63581793439024,4.77955911823647,0.628760999308918,0.432760999308918
"36",4.21843687374749,0.403518784991192,4.77955911823647,0.628760999308918,0.432760999308918
"37",4.33867735470942,0.46998395454659,4.77955911823647,0.628760999308918,0.432760999308918
"38",4.4188376753507,0.551372443160726,4.77955911823647,0.628760999308918,0.432760999308918
"39",4.61923847695391,0.765591651024846,4.77955911823647,0.628760999308918,0.432760999308918
"40",4.91983967935872,0.689031998506259,4.77955911823647,0.628760999308918,0.432760999308918
