"","x","yplot","target","ftrue","fwrong"
"1",-4.97995991983968,-1.04461046287083,-4.4188376753507,-0.81877945214164,-0.62277945214164
"2",-4.93987975951904,-0.74014390188211,-4.4188376753507,-0.81877945214164,-0.62277945214164
"3",-4.91983967935872,-1.12252472548206,-4.4188376753507,-0.81877945214164,-0.62277945214164
"4",-4.8997995991984,-0.718130253195787,-4.4188376753507,-0.81877945214164,-0.62277945214164
"5",-4.85971943887776,-0.930950308864621,-4.4188376753507,-0.81877945214164,-0.62277945214164
"6",-4.83967935871743,-0.819418740593151,-4.4188376753507,-0.81877945214164,-0.62277945214164
"7",-4.81963927855711,-0.972629890221858,-4.4188376753507,-0.81877945214164,-0.62277945214164
"8",-4.79959919839679,-0.929495696107894,-4.4188376753507,-0.81877945214164,-0.62277945214164
"9",-4.59919839679359,-0.966931747218869,-4.4188376753507,-0.81877945214164,-0.62277945214164
"10",-4.57915831663327,-0.853120851865469,-4.4188376753507,-0.81877945214164,-0.62277945214164
"11",-4.53907815631263,-0.764047960581387,-4.4188376753507,-0.81877945214164,-0.62277945214164
"12",-4.51903807615231,-0.87320868279913,-4.4188376753507,-0.81877945214164,-0.62277945214164
"13",-4.47895791583166,-0.743576497043281,-4.4188376753507,-0.81877945214164,-0.62277945214164
"14",-4.45891783567134,-0.813996713549538,-4.4188376753507,-0.81877945214164,-0.62277945214164
"15",-4.4188376753507,-0.891568225003301,-4.4188376753507,-0.81877945214164,-0.62277945214164
"16",-4.35871743486974,-0.62537971434497,-4.4188376753507,-0.81877945214164,-0.62277945214164
"17",-4.25851703406814,-0.939592901760325,-4.4188376753507,-0.81877945214164,-0.62277945214164
"18",-4.23847695390782,-0.851601809498583,-4.4188376753507,-0.81877945214164,-0.62277945214164
"19",-4.2184368737475,-0.771862379560695,-4.4188376753507,-0.81877945214164,-0.62277945214164
"20",-4.19839679358717,-0.860650508826271,-4.4188376753507,-0.81877945214164,-0.62277945214164
"21",-4.17835671342685,-0.7831937463857,-4.4188376753507,-0.81877945214164,-0.62277945214164
"22",-4.13827655310621,-0.68810236010077,-4.4188376753507,-0.81877945214164,-0.62277945214164
"23",-4.11823647294589,-0.83115447284529,-4.4188376753507,-0.81877945214164,-0.62277945214164
"24",-4.03807615230461,-0.739718082997573,-4.4188376753507,-0.81877945214164,-0.62277945214164
"25",-3.99799599198397,-0.714875585231548,-4.4188376753507,-0.81877945214164,-0.62277945214164
"26",-3.89779559118236,-0.793927149541286,-4.4188376753507,-0.81877945214164,-0.62277945214164
"27",-3.81763527054108,-0.543793004405741,-4.4188376753507,-0.81877945214164,-0.62277945214164
"28",-3.79759519038076,-0.73167311893959,-4.4188376753507,-0.81877945214164,-0.62277945214164
"29",-3.77755511022044,-0.69761187079845,-4.4188376753507,-0.81877945214164,-0.62277945214164
"30",-3.75751503006012,-0.7712968652386,-4.4188376753507,-0.81877945214164,-0.62277945214164
"31",-3.7374749498998,-0.565172943093295,-4.4188376753507,-0.81877945214164,-0.62277945214164
"32",-3.69739478957916,-0.65009725925682,-4.4188376753507,-0.81877945214164,-0.62277945214164
"33",-3.6372745490982,-0.549263569573137,-4.4188376753507,-0.81877945214164,-0.62277945214164
"34",-3.53707414829659,-0.689246372425884,-4.4188376753507,-0.81877945214164,-0.62277945214164
"35",-3.43687374749499,-0.487864640497948,-4.4188376753507,-0.81877945214164,-0.62277945214164
"36",-2.61523046092184,-0.150250855921121,-4.4188376753507,-0.81877945214164,-0.62277945214164
"37",-2.05410821643287,-0.217283462053871,-4.4188376753507,-0.81877945214164,-0.62277945214164
"38",-1.83366733466934,0.180333523781296,-4.4188376753507,-0.81877945214164,-0.62277945214164
"39",-0.0300601202404813,0.391130845047596,-4.4188376753507,-0.81877945214164,-0.62277945214164
"40",0.470941883767535,0.681456129669136,-4.4188376753507,-0.81877945214164,-0.62277945214164
"41",0.511022044088176,0.562966233467713,-4.4188376753507,-0.81877945214164,-0.62277945214164
"42",0.771543086172344,0.81620369792072,-4.4188376753507,-0.81877945214164,-0.62277945214164
"43",2.11422845691383,1.03607335998131,-4.4188376753507,-0.81877945214164,-0.62277945214164
"44",2.71543086172345,0.957051732486861,-4.4188376753507,-0.81877945214164,-0.62277945214164
"45",2.89579158316633,1.02822379373077,-4.4188376753507,-0.81877945214164,-0.62277945214164
"46",3.2565130260521,0.812110299833071,-4.4188376753507,-0.81877945214164,-0.62277945214164
"47",4.11823647294589,0.970033897780643,-4.4188376753507,-0.81877945214164,-0.62277945214164
"48",4.15831663326653,0.873852043644981,-4.4188376753507,-0.81877945214164,-0.62277945214164
"49",4.4188376753507,0.872638601017735,-4.4188376753507,-0.81877945214164,-0.62277945214164
"50",4.43887775551102,0.584575454180106,-4.4188376753507,-0.81877945214164,-0.62277945214164
