"","x","yplot","target","ftrue","fwrong"
"1",-5,-0.336477756687091,-3.71743486973948,0.114470961382266,-0.0815290386177342
"2",-4.63927855711423,-0.28310702482581,-3.71743486973948,0.114470961382266,-0.0815290386177342
"3",-4.53907815631263,-0.216217697986787,-3.71743486973948,0.114470961382266,-0.0815290386177342
"4",-4.13827655310621,-0.240490318680551,-3.71743486973948,0.114470961382266,-0.0815290386177342
"5",-3.85771543086172,0.299176000052291,-3.71743486973948,0.114470961382266,-0.0815290386177342
"6",-3.81763527054108,0.0585060727533481,-3.71743486973948,0.114470961382266,-0.0815290386177342
"7",-3.71743486973948,0.117730613413431,-3.71743486973948,0.114470961382266,-0.0815290386177342
"8",-3.51703406813627,0.313216913689902,-3.71743486973948,0.114470961382266,-0.0815290386177342
"9",-3.0561122244489,0.485637380928687,-3.71743486973948,0.114470961382266,-0.0815290386177342
"10",-3.01603206412826,0.577150607910163,-3.71743486973948,0.114470961382266,-0.0815290386177342
"11",-2.49498997995992,0.547749173879364,-3.71743486973948,0.114470961382266,-0.0815290386177342
"12",-2.45490981963928,0.503304639640366,-3.71743486973948,0.114470961382266,-0.0815290386177342
"13",-2.374749498998,0.600274585400339,-3.71743486973948,0.114470961382266,-0.0815290386177342
"14",-2.01402805611222,0.722106209315316,-3.71743486973948,0.114470961382266,-0.0815290386177342
"15",-1.81362725450902,0.93502210946774,-3.71743486973948,0.114470961382266,-0.0815290386177342
"16",-1.77354709418838,0.817928765798406,-3.71743486973948,0.114470961382266,-0.0815290386177342
"17",-1.69338677354709,0.832091403022005,-3.71743486973948,0.114470961382266,-0.0815290386177342
"18",-1.63326653306613,0.919633055681347,-3.71743486973948,0.114470961382266,-0.0815290386177342
"19",-1.59318637274549,1.0347741009113,-3.71743486973948,0.114470961382266,-0.0815290386177342
"20",-1.53306613226453,0.820385305128241,-3.71743486973948,0.114470961382266,-0.0815290386177342
"21",-1.312625250501,1.03413655885576,-3.71743486973948,0.114470961382266,-0.0815290386177342
"22",-0.871743486973948,0.858927879184643,-3.71743486973948,0.114470961382266,-0.0815290386177342
"23",0.110220440881763,0.565286829485334,-3.71743486973948,0.114470961382266,-0.0815290386177342
"24",0.150300601202405,0.288323101801889,-3.71743486973948,0.114470961382266,-0.0815290386177342
"25",0.390781563126252,0.388513445888053,-3.71743486973948,0.114470961382266,-0.0815290386177342
"26",0.93186372745491,0.0495422392055831,-3.71743486973948,0.114470961382266,-0.0815290386177342
"27",1.1122244488978,0.126988545690621,-3.71743486973948,0.114470961382266,-0.0815290386177342
"28",1.29258517034068,-0.0234876749591248,-3.71743486973948,0.114470961382266,-0.0815290386177342
"29",1.95390781563126,-0.206842382165074,-3.71743486973948,0.114470961382266,-0.0815290386177342
"30",2.63527054108216,-0.319309066668706,-3.71743486973948,0.114470961382266,-0.0815290386177342
