"","x","yplot","target","ftrue","fwrong"
"1",-4.97995991983968,0.631808958265226,0.651302605210421,-0.780680561705579,-0.976680561705579
"2",-4.61923847695391,0.79880921848852,0.651302605210421,-0.780680561705579,-0.976680561705579
"3",-3.79759519038076,0.56691170827315,0.651302605210421,-0.780680561705579,-0.976680561705579
"4",-3.71743486973948,0.582715061287405,0.651302605210421,-0.780680561705579,-0.976680561705579
"5",-0.651302605210421,-0.278572205903328,0.651302605210421,-0.780680561705579,-0.976680561705579
"6",-0.31062124248497,-0.66692827521386,0.651302605210421,-0.780680561705579,-0.976680561705579
"7",-0.290581162324649,-0.49751334609438,0.651302605210421,-0.780680561705579,-0.976680561705579
"8",-0.270541082164329,-0.296143041929606,0.651302605210421,-0.780680561705579,-0.976680561705579
"9",0.150300601202405,-0.629840890804765,0.651302605210421,-0.780680561705579,-0.976680561705579
"10",0.230460921843687,-0.623490350855291,0.651302605210421,-0.780680561705579,-0.976680561705579
"11",0.270541082164328,-0.704338058915252,0.651302605210421,-0.780680561705579,-0.976680561705579
"12",0.350701402805611,-0.640224895839897,0.651302605210421,-0.780680561705579,-0.976680561705579
"13",0.370741482965932,-0.843418476746263,0.651302605210421,-0.780680561705579,-0.976680561705579
"14",0.470941883767535,-0.872668334819617,0.651302605210421,-0.780680561705579,-0.976680561705579
"15",0.531062124248497,-0.749865347417682,0.651302605210421,-0.780680561705579,-0.976680561705579
"16",0.551102204408817,-0.600210840030434,0.651302605210421,-0.780680561705579,-0.976680561705579
"17",0.611222444889779,-0.84746225032359,0.651302605210421,-0.780680561705579,-0.976680561705579
"18",0.651302605210421,-0.733380503875694,0.651302605210421,-0.780680561705579,-0.976680561705579
"19",0.711422845691382,-0.797412390893134,0.651302605210421,-0.780680561705579,-0.976680561705579
"20",0.851703406813627,-0.813212445833124,0.651302605210421,-0.780680561705579,-0.976680561705579
"21",0.93186372745491,-0.61860346959004,0.651302605210421,-0.780680561705579,-0.976680561705579
"22",1.01202404809619,-0.92413319589892,0.651302605210421,-0.780680561705579,-0.976680561705579
"23",1.15230460921844,-1.00190716488759,0.651302605210421,-0.780680561705579,-0.976680561705579
"24",1.19238476953908,-1.0574912522038,0.651302605210421,-0.780680561705579,-0.976680561705579
"25",1.2124248496994,-0.872463546313315,0.651302605210421,-0.780680561705579,-0.976680561705579
"26",1.23246492985972,-0.723568019787775,0.651302605210421,-0.780680561705579,-0.976680561705579
"27",1.25250501002004,-0.952858577254844,0.651302605210421,-0.780680561705579,-0.976680561705579
"28",1.27254509018036,-0.889842939201361,0.651302605210421,-0.780680561705579,-0.976680561705579
"29",1.29258517034068,-0.86879259983795,0.651302605210421,-0.780680561705579,-0.976680561705579
"30",1.33266533066132,-0.847647765735495,0.651302605210421,-0.780680561705579,-0.976680561705579
"31",1.39278557114228,-1.11683590899472,0.651302605210421,-0.780680561705579,-0.976680561705579
"32",1.59318637274549,-0.855906515547669,0.651302605210421,-0.780680561705579,-0.976680561705579
"33",1.61322645290581,-0.792934217669941,0.651302605210421,-0.780680561705579,-0.976680561705579
"34",1.97394789579158,-1.04023517934341,0.651302605210421,-0.780680561705579,-0.976680561705579
"35",2.15430861723447,-0.885325350418609,0.651302605210421,-0.780680561705579,-0.976680561705579
"36",3.03607214428858,-1.06686393897255,0.651302605210421,-0.780680561705579,-0.976680561705579
"37",3.27655310621243,-0.725770811614243,0.651302605210421,-0.780680561705579,-0.976680561705579
"38",4.07815631262525,-0.780355937273784,0.651302605210421,-0.780680561705579,-0.976680561705579
"39",4.13827655310621,-0.622059884601182,0.651302605210421,-0.780680561705579,-0.976680561705579
"40",5,-0.502629893536461,0.651302605210421,-0.780680561705579,-0.976680561705579
