"","x","yplot","target","ftrue","fwrong"
"1",-5,-0.014159002600188,-4.47895791583166,0.031852326722073,0.227852326722073
"2",-4.93987975951904,-0.0654371711210997,-4.47895791583166,0.031852326722073,0.227852326722073
"3",-4.87975951903808,-0.000128074299326692,-4.47895791583166,0.031852326722073,0.227852326722073
"4",-4.57915831663327,0.0938844092579581,-4.47895791583166,0.031852326722073,0.227852326722073
"5",-4.55911823647295,-0.0476088473307869,-4.47895791583166,0.031852326722073,0.227852326722073
"6",-4.49899799599198,0.127278013004021,-4.47895791583166,0.031852326722073,0.227852326722073
"7",-4.47895791583166,0.0340023291172489,-4.47895791583166,0.031852326722073,0.227852326722073
"8",-4.45891783567134,0.113899430447914,-4.47895791583166,0.031852326722073,0.227852326722073
"9",-4.29859719438878,-0.0963378566979064,-4.47895791583166,0.031852326722073,0.227852326722073
"10",-4.2184368737475,0.286115980630173,-4.47895791583166,0.031852326722073,0.227852326722073
"11",-4.07815631262525,0.155857308712968,-4.47895791583166,0.031852326722073,0.227852326722073
"12",-4.05811623246493,0.103125419791566,-4.47895791583166,0.031852326722073,0.227852326722073
"13",-3.81763527054108,0.395686702872415,-4.47895791583166,0.031852326722073,0.227852326722073
"14",-3.79759519038076,0.0916579799987525,-4.47895791583166,0.031852326722073,0.227852326722073
"15",-3.77755511022044,0.234481654562077,-4.47895791583166,0.031852326722073,0.227852326722073
"16",-3.75751503006012,0.282660908323896,-4.47895791583166,0.031852326722073,0.227852326722073
"17",-3.7374749498998,0.0663250338913775,-4.47895791583166,0.031852326722073,0.227852326722073
"18",-3.65731462925852,0.206474766707947,-4.47895791583166,0.031852326722073,0.227852326722073
"19",-3.6372745490982,0.222156349172308,-4.47895791583166,0.031852326722073,0.227852326722073
"20",-3.57715430861723,0.242135971903455,-4.47895791583166,0.031852326722073,0.227852326722073
"21",-3.51703406813627,0.155872198715356,-4.47895791583166,0.031852326722073,0.227852326722073
"22",-0.93186372745491,0.369578732895159,-4.47895791583166,0.031852326722073,0.227852326722073
"23",0.871743486973948,0.387250692103632,-4.47895791583166,0.031852326722073,0.227852326722073
"24",1.07214428857715,0.444470900483126,-4.47895791583166,0.031852326722073,0.227852326722073
"25",1.35270541082164,0.574355935763064,-4.47895791583166,0.031852326722073,0.227852326722073
"26",1.47294589178357,0.675103734248177,-4.47895791583166,0.031852326722073,0.227852326722073
"27",1.95390781563126,0.901876480522727,-4.47895791583166,0.031852326722073,0.227852326722073
"28",2.13426853707415,0.502264191455192,-4.47895791583166,0.031852326722073,0.227852326722073
"29",2.15430861723447,0.309109635830948,-4.47895791583166,0.031852326722073,0.227852326722073
"30",4.05811623246493,-0.188288336088446,-4.47895791583166,0.031852326722073,0.227852326722073
