"","x","yplot","target","ftrue","fwrong"
"1",-2.49498997995992,0.0858485473785438,0.751503006012024,-0.938826809332395,-0.742826809332396
"2",-0.410821643286574,-0.869703707438392,0.751503006012024,-0.938826809332395,-0.742826809332396
"3",0.0501002004008013,-0.920270833946498,0.751503006012024,-0.938826809332395,-0.742826809332396
"4",0.571142284569138,-1.0351091304091,0.751503006012024,-0.938826809332395,-0.742826809332396
"5",0.691382765531062,-1.03176174919799,0.751503006012024,-0.938826809332395,-0.742826809332396
"6",0.991983967935871,-1.0408564146386,0.751503006012024,-0.938826809332395,-0.742826809332396
"7",1.1122244488978,-0.995215850652543,0.751503006012024,-0.938826809332395,-0.742826809332396
"8",1.33266533066132,-0.917934043350283,0.751503006012024,-0.938826809332395,-0.742826809332396
"9",1.47294589178357,-0.906447036063102,0.751503006012024,-0.938826809332395,-0.742826809332396
"10",3.77755511022044,0.00415980123391042,0.751503006012024,-0.938826809332395,-0.742826809332396
