"","x","yplot","target","ftrue","fwrong"
"1",-4.49899799599198,0.32406686625864,-1.57314629258517,0.201014639624167,0.0050146396241674
"2",-3.0561122244489,-0.173511879997105,-1.57314629258517,0.201014639624167,0.0050146396241674
"3",-2.87575150300601,-0.157278230132064,-1.57314629258517,0.201014639624167,0.0050146396241674
"4",-2.55511022044088,-0.285159658477828,-1.57314629258517,0.201014639624167,0.0050146396241674
"5",-2.43486973947896,-0.0809411933512242,-1.57314629258517,0.201014639624167,0.0050146396241674
"6",-2.33466933867735,-0.283116034216511,-1.57314629258517,0.201014639624167,0.0050146396241674
"7",-2.25450901803607,-0.0956575062895111,-1.57314629258517,0.201014639624167,0.0050146396241674
"8",-2.21442885771543,-0.114753248988099,-1.57314629258517,0.201014639624167,0.0050146396241674
"9",-2.19438877755511,-0.162515023469572,-1.57314629258517,0.201014639624167,0.0050146396241674
"10",-2.15430861723447,-0.0825266279176828,-1.57314629258517,0.201014639624167,0.0050146396241674
"11",-2.03406813627255,-0.0910098221201744,-1.57314629258517,0.201014639624167,0.0050146396241674
"12",-2.01402805611222,-0.0125067621072534,-1.57314629258517,0.201014639624167,0.0050146396241674
"13",-1.8937875751503,0.272772249658855,-1.57314629258517,0.201014639624167,0.0050146396241674
"14",-1.73346693386774,0.181242286300046,-1.57314629258517,0.201014639624167,0.0050146396241674
"15",-1.71342685370742,0.145104496264002,-1.57314629258517,0.201014639624167,0.0050146396241674
"16",-1.61322645290581,0.22659824318454,-1.57314629258517,0.201014639624167,0.0050146396241674
"17",-1.57314629258517,0.208634859776719,-1.57314629258517,0.201014639624167,0.0050146396241674
"18",-1.53306613226453,0.392092769820577,-1.57314629258517,0.201014639624167,0.0050146396241674
"19",-1.49298597194389,0.152299419897987,-1.57314629258517,0.201014639624167,0.0050146396241674
"20",-1.45290581162325,0.184480887696095,-1.57314629258517,0.201014639624167,0.0050146396241674
"21",-1.41282565130261,0.358736263554033,-1.57314629258517,0.201014639624167,0.0050146396241674
"22",-1.35270541082164,0.128070301877743,-1.57314629258517,0.201014639624167,0.0050146396241674
"23",-1.23246492985972,0.290036508574478,-1.57314629258517,0.201014639624167,0.0050146396241674
"24",-1.19238476953908,0.336548789978581,-1.57314629258517,0.201014639624167,0.0050146396241674
"25",-1.17234468937876,0.206545678044276,-1.57314629258517,0.201014639624167,0.0050146396241674
"26",-1.09218436873748,0.385839454005547,-1.57314629258517,0.201014639624167,0.0050146396241674
"27",-1.07214428857715,0.317528965124345,-1.57314629258517,0.201014639624167,0.0050146396241674
"28",-1.05210420841683,0.349028032268806,-1.57314629258517,0.201014639624167,0.0050146396241674
"29",-0.991983967935872,0.218930061692952,-1.57314629258517,0.201014639624167,0.0050146396241674
"30",-0.971943887775551,0.293647618776701,-1.57314629258517,0.201014639624167,0.0050146396241674
"31",-0.95190380761523,0.444583804270049,-1.57314629258517,0.201014639624167,0.0050146396241674
"32",-0.93186372745491,0.253337557422975,-1.57314629258517,0.201014639624167,0.0050146396241674
"33",-0.891783567134269,0.363349170827769,-1.57314629258517,0.201014639624167,0.0050146396241674
"34",-0.831663326653307,0.186489524285961,-1.57314629258517,0.201014639624167,0.0050146396241674
"35",-0.731462925851703,0.18998222097391,-1.57314629258517,0.201014639624167,0.0050146396241674
"36",-0.711422845691383,0.523190419196653,-1.57314629258517,0.201014639624167,0.0050146396241674
"37",-0.651302605210421,0.332193720723245,-1.57314629258517,0.201014639624167,0.0050146396241674
"38",-0.591182364729459,0.21107521931604,-1.57314629258517,0.201014639624167,0.0050146396241674
"39",-0.551102204408818,0.243806141049245,-1.57314629258517,0.201014639624167,0.0050146396241674
"40",0.551102204408817,-0.374345701013511,-1.57314629258517,0.201014639624167,0.0050146396241674
"41",0.711422845691382,-0.453911298558409,-1.57314629258517,0.201014639624167,0.0050146396241674
"42",1.03206412825651,-0.728038807559429,-1.57314629258517,0.201014639624167,0.0050146396241674
"43",1.19238476953908,-0.73643742989055,-1.57314629258517,0.201014639624167,0.0050146396241674
"44",1.91382765531062,-0.99837485899231,-1.57314629258517,0.201014639624167,0.0050146396241674
"45",4.01803607214429,0.0223207597433907,-1.57314629258517,0.201014639624167,0.0050146396241674
"46",4.4188376753507,0.262867161541216,-1.57314629258517,0.201014639624167,0.0050146396241674
"47",4.47895791583166,0.286185429286935,-1.57314629258517,0.201014639624167,0.0050146396241674
"48",4.63927855711423,0.424003528452843,-1.57314629258517,0.201014639624167,0.0050146396241674
"49",4.77955911823647,0.772440422823597,-1.57314629258517,0.201014639624167,0.0050146396241674
"50",4.79959919839679,0.475915416680983,-1.57314629258517,0.201014639624167,0.0050146396241674
