"","x","yplot","target","ftrue","fwrong"
"1",-4.33867735470942,0.857897720434731,2.53507014028056,0.0255349398858995,-0.170465060114101
"2",-3.6372745490982,0.646284098061764,2.53507014028056,0.0255349398858995,-0.170465060114101
"3",-2.87575150300601,0.652089935650748,2.53507014028056,0.0255349398858995,-0.170465060114101
"4",-2.85571142284569,0.462912611065202,2.53507014028056,0.0255349398858995,-0.170465060114101
"5",-1.75350701402806,0.461994049947115,2.53507014028056,0.0255349398858995,-0.170465060114101
"6",-1.73346693386774,0.501293851746294,2.53507014028056,0.0255349398858995,-0.170465060114101
"7",-0.891783567134269,0.338393197170863,2.53507014028056,0.0255349398858995,-0.170465060114101
"8",-0.470941883767535,0.426118065783043,2.53507014028056,0.0255349398858995,-0.170465060114101
"9",-0.150300601202405,0.294399858470364,2.53507014028056,0.0255349398858995,-0.170465060114101
"10",0.731462925851703,0.253303998816958,2.53507014028056,0.0255349398858995,-0.170465060114101
"11",1.43286573146293,0.319460513769172,2.53507014028056,0.0255349398858995,-0.170465060114101
"12",1.49298597194389,0.357013240322999,2.53507014028056,0.0255349398858995,-0.170465060114101
"13",1.67334669338677,0.346674850020184,2.53507014028056,0.0255349398858995,-0.170465060114101
"14",1.69338677354709,0.186073801765411,2.53507014028056,0.0255349398858995,-0.170465060114101
"15",1.7935871743487,0.142574556152822,2.53507014028056,0.0255349398858995,-0.170465060114101
"16",1.83366733466934,0.0832612265843761,2.53507014028056,0.0255349398858995,-0.170465060114101
"17",1.85370741482966,0.385513289393265,2.53507014028056,0.0255349398858995,-0.170465060114101
"18",1.8937875751503,0.308452440161906,2.53507014028056,0.0255349398858995,-0.170465060114101
"19",2.03406813627254,0.132769963719414,2.53507014028056,0.0255349398858995,-0.170465060114101
"20",2.11422845691383,0.323260700402623,2.53507014028056,0.0255349398858995,-0.170465060114101
"21",2.13426853707415,0.104834347590221,2.53507014028056,0.0255349398858995,-0.170465060114101
"22",2.15430861723447,0.155186748589813,2.53507014028056,0.0255349398858995,-0.170465060114101
"23",2.17434869739479,0.0567715299989174,2.53507014028056,0.0255349398858995,-0.170465060114101
"24",2.19438877755511,-0.0109208308871089,2.53507014028056,0.0255349398858995,-0.170465060114101
"25",2.45490981963928,0.0162268949830455,2.53507014028056,0.0255349398858995,-0.170465060114101
"26",2.49498997995992,0.0436815080557001,2.53507014028056,0.0255349398858995,-0.170465060114101
"27",2.67535070140281,-0.170855887176229,2.53507014028056,0.0255349398858995,-0.170465060114101
"28",2.69539078156313,0.00748311640559598,2.53507014028056,0.0255349398858995,-0.170465060114101
"29",2.75551102204409,0.0167633061302581,2.53507014028056,0.0255349398858995,-0.170465060114101
"30",2.79559118236473,-0.133940551801734,2.53507014028056,0.0255349398858995,-0.170465060114101
"31",2.83567134268537,-0.0035279666136187,2.53507014028056,0.0255349398858995,-0.170465060114101
"32",2.85571142284569,0.0178574861371912,2.53507014028056,0.0255349398858995,-0.170465060114101
"33",2.87575150300601,-0.0593399131379688,2.53507014028056,0.0255349398858995,-0.170465060114101
"34",2.91583166332665,0.0787506345675179,2.53507014028056,0.0255349398858995,-0.170465060114101
"35",2.95591182364729,-0.127243106649852,2.53507014028056,0.0255349398858995,-0.170465060114101
"36",2.99599198396794,-0.235940763767134,2.53507014028056,0.0255349398858995,-0.170465060114101
"37",3.0561122244489,-0.20507429216532,2.53507014028056,0.0255349398858995,-0.170465060114101
"38",3.13627254509018,-0.0420951440557824,2.53507014028056,0.0255349398858995,-0.170465060114101
"39",3.2565130260521,-0.29865653786354,2.53507014028056,0.0255349398858995,-0.170465060114101
"40",3.31663326653307,-0.124586341863438,2.53507014028056,0.0255349398858995,-0.170465060114101
