"","x","yplot","target","ftrue","fwrong"
"1",-4.27855711422846,-0.381584653728426,1.51302605210421,-0.179557557708232,0.0164424422917676
"2",-3.87775551102204,-0.590956241295142,1.51302605210421,-0.179557557708232,0.0164424422917676
"3",-2.03406813627255,0.322186334017612,1.51302605210421,-0.179557557708232,0.0164424422917676
"4",0.571142284569138,-0.323283613742776,1.51302605210421,-0.179557557708232,0.0164424422917676
"5",0.611222444889779,-0.26732879962208,1.51302605210421,-0.179557557708232,0.0164424422917676
"6",0.651302605210421,-0.348105870776717,1.51302605210421,-0.179557557708232,0.0164424422917676
"7",0.771543086172344,-0.30774081077651,1.51302605210421,-0.179557557708232,0.0164424422917676
"8",0.95190380761523,-0.303978269682913,1.51302605210421,-0.179557557708232,0.0164424422917676
"9",0.991983967935871,-0.288914519909386,1.51302605210421,-0.179557557708232,0.0164424422917676
"10",1.29258517034068,-0.439671780418947,1.51302605210421,-0.179557557708232,0.0164424422917676
"11",1.53306613226453,-0.204163396413555,1.51302605210421,-0.179557557708232,0.0164424422917676
"12",1.55310621242485,0.0194677418884977,1.51302605210421,-0.179557557708232,0.0164424422917676
"13",1.7935871743487,-0.182630520579933,1.51302605210421,-0.179557557708232,0.0164424422917676
"14",2.21442885771543,0.0504803826463473,1.51302605210421,-0.179557557708232,0.0164424422917676
"15",2.31462925851703,0.275100480836969,1.51302605210421,-0.179557557708232,0.0164424422917676
"16",2.33466933867735,0.294850726169833,1.51302605210421,-0.179557557708232,0.0164424422917676
"17",2.4749498997996,0.35230179685814,1.51302605210421,-0.179557557708232,0.0164424422917676
"18",3.79759519038076,0.466935587294128,1.51302605210421,-0.179557557708232,0.0164424422917676
"19",4.03807615230461,0.521364857085102,1.51302605210421,-0.179557557708232,0.0164424422917676
"20",4.3186372745491,0.321867224332301,1.51302605210421,-0.179557557708232,0.0164424422917676
