"","x","yplot","target","ftrue","fwrong"
"1",-4.65931863727455,0.464012093684045,-3.91783567134269,0.812357455009893,1.00835745500989
"2",-4.51903807615231,0.570805351237835,-3.91783567134269,0.812357455009893,1.00835745500989
"3",-4.4188376753507,0.616473020806614,-3.91783567134269,0.812357455009893,1.00835745500989
"4",-4.29859719438878,0.661154815514285,-3.91783567134269,0.812357455009893,1.00835745500989
"5",-4.2184368737475,0.613073017070411,-3.91783567134269,0.812357455009893,1.00835745500989
"6",-4.19839679358717,0.535191910459509,-3.91783567134269,0.812357455009893,1.00835745500989
"7",-3.95791583166333,0.873727163615383,-3.91783567134269,0.812357455009893,1.00835745500989
"8",-3.57715430861723,1.13358055762414,-3.91783567134269,0.812357455009893,1.00835745500989
"9",-3.49699398797595,0.9116612201887,-3.91783567134269,0.812357455009893,1.00835745500989
"10",-3.43687374749499,0.789787180392764,-3.91783567134269,0.812357455009893,1.00835745500989
"11",-3.01603206412826,0.787325948292149,-3.91783567134269,0.812357455009893,1.00835745500989
"12",-2.95591182364729,0.951982595705671,-3.91783567134269,0.812357455009893,1.00835745500989
"13",-2.374749498998,0.429971937866861,-3.91783567134269,0.812357455009893,1.00835745500989
"14",-2.23446893787575,0.523647973807398,-3.91783567134269,0.812357455009893,1.00835745500989
"15",-2.13426853707415,0.545820660339355,-3.91783567134269,0.812357455009893,1.00835745500989
"16",-2.09418837675351,0.318673785746975,-3.91783567134269,0.812357455009893,1.00835745500989
"17",-1.1122244488978,-0.0741653493481053,-3.91783567134269,0.812357455009893,1.00835745500989
"18",-1.05210420841683,-0.176035872925042,-3.91783567134269,0.812357455009893,1.00835745500989
"19",-0.490981963927856,-0.127071468312383,-3.91783567134269,0.812357455009893,1.00835745500989
"20",-0.390781563126253,-0.0999693748456016,-3.91783567134269,0.812357455009893,1.00835745500989
"21",-0.31062124248497,-0.252818759351907,-3.91783567134269,0.812357455009893,1.00835745500989
"22",-0.130260521042084,-0.144077975958783,-3.91783567134269,0.812357455009893,1.00835745500989
"23",-0.0701402805611222,-0.108688225669884,-3.91783567134269,0.812357455009893,1.00835745500989
"24",-0.0100200400801604,-0.358272194012634,-3.91783567134269,0.812357455009893,1.00835745500989
"25",0.0701402805611222,-0.178988278400926,-3.91783567134269,0.812357455009893,1.00835745500989
"26",0.33066132264529,-0.0348034528651372,-3.91783567134269,0.812357455009893,1.00835745500989
"27",0.490981963927855,0.0191451214065521,-3.91783567134269,0.812357455009893,1.00835745500989
"28",0.551102204408817,-0.209179906654589,-3.91783567134269,0.812357455009893,1.00835745500989
"29",1.43286573146293,-0.0952127236388058,-3.91783567134269,0.812357455009893,1.00835745500989
"30",1.85370741482966,0.240741631175952,-3.91783567134269,0.812357455009893,1.00835745500989
"31",1.91382765531062,0.214869777059744,-3.91783567134269,0.812357455009893,1.00835745500989
"32",2.5751503006012,-0.172643731587374,-3.91783567134269,0.812357455009893,1.00835745500989
"33",2.97595190380761,-0.219675730241327,-3.91783567134269,0.812357455009893,1.00835745500989
"34",3.51703406813627,-0.244142079673062,-3.91783567134269,0.812357455009893,1.00835745500989
"35",3.53707414829659,-0.525951288421426,-3.91783567134269,0.812357455009893,1.00835745500989
"36",3.71743486973948,-0.620762041945387,-3.91783567134269,0.812357455009893,1.00835745500989
"37",3.81763527054108,-0.444022713663084,-3.91783567134269,0.812357455009893,1.00835745500989
"38",3.95791583166333,-0.563944975809946,-3.91783567134269,0.812357455009893,1.00835745500989
"39",4.09819639278557,-0.628904237939682,-3.91783567134269,0.812357455009893,1.00835745500989
"40",4.49899799599198,-0.735055863912959,-3.91783567134269,0.812357455009893,1.00835745500989
