"","x","yplot","target","ftrue","fwrong"
"1",-4.33867735470942,0.712042279145205,0.93186372745491,-0.570958431309982,-0.374958431309982
"2",-3.97795591182365,0.595309936208167,0.93186372745491,-0.570958431309982,-0.374958431309982
"3",-2.75551102204409,0.33011634983487,0.93186372745491,-0.570958431309982,-0.374958431309982
"4",-0.991983967935872,-0.374547266041548,0.93186372745491,-0.570958431309982,-0.374958431309982
"5",-0.0501002004008022,-0.558783275704237,0.93186372745491,-0.570958431309982,-0.374958431309982
"6",-0.0100200400801604,-0.55501098117711,0.93186372745491,-0.570958431309982,-0.374958431309982
"7",0.150300601202405,-0.338850309569547,0.93186372745491,-0.570958431309982,-0.374958431309982
"8",0.250501002004007,-0.512395962016907,0.93186372745491,-0.570958431309982,-0.374958431309982
"9",0.270541082164328,-0.489351932188109,0.93186372745491,-0.570958431309982,-0.374958431309982
"10",0.410821643286573,-0.501061409292773,0.93186372745491,-0.570958431309982,-0.374958431309982
"11",0.490981963927855,-0.648726615109484,0.93186372745491,-0.570958431309982,-0.374958431309982
"12",0.511022044088176,-0.45197397292705,0.93186372745491,-0.570958431309982,-0.374958431309982
"13",0.551102204408817,-0.63938632283224,0.93186372745491,-0.570958431309982,-0.374958431309982
"14",0.651302605210421,-0.519143135688092,0.93186372745491,-0.570958431309982,-0.374958431309982
"15",0.811623246492986,-0.518557807789638,0.93186372745491,-0.570958431309982,-0.374958431309982
"16",0.891783567134269,-0.531021462670674,0.93186372745491,-0.570958431309982,-0.374958431309982
"17",0.971943887775551,-0.721632356033835,0.93186372745491,-0.570958431309982,-0.374958431309982
"18",1.25250501002004,-0.520094538413343,0.93186372745491,-0.570958431309982,-0.374958431309982
"19",1.27254509018036,-0.404202561667135,0.93186372745491,-0.570958431309982,-0.374958431309982
"20",1.39278557114228,-0.622728372466891,0.93186372745491,-0.570958431309982,-0.374958431309982
"21",1.45290581162325,-0.516433114683862,0.93186372745491,-0.570958431309982,-0.374958431309982
"22",1.75350701402806,-0.745490423456281,0.93186372745491,-0.570958431309982,-0.374958431309982
"23",1.77354709418838,-0.619145889594456,0.93186372745491,-0.570958431309982,-0.374958431309982
"24",1.87374749498998,-0.578456828509704,0.93186372745491,-0.570958431309982,-0.374958431309982
"25",1.8937875751503,-0.441091612514618,0.93186372745491,-0.570958431309982,-0.374958431309982
"26",2.81563126252505,-0.450790528127289,0.93186372745491,-0.570958431309982,-0.374958431309982
"27",3.69739478957916,-0.441988401548073,0.93186372745491,-0.570958431309982,-0.374958431309982
"28",4.13827655310621,-0.574634360269081,0.93186372745491,-0.570958431309982,-0.374958431309982
"29",4.27855711422846,-0.296274871659544,0.93186372745491,-0.570958431309982,-0.374958431309982
"30",4.57915831663327,-0.564054158222925,0.93186372745491,-0.570958431309982,-0.374958431309982
