"","x","yplot","target","ftrue","fwrong"
"1",-4.65931863727455,0.307039774619064,3.1563126252505,0.90684605765508,1.10284605765508
"2",-4.29859719438878,0.221244865606168,3.1563126252505,0.90684605765508,1.10284605765508
"3",-3.09619238476954,0.261152740738965,3.1563126252505,0.90684605765508,1.10284605765508
"4",-2.43486973947896,-0.199229284823927,3.1563126252505,0.90684605765508,1.10284605765508
"5",-2.25450901803607,-0.343873933325205,3.1563126252505,0.90684605765508,1.10284605765508
"6",-2.07414829659319,-0.455771126762744,3.1563126252505,0.90684605765508,1.10284605765508
"7",-1.51302605210421,-0.270530049880646,3.1563126252505,0.90684605765508,1.10284605765508
"8",-1.312625250501,-0.550083959521193,3.1563126252505,0.90684605765508,1.10284605765508
"9",-1.13226452905812,-0.425103095740935,3.1563126252505,0.90684605765508,1.10284605765508
"10",-0.651302605210421,-0.289201722233954,3.1563126252505,0.90684605765508,1.10284605765508
"11",0.410821643286573,0.391316037935634,3.1563126252505,0.90684605765508,1.10284605765508
"12",2.23446893787575,0.655293373683016,3.1563126252505,0.90684605765508,1.10284605765508
"13",2.27454909819639,0.946614093044942,3.1563126252505,0.90684605765508,1.10284605765508
"14",2.49498997995992,0.747711298995597,3.1563126252505,0.90684605765508,1.10284605765508
"15",2.53507014028056,0.910107208440839,3.1563126252505,0.90684605765508,1.10284605765508
"16",2.55511022044088,0.673582581017797,3.1563126252505,0.90684605765508,1.10284605765508
"17",2.5751503006012,0.923101003291002,3.1563126252505,0.90684605765508,1.10284605765508
"18",2.63527054108216,1.06029747686603,3.1563126252505,0.90684605765508,1.10284605765508
"19",2.67535070140281,0.930157341411819,3.1563126252505,0.90684605765508,1.10284605765508
"20",2.69539078156313,0.852901604750517,3.1563126252505,0.90684605765508,1.10284605765508
"21",2.71543086172345,0.77646799727056,3.1563126252505,0.90684605765508,1.10284605765508
"22",2.75551102204409,0.860179435886442,3.1563126252505,0.90684605765508,1.10284605765508
"23",2.91583166332665,1.02854894956874,3.1563126252505,0.90684605765508,1.10284605765508
"24",2.93587174348697,0.852130591137671,3.1563126252505,0.90684605765508,1.10284605765508
"25",2.95591182364729,0.921834659716929,3.1563126252505,0.90684605765508,1.10284605765508
"26",2.97595190380761,0.797595719405895,3.1563126252505,0.90684605765508,1.10284605765508
"27",3.03607214428858,0.775082778949564,3.1563126252505,0.90684605765508,1.10284605765508
"28",3.07615230460922,0.942446772623201,3.1563126252505,0.90684605765508,1.10284605765508
"29",3.11623246492986,0.813024905479092,3.1563126252505,0.90684605765508,1.10284605765508
"30",3.17635270541082,0.922143309441205,3.1563126252505,0.90684605765508,1.10284605765508
"31",3.21643286573146,0.822438080876063,3.1563126252505,0.90684605765508,1.10284605765508
"32",3.23647294589178,0.844897798973771,3.1563126252505,0.90684605765508,1.10284605765508
"33",3.2565130260521,0.98969262207608,3.1563126252505,0.90684605765508,1.10284605765508
"34",3.33667334669339,0.874103270882513,3.1563126252505,0.90684605765508,1.10284605765508
"35",3.43687374749499,1.10542855749636,3.1563126252505,0.90684605765508,1.10284605765508
"36",3.47695390781563,0.88903331699962,3.1563126252505,0.90684605765508,1.10284605765508
"37",3.51703406813627,0.916110832808119,3.1563126252505,0.90684605765508,1.10284605765508
"38",3.6372745490982,0.96999164405103,3.1563126252505,0.90684605765508,1.10284605765508
"39",3.65731462925852,0.955506673477361,3.1563126252505,0.90684605765508,1.10284605765508
"40",3.67735470941884,0.83090515172377,3.1563126252505,0.90684605765508,1.10284605765508
"41",3.79759519038076,0.940367837981762,3.1563126252505,0.90684605765508,1.10284605765508
"42",3.81763527054108,0.83320058214936,3.1563126252505,0.90684605765508,1.10284605765508
"43",3.87775551102204,0.977106334006079,3.1563126252505,0.90684605765508,1.10284605765508
"44",3.95791583166333,1.00638237179079,3.1563126252505,0.90684605765508,1.10284605765508
"45",3.99799599198397,0.967237557281318,3.1563126252505,0.90684605765508,1.10284605765508
"46",4.13827655310621,0.897604932426127,3.1563126252505,0.90684605765508,1.10284605765508
"47",4.19839679358717,0.944623856757652,3.1563126252505,0.90684605765508,1.10284605765508
"48",4.27855711422846,0.98242449024363,3.1563126252505,0.90684605765508,1.10284605765508
"49",4.29859719438878,0.937251488430166,3.1563126252505,0.90684605765508,1.10284605765508
"50",4.3186372745491,0.871665957192833,3.1563126252505,0.90684605765508,1.10284605765508
