"","x","yplot","target","ftrue","fwrong"
"1",-4.69939879759519,0.593528516452636,4.91983967935872,-0.338117014174974,-0.142117014174974
"2",-4.59919839679359,0.806149993438741,4.91983967935872,-0.338117014174974,-0.142117014174974
"3",-4.53907815631263,0.966995062449812,4.91983967935872,-0.338117014174974,-0.142117014174974
"4",-4.43887775551102,0.808657997327712,4.91983967935872,-0.338117014174974,-0.142117014174974
"5",-3.87775551102204,1.06013266948853,4.91983967935872,-0.338117014174974,-0.142117014174974
"6",-3.8376753507014,0.891651577182769,4.91983967935872,-0.338117014174974,-0.142117014174974
"7",-2.67535070140281,1.02838567789911,4.91983967935872,-0.338117014174974,-0.142117014174974
"8",-2.39478957915832,0.988227053292187,4.91983967935872,-0.338117014174974,-0.142117014174974
"9",-2.374749498998,0.993514618871411,4.91983967935872,-0.338117014174974,-0.142117014174974
"10",-2.31462925851703,0.928616720143247,4.91983967935872,-0.338117014174974,-0.142117014174974
"11",-1.83366733466934,0.935309209141243,4.91983967935872,-0.338117014174974,-0.142117014174974
"12",-1.63326653306613,0.784150349438738,4.91983967935872,-0.338117014174974,-0.142117014174974
"13",-1.39278557114228,0.823025615975848,4.91983967935872,-0.338117014174974,-0.142117014174974
"14",-1.25250501002004,0.733086273175878,4.91983967935872,-0.338117014174974,-0.142117014174974
"15",-1.19238476953908,0.722674402602461,4.91983967935872,-0.338117014174974,-0.142117014174974
"16",-1.1122244488978,0.857334385996877,4.91983967935872,-0.338117014174974,-0.142117014174974
"17",-0.991983967935872,0.74554851719082,4.91983967935872,-0.338117014174974,-0.142117014174974
"18",-0.531062124248497,0.59246185392762,4.91983967935872,-0.338117014174974,-0.142117014174974
"19",-0.31062124248497,0.580600617960612,4.91983967935872,-0.338117014174974,-0.142117014174974
"20",-0.0300601202404813,0.488605033463711,4.91983967935872,-0.338117014174974,-0.142117014174974
"21",1.19238476953908,0.0626844812563414,4.91983967935872,-0.338117014174974,-0.142117014174974
"22",1.23246492985972,0.0225789092074453,4.91983967935872,-0.338117014174974,-0.142117014174974
"23",1.7935871743487,-0.00694351059522429,4.91983967935872,-0.338117014174974,-0.142117014174974
"24",2.43486973947896,-0.361715375562368,4.91983967935872,-0.338117014174974,-0.142117014174974
"25",2.85571142284569,-0.385590800778636,4.91983967935872,-0.338117014174974,-0.142117014174974
"26",2.87575150300601,-0.387919662049583,4.91983967935872,-0.338117014174974,-0.142117014174974
"27",3.37675350701403,-0.361716268095569,4.91983967935872,-0.338117014174974,-0.142117014174974
"28",3.47695390781563,-0.400504692826455,4.91983967935872,-0.338117014174974,-0.142117014174974
"29",4.01803607214429,-0.437328993028482,4.91983967935872,-0.338117014174974,-0.142117014174974
"30",4.11823647294589,-0.518852554983504,4.91983967935872,-0.338117014174974,-0.142117014174974
"31",4.21843687374749,-0.337145679745713,4.91983967935872,-0.338117014174974,-0.142117014174974
"32",4.43887775551102,-0.411582746698177,4.91983967935872,-0.338117014174974,-0.142117014174974
"33",4.45891783567134,-0.290735339978903,4.91983967935872,-0.338117014174974,-0.142117014174974
"34",4.5190380761523,-0.35065181081196,4.91983967935872,-0.338117014174974,-0.142117014174974
"35",4.55911823647295,-0.525646233463377,4.91983967935872,-0.338117014174974,-0.142117014174974
"36",4.71943887775551,-0.325930695207896,4.91983967935872,-0.338117014174974,-0.142117014174974
"37",4.77955911823647,-0.404046880120744,4.91983967935872,-0.338117014174974,-0.142117014174974
"38",4.83967935871743,-0.286258152873242,4.91983967935872,-0.338117014174974,-0.142117014174974
"39",4.87975951903808,-0.227639926176225,4.91983967935872,-0.338117014174974,-0.142117014174974
"40",4.95991983967936,-0.18936852472908,4.91983967935872,-0.338117014174974,-0.142117014174974
