"","x","yplot","target","ftrue","fwrong"
"1",-4.93987975951904,-0.695210635307157,-2.21442885771543,-0.621352794546962,-0.425352794546962
"2",-3.17635270541082,-0.558296052890014,-2.21442885771543,-0.621352794546962,-0.425352794546962
"3",-3.11623246492986,-0.658305059922545,-2.21442885771543,-0.621352794546962,-0.425352794546962
"4",-3.09619238476954,-0.76642098729245,-2.21442885771543,-0.621352794546962,-0.425352794546962
"5",-3.03607214428858,-0.773007921039029,-2.21442885771543,-0.621352794546962,-0.425352794546962
"6",-2.5751503006012,-0.64240551158713,-2.21442885771543,-0.621352794546962,-0.425352794546962
"7",-2.53507014028056,-0.710520906027187,-2.21442885771543,-0.621352794546962,-0.425352794546962
"8",-2.4749498997996,-0.669532282086864,-2.21442885771543,-0.621352794546962,-0.425352794546962
"9",-2.27454909819639,-0.733586737664432,-2.21442885771543,-0.621352794546962,-0.425352794546962
"10",-2.05410821643287,-0.543876697569344,-2.21442885771543,-0.621352794546962,-0.425352794546962
"11",-1.97394789579158,-0.592322971017734,-2.21442885771543,-0.621352794546962,-0.425352794546962
"12",-1.59318637274549,-0.54506318248063,-2.21442885771543,-0.621352794546962,-0.425352794546962
"13",-1.53306613226453,-0.730203423414009,-2.21442885771543,-0.621352794546962,-0.425352794546962
"14",-1.43286573146293,-0.350654809266531,-2.21442885771543,-0.621352794546962,-0.425352794546962
"15",-1.37274549098196,-0.259651246631652,-2.21442885771543,-0.621352794546962,-0.425352794546962
"16",0.851703406813627,-0.367367156245212,-2.21442885771543,-0.621352794546962,-0.425352794546962
"17",3.39679358717435,-0.85148884369451,-2.21442885771543,-0.621352794546962,-0.425352794546962
"18",4.33867735470942,-0.0499310956965346,-2.21442885771543,-0.621352794546962,-0.425352794546962
"19",4.43887775551102,0.0925733126165507,-2.21442885771543,-0.621352794546962,-0.425352794546962
"20",4.95991983967936,0.472414639131611,-2.21442885771543,-0.621352794546962,-0.425352794546962
