"","x","yplot","target","ftrue","fwrong"
"1",-5,-0.617178690154944,3.01603206412826,-0.314021411749319,-0.510021411749319
"2",-4.51903807615231,-0.766805312083528,3.01603206412826,-0.314021411749319,-0.510021411749319
"3",-4.47895791583166,-0.849522866085201,3.01603206412826,-0.314021411749319,-0.510021411749319
"4",-4.45891783567134,-0.821039498435101,3.01603206412826,-0.314021411749319,-0.510021411749319
"5",-3.91783567134269,-0.822867214201035,3.01603206412826,-0.314021411749319,-0.510021411749319
"6",-3.61723446893788,-1.00268973098023,3.01603206412826,-0.314021411749319,-0.510021411749319
"7",-3.17635270541082,-0.837407711402322,3.01603206412826,-0.314021411749319,-0.510021411749319
"8",-2.59519038076152,-0.720662028197942,3.01603206412826,-0.314021411749319,-0.510021411749319
"9",-2.39478957915832,-0.648188048586596,3.01603206412826,-0.314021411749319,-0.510021411749319
"10",-2.13426853707415,-0.420389323545276,3.01603206412826,-0.314021411749319,-0.510021411749319
"11",-2.01402805611222,-0.376781781641457,3.01603206412826,-0.314021411749319,-0.510021411749319
"12",-1.93386773547094,-0.362627905780465,3.01603206412826,-0.314021411749319,-0.510021411749319
"13",-1.63326653306613,-0.193058418201642,3.01603206412826,-0.314021411749319,-0.510021411749319
"14",-1.61322645290581,-0.069370248967258,3.01603206412826,-0.314021411749319,-0.510021411749319
"15",-1.53306613226453,-0.167065076627323,3.01603206412826,-0.314021411749319,-0.510021411749319
"16",-1.33266533066132,0.111233689864847,3.01603206412826,-0.314021411749319,-0.510021411749319
"17",-1.27254509018036,-0.0723309297806876,3.01603206412826,-0.314021411749319,-0.510021411749319
"18",-1.19238476953908,0.252378911237943,3.01603206412826,-0.314021411749319,-0.510021411749319
"19",-0.731462925851703,0.250191802000698,3.01603206412826,-0.314021411749319,-0.510021411749319
"20",-0.290581162324649,0.628654040908753,3.01603206412826,-0.314021411749319,-0.510021411749319
"21",-0.170340681362726,0.600379148104372,3.01603206412826,-0.314021411749319,-0.510021411749319
"22",-0.0701402805611222,0.570521139095282,3.01603206412826,-0.314021411749319,-0.510021411749319
"23",0.0100200400801604,0.448032077213969,3.01603206412826,-0.314021411749319,-0.510021411749319
"24",0.250501002004007,0.621777587316345,3.01603206412826,-0.314021411749319,-0.510021411749319
"25",0.450901803607215,0.599185925021315,3.01603206412826,-0.314021411749319,-0.510021411749319
"26",0.891783567134269,0.475400431275969,3.01603206412826,-0.314021411749319,-0.510021411749319
"27",1.2124248496994,0.231336383599813,3.01603206412826,-0.314021411749319,-0.510021411749319
"28",1.49298597194389,0.320965884408353,3.01603206412826,-0.314021411749319,-0.510021411749319
"29",1.51302605210421,0.0519738049386077,3.01603206412826,-0.314021411749319,-0.510021411749319
"30",1.59318637274549,0.101330538320973,3.01603206412826,-0.314021411749319,-0.510021411749319
"31",1.7935871743487,0.061952595128438,3.01603206412826,-0.314021411749319,-0.510021411749319
"32",2.11422845691383,-0.087733274885723,3.01603206412826,-0.314021411749319,-0.510021411749319
"33",2.13426853707415,0.0642837626417592,3.01603206412826,-0.314021411749319,-0.510021411749319
"34",2.21442885771543,-0.0843202612068776,3.01603206412826,-0.314021411749319,-0.510021411749319
"35",2.27454909819639,-0.040589597866629,3.01603206412826,-0.314021411749319,-0.510021411749319
"36",2.35470941883768,-0.240279792905755,3.01603206412826,-0.314021411749319,-0.510021411749319
"37",2.4749498997996,-0.407449817817599,3.01603206412826,-0.314021411749319,-0.510021411749319
"38",2.5751503006012,-0.433538110802782,3.01603206412826,-0.314021411749319,-0.510021411749319
"39",2.59519038076152,-0.160285709423632,3.01603206412826,-0.314021411749319,-0.510021411749319
"40",2.97595190380761,-0.299801956306904,3.01603206412826,-0.314021411749319,-0.510021411749319
"41",3.1563126252505,-0.139180154912856,3.01603206412826,-0.314021411749319,-0.510021411749319
"42",3.2565130260521,-0.156595060649998,3.01603206412826,-0.314021411749319,-0.510021411749319
"43",3.33667334669339,-0.523801259736136,3.01603206412826,-0.314021411749319,-0.510021411749319
"44",3.55711422845691,-0.345431181991506,3.01603206412826,-0.314021411749319,-0.510021411749319
"45",3.6372745490982,-0.274358207882303,3.01603206412826,-0.314021411749319,-0.510021411749319
"46",3.91783567134268,-0.0294414107762144,3.01603206412826,-0.314021411749319,-0.510021411749319
"47",4.17835671342685,-0.172552625108276,3.01603206412826,-0.314021411749319,-0.510021411749319
"48",4.27855711422846,-0.247916291072572,3.01603206412826,-0.314021411749319,-0.510021411749319
"49",4.65931863727455,0.147620340498125,3.01603206412826,-0.314021411749319,-0.510021411749319
"50",4.69939879759519,-0.190189153173967,3.01603206412826,-0.314021411749319,-0.510021411749319
