"","x","yplot","target","ftrue","fwrong"
"1",-4.67935871743487,-0.86921744348745,-3.95791583166333,-0.747241964910328,-0.551241964910328
"2",-4.63927855711423,-0.874301751444302,-3.95791583166333,-0.747241964910328,-0.551241964910328
"3",-4.61923847695391,-0.773352057960069,-3.95791583166333,-0.747241964910328,-0.551241964910328
"4",-4.39879759519038,-0.766533812018659,-3.95791583166333,-0.747241964910328,-0.551241964910328
"5",-4.05811623246493,-0.788542639217147,-3.95791583166333,-0.747241964910328,-0.551241964910328
"6",-3.87775551102204,-0.80660172838039,-3.95791583166333,-0.747241964910328,-0.551241964910328
"7",-3.39679358717435,-0.531695428497439,-3.95791583166333,-0.747241964910328,-0.551241964910328
"8",-3.17635270541082,-0.518572594388532,-3.95791583166333,-0.747241964910328,-0.551241964910328
"9",-3.1563126252505,-0.540744511098305,-3.95791583166333,-0.747241964910328,-0.551241964910328
"10",-2.49498997995992,-0.558219584813605,-3.95791583166333,-0.747241964910328,-0.551241964910328
"11",-2.35470941883768,-0.634696737413366,-3.95791583166333,-0.747241964910328,-0.551241964910328
"12",-2.11422845691383,-0.488757583702825,-3.95791583166333,-0.747241964910328,-0.551241964910328
"13",-2.05410821643287,-0.583961575170459,-3.95791583166333,-0.747241964910328,-0.551241964910328
"14",-1.61322645290581,-0.527439420370645,-3.95791583166333,-0.747241964910328,-0.551241964910328
"15",-1.57314629258517,-0.47363491411938,-3.95791583166333,-0.747241964910328,-0.551241964910328
"16",-1.47294589178357,-0.483002434760213,-3.95791583166333,-0.747241964910328,-0.551241964910328
"17",-1.39278557114228,-0.587741996139475,-3.95791583166333,-0.747241964910328,-0.551241964910328
"18",-1.25250501002004,-0.536141476180308,-3.95791583166333,-0.747241964910328,-0.551241964910328
"19",-0.971943887775551,-0.576414383590954,-3.95791583166333,-0.747241964910328,-0.551241964910328
"20",-0.110220440881764,-0.382055959654405,-3.95791583166333,-0.747241964910328,-0.551241964910328
"21",0.891783567134269,-0.172080332792866,-3.95791583166333,-0.747241964910328,-0.551241964910328
"22",1.17234468937876,-0.169157218090669,-3.95791583166333,-0.747241964910328,-0.551241964910328
"23",1.87374749498998,-0.10271414413074,-3.95791583166333,-0.747241964910328,-0.551241964910328
"24",1.91382765531062,0.0557451927377836,-3.95791583166333,-0.747241964910328,-0.551241964910328
"25",2.23446893787575,0.179582283742318,-3.95791583166333,-0.747241964910328,-0.551241964910328
"26",2.77555110220441,0.140347625797413,-3.95791583166333,-0.747241964910328,-0.551241964910328
"27",3.43687374749499,0.426165362803986,-3.95791583166333,-0.747241964910328,-0.551241964910328
"28",3.67735470941884,0.415001847041162,-3.95791583166333,-0.747241964910328,-0.551241964910328
"29",4.49899799599198,0.605020866009741,-3.95791583166333,-0.747241964910328,-0.551241964910328
"30",4.69939879759519,0.62992380636556,-3.95791583166333,-0.747241964910328,-0.551241964910328
