"","x","yplot","target","ftrue","fwrong"
"1",-4.91983967935872,0.93667078839731,-4.33867735470942,0.743615193820916,0.939615193820916
"2",-4.01803607214429,0.561371897186121,-4.33867735470942,0.743615193820916,0.939615193820916
"3",-3.57715430861723,0.400860779929685,-4.33867735470942,0.743615193820916,0.939615193820916
"4",-3.17635270541082,0.076439456640075,-4.33867735470942,0.743615193820916,0.939615193820916
"5",-1.53306613226453,-0.0911072311252782,-4.33867735470942,0.743615193820916,0.939615193820916
"6",0.290581162324649,-0.570089816702948,-4.33867735470942,0.743615193820916,0.939615193820916
"7",2.31462925851703,-0.650731915953572,-4.33867735470942,0.743615193820916,0.939615193820916
"8",4.01803607214429,-0.442473004780436,-4.33867735470942,0.743615193820916,0.939615193820916
"9",4.13827655310621,-0.612760465487868,-4.33867735470942,0.743615193820916,0.939615193820916
"10",4.5190380761523,-0.618549851641972,-4.33867735470942,0.743615193820916,0.939615193820916
