"","x","yplot","target","ftrue","fwrong"
"1",-4.09819639278557,-0.124902988351331,-4.11823647294589,-0.140784204502675,-0.336784204502675
"2",-3.93787575150301,-0.322417349648436,-4.11823647294589,-0.140784204502675,-0.336784204502675
"3",-3.8376753507014,-0.442070706055064,-4.11823647294589,-0.140784204502675,-0.336784204502675
"4",-3.47695390781563,-0.697493920818291,-4.11823647294589,-0.140784204502675,-0.336784204502675
"5",-3.35671342685371,-0.640579843897699,-4.11823647294589,-0.140784204502675,-0.336784204502675
"6",-3.29659318637275,-0.718309299594706,-4.11823647294589,-0.140784204502675,-0.336784204502675
"7",-2.99599198396794,-0.921855157735428,-4.11823647294589,-0.140784204502675,-0.336784204502675
"8",-2.91583166332665,-0.890849955284504,-4.11823647294589,-0.140784204502675,-0.336784204502675
"9",-2.53507014028056,-1.03270480226747,-4.11823647294589,-0.140784204502675,-0.336784204502675
"10",-1.53306613226453,-0.54400717851993,-4.11823647294589,-0.140784204502675,-0.336784204502675
"11",-1.37274549098196,-0.482916372714068,-4.11823647294589,-0.140784204502675,-0.336784204502675
"12",-0.0300601202404813,0.0939130501602567,-4.11823647294589,-0.140784204502675,-0.336784204502675
"13",0.691382765531062,-0.230365110363546,-4.11823647294589,-0.140784204502675,-0.336784204502675
"14",0.871743486973948,-0.303051302953073,-4.11823647294589,-0.140784204502675,-0.336784204502675
"15",1.75350701402806,-0.519636545745362,-4.11823647294589,-0.140784204502675,-0.336784204502675
"16",2.15430861723447,-0.739319685297229,-4.11823647294589,-0.140784204502675,-0.336784204502675
"17",2.53507014028056,-0.564241036973633,-4.11823647294589,-0.140784204502675,-0.336784204502675
"18",3.55711422845691,-0.618623243615445,-4.11823647294589,-0.140784204502675,-0.336784204502675
"19",4.59919839679359,-0.45887014693337,-4.11823647294589,-0.140784204502675,-0.336784204502675
"20",4.97995991983968,-0.281536366793612,-4.11823647294589,-0.140784204502675,-0.336784204502675
