"","x","yplot","target","ftrue","fwrong"
"1",-4.53907815631263,0.602611790084461,-1.23246492985972,-0.624274285532284,-0.820274285532284
"2",-3.79759519038076,0.195938255545467,-1.23246492985972,-0.624274285532284,-0.820274285532284
"3",-3.65731462925852,0.112085585303568,-1.23246492985972,-0.624274285532284,-0.820274285532284
"4",-3.27655310621242,0.0667151010846939,-1.23246492985972,-0.624274285532284,-0.820274285532284
"5",-2.99599198396794,0.122626721939231,-1.23246492985972,-0.624274285532284,-0.820274285532284
"6",-2.91583166332665,-0.00167121849832458,-1.23246492985972,-0.624274285532284,-0.820274285532284
"7",-2.87575150300601,-0.112695626198894,-1.23246492985972,-0.624274285532284,-0.820274285532284
"8",-2.01402805611222,-0.512877030618692,-1.23246492985972,-0.624274285532284,-0.820274285532284
"9",-1.77354709418838,-0.553705977420609,-1.23246492985972,-0.624274285532284,-0.820274285532284
"10",-1.73346693386774,-0.546137874632443,-1.23246492985972,-0.624274285532284,-0.820274285532284
"11",-1.59318637274549,-0.580596864491025,-1.23246492985972,-0.624274285532284,-0.820274285532284
"12",-1.53306613226453,-0.32027706000634,-1.23246492985972,-0.624274285532284,-0.820274285532284
"13",-1.35270541082164,-0.435374073079823,-1.23246492985972,-0.624274285532284,-0.820274285532284
"14",-1.13226452905812,-0.479911695418264,-1.23246492985972,-0.624274285532284,-0.820274285532284
"15",-0.711422845691383,-0.698515888383771,-1.23246492985972,-0.624274285532284,-0.820274285532284
"16",-0.290581162324649,-0.845013176250307,-1.23246492985972,-0.624274285532284,-0.820274285532284
"17",0.150300601202405,-0.777425037176131,-1.23246492985972,-0.624274285532284,-0.820274285532284
"18",0.250501002004007,-0.942253195598024,-1.23246492985972,-0.624274285532284,-0.820274285532284
"19",0.651302605210421,-0.85521787299449,-1.23246492985972,-0.624274285532284,-0.820274285532284
"20",0.791583166332665,-0.936894481269781,-1.23246492985972,-0.624274285532284,-0.820274285532284
"21",1.43286573146293,-0.835761008608401,-1.23246492985972,-0.624274285532284,-0.820274285532284
"22",1.7935871743487,-0.879698141875677,-1.23246492985972,-0.624274285532284,-0.820274285532284
"23",1.9939879759519,-0.89303065070074,-1.23246492985972,-0.624274285532284,-0.820274285532284
"24",2.29458917835671,-0.951271788385908,-1.23246492985972,-0.624274285532284,-0.820274285532284
"25",2.85571142284569,-0.635740477837371,-1.23246492985972,-0.624274285532284,-0.820274285532284
"26",3.33667334669339,-0.869753725531955,-1.23246492985972,-0.624274285532284,-0.820274285532284
"27",3.93787575150301,-0.805125232684122,-1.23246492985972,-0.624274285532284,-0.820274285532284
"28",4.03807615230461,-0.697772632016187,-1.23246492985972,-0.624274285532284,-0.820274285532284
"29",4.33867735470942,-0.672744626844991,-1.23246492985972,-0.624274285532284,-0.820274285532284
"30",4.95991983967936,-0.612010187009049,-1.23246492985972,-0.624274285532284,-0.820274285532284
