"","x","yplot","target","ftrue","fwrong"
"1",-3.77755511022044,0.103560303400018,-1.39278557114228,0.706077502212122,0.902077502212122
"2",-2.15430861723447,0.858465364404411,-1.39278557114228,0.706077502212122,0.902077502212122
"3",-2.13426853707415,0.59186474162929,-1.39278557114228,0.706077502212122,0.902077502212122
"4",-1.97394789579158,0.79496352727895,-1.39278557114228,0.706077502212122,0.902077502212122
"5",-1.83366733466934,0.707922914260758,-1.39278557114228,0.706077502212122,0.902077502212122
"6",-1.59318637274549,0.622788220020085,-1.39278557114228,0.706077502212122,0.902077502212122
"7",-1.41282565130261,0.766490410364366,-1.39278557114228,0.706077502212122,0.902077502212122
"8",-1.25250501002004,0.599335254811168,-1.39278557114228,0.706077502212122,0.902077502212122
"9",-1.23246492985972,0.498641103784779,-1.39278557114228,0.706077502212122,0.902077502212122
"10",-0.95190380761523,0.50772654438648,-1.39278557114228,0.706077502212122,0.902077502212122
"11",-0.93186372745491,0.64674063253572,-1.39278557114228,0.706077502212122,0.902077502212122
"12",-0.891783567134269,0.475726252399413,-1.39278557114228,0.706077502212122,0.902077502212122
"13",-0.571142284569138,0.520939650197769,-1.39278557114228,0.706077502212122,0.902077502212122
"14",-0.470941883767535,0.328622986148551,-1.39278557114228,0.706077502212122,0.902077502212122
"15",-0.410821643286574,0.29805586163123,-1.39278557114228,0.706077502212122,0.902077502212122
"16",-0.270541082164329,0.117037243544396,-1.39278557114228,0.706077502212122,0.902077502212122
"17",0.490981963927855,-0.00503485435587989,-1.39278557114228,0.706077502212122,0.902077502212122
"18",0.611222444889779,-0.225213233608259,-1.39278557114228,0.706077502212122,0.902077502212122
"19",1.39278557114228,-0.484147393357923,-1.39278557114228,0.706077502212122,0.902077502212122
"20",4.69939879759519,0.0782528466951125,-1.39278557114228,0.706077502212122,0.902077502212122
