"","x","yplot","target","ftrue","fwrong"
"1",-4.69939879759519,-0.570287967767615,2.23446893787575,0.348574461965386,0.152574461965386
"2",-4.35871743486974,-0.239475475621477,2.23446893787575,0.348574461965386,0.152574461965386
"3",-3.75751503006012,0.470775139474071,2.23446893787575,0.348574461965386,0.152574461965386
"4",0.470941883767535,0.164880164498776,2.23446893787575,0.348574461965386,0.152574461965386
"5",1.03206412825651,0.257903688483046,2.23446893787575,0.348574461965386,0.152574461965386
"6",1.53306613226453,0.088380528270334,2.23446893787575,0.348574461965386,0.152574461965386
"7",1.71342685370741,0.107600451127824,2.23446893787575,0.348574461965386,0.152574461965386
"8",1.81362725450902,0.187991483508771,2.23446893787575,0.348574461965386,0.152574461965386
"9",1.87374749498998,0.100746125761673,2.23446893787575,0.348574461965386,0.152574461965386
"10",1.93386773547094,0.327327310896434,2.23446893787575,0.348574461965386,0.152574461965386
"11",2.43486973947896,0.418850374972213,2.23446893787575,0.348574461965386,0.152574461965386
"12",2.45490981963928,0.438888244015799,2.23446893787575,0.348574461965386,0.152574461965386
"13",2.61523046092184,0.512444295359079,2.23446893787575,0.348574461965386,0.152574461965386
"14",2.63527054108216,0.325959033376711,2.23446893787575,0.348574461965386,0.152574461965386
"15",2.67535070140281,0.563518987883294,2.23446893787575,0.348574461965386,0.152574461965386
"16",2.77555110220441,0.493093542609003,2.23446893787575,0.348574461965386,0.152574461965386
"17",2.79559118236473,0.486030354200903,2.23446893787575,0.348574461965386,0.152574461965386
"18",2.81563126252505,0.45288866626712,2.23446893787575,0.348574461965386,0.152574461965386
"19",2.87575150300601,0.684824119334193,2.23446893787575,0.348574461965386,0.152574461965386
"20",4.85971943887776,0.890867965658539,2.23446893787575,0.348574461965386,0.152574461965386
