"","x","yplot","target","ftrue","fwrong"
"1",-4.67935871743487,0.750637079905718,2.39478957915832,-0.0600571101732914,0.135942889826709
"2",-1.55310621242485,-0.257470397411692,2.39478957915832,-0.0600571101732914,0.135942889826709
"3",-0.891783567134269,-0.444097339648964,2.39478957915832,-0.0600571101732914,0.135942889826709
"4",1.4128256513026,-0.352996689592653,2.39478957915832,-0.0600571101732914,0.135942889826709
"5",1.77354709418838,-0.318418476206487,2.39478957915832,-0.0600571101732914,0.135942889826709
"6",1.85370741482966,-0.176003170592028,2.39478957915832,-0.0600571101732914,0.135942889826709
"7",2.41482965931864,-0.0586870802271454,2.39478957915832,-0.0600571101732914,0.135942889826709
"8",2.97595190380761,0.10031147070474,2.39478957915832,-0.0600571101732914,0.135942889826709
"9",2.99599198396794,0.137504321347204,2.39478957915832,-0.0600571101732914,0.135942889826709
"10",3.23647294589178,0.120353264502954,2.39478957915832,-0.0600571101732914,0.135942889826709
