"","x","yplot","target","ftrue","fwrong"
"1",-4.53907815631263,0.23382408351303,-1.7935871743487,-0.598013944625993,-0.402013944625993
"2",-3.97795591182365,-0.0519512444974807,-1.7935871743487,-0.598013944625993,-0.402013944625993
"3",-3.8376753507014,-0.0776731700478046,-1.7935871743487,-0.598013944625993,-0.402013944625993
"4",-3.71743486973948,-0.100459479379547,-1.7935871743487,-0.598013944625993,-0.402013944625993
"5",-2.67535070140281,-0.551484738105863,-1.7935871743487,-0.598013944625993,-0.402013944625993
"6",-2.43486973947896,-0.541226842060462,-1.7935871743487,-0.598013944625993,-0.402013944625993
"7",-2.41482965931864,-0.674124568138914,-1.7935871743487,-0.598013944625993,-0.402013944625993
"8",-2.39478957915832,-0.62679651584421,-1.7935871743487,-0.598013944625993,-0.402013944625993
"9",-2.29458917835671,-0.665062457462141,-1.7935871743487,-0.598013944625993,-0.402013944625993
"10",-2.21442885771543,-0.608443399598784,-1.7935871743487,-0.598013944625993,-0.402013944625993
"11",-2.19438877755511,-0.472224523935449,-1.7935871743487,-0.598013944625993,-0.402013944625993
"12",-2.13426853707415,-0.531833427348995,-1.7935871743487,-0.598013944625993,-0.402013944625993
"13",-2.09418837675351,-0.787486108509043,-1.7935871743487,-0.598013944625993,-0.402013944625993
"14",-2.07414829659319,-0.548823562841046,-1.7935871743487,-0.598013944625993,-0.402013944625993
"15",-2.05410821643287,-0.573942235900641,-1.7935871743487,-0.598013944625993,-0.402013944625993
"16",-1.85370741482966,-0.598063512026974,-1.7935871743487,-0.598013944625993,-0.402013944625993
"17",-1.83366733466934,-0.719719486244386,-1.7935871743487,-0.598013944625993,-0.402013944625993
"18",-1.81362725450902,-0.510818311938925,-1.7935871743487,-0.598013944625993,-0.402013944625993
"19",-1.7935871743487,-0.54476036871876,-1.7935871743487,-0.598013944625993,-0.402013944625993
"20",-1.77354709418838,-0.661344621078959,-1.7935871743487,-0.598013944625993,-0.402013944625993
"21",-1.69338677354709,-0.577599869214484,-1.7935871743487,-0.598013944625993,-0.402013944625993
"22",-1.63326653306613,-0.443775956831188,-1.7935871743487,-0.598013944625993,-0.402013944625993
"23",-1.29258517034068,-0.669440806229812,-1.7935871743487,-0.598013944625993,-0.402013944625993
"24",-1.2124248496994,-0.795832515316205,-1.7935871743487,-0.598013944625993,-0.402013944625993
"25",-1.13226452905812,-0.645582678873258,-1.7935871743487,-0.598013944625993,-0.402013944625993
"26",-1.07214428857715,-0.537067027042379,-1.7935871743487,-0.598013944625993,-0.402013944625993
"27",-1.05210420841683,-0.724373508230323,-1.7935871743487,-0.598013944625993,-0.402013944625993
"28",-1.03206412825651,-0.755186987784017,-1.7935871743487,-0.598013944625993,-0.402013944625993
"29",-0.991983967935872,-0.564208548104059,-1.7935871743487,-0.598013944625993,-0.402013944625993
"30",-0.891783567134269,-0.727700759760277,-1.7935871743487,-0.598013944625993,-0.402013944625993
"31",-0.871743486973948,-0.617387689759845,-1.7935871743487,-0.598013944625993,-0.402013944625993
"32",-0.811623246492986,-0.630412556333296,-1.7935871743487,-0.598013944625993,-0.402013944625993
"33",0.31062124248497,-0.713395567270679,-1.7935871743487,-0.598013944625993,-0.402013944625993
"34",2.05410821643287,-0.646296201536984,-1.7935871743487,-0.598013944625993,-0.402013944625993
"35",2.73547094188377,-0.295344474226878,-1.7935871743487,-0.598013944625993,-0.402013944625993
"36",3.35671342685371,-0.228747058611524,-1.7935871743487,-0.598013944625993,-0.402013944625993
"37",3.97795591182365,-0.0758603212160203,-1.7935871743487,-0.598013944625993,-0.402013944625993
"38",4.21843687374749,-0.0240377014818602,-1.7935871743487,-0.598013944625993,-0.402013944625993
"39",4.53907815631263,-0.18747856115301,-1.7935871743487,-0.598013944625993,-0.402013944625993
"40",4.87975951903808,-0.129961076624903,-1.7935871743487,-0.598013944625993,-0.402013944625993
