"","x","yplot","target","ftrue","fwrong"
"1",-2.81563126252505,-0.0233825138538074,1.47294589178357,-0.800450309630493,-0.604450309630493
"2",-0.0100200400801604,-0.770503234516468,1.47294589178357,-0.800450309630493,-0.604450309630493
"3",0.551102204408817,-0.81968614734588,1.47294589178357,-0.800450309630493,-0.604450309630493
"4",0.851703406813627,-0.626451386804245,1.47294589178357,-0.800450309630493,-0.604450309630493
"5",1.07214428857715,-0.706004377454457,1.47294589178357,-0.800450309630493,-0.604450309630493
"6",1.17234468937876,-0.797746144563209,1.47294589178357,-0.800450309630493,-0.604450309630493
"7",1.29258517034068,-0.96528409009975,1.47294589178357,-0.800450309630493,-0.604450309630493
"8",1.93386773547094,-0.717260770074931,1.47294589178357,-0.800450309630493,-0.604450309630493
"9",2.41482965931864,-0.486930153233514,1.47294589178357,-0.800450309630493,-0.604450309630493
"10",3.8376753507014,-0.0992151387786392,1.47294589178357,-0.800450309630493,-0.604450309630493
