"","x","yplot","target","ftrue","fwrong"
"1",-3.55711422845691,0.566631030903025,0.871743486973948,0.0946502648247356,-0.101349735175264
"2",-3.47695390781563,0.499125011696781,0.871743486973948,0.0946502648247356,-0.101349735175264
"3",-3.45691382765531,0.671072823880131,0.871743486973948,0.0946502648247356,-0.101349735175264
"4",-3.37675350701403,0.41585295191371,0.871743486973948,0.0946502648247356,-0.101349735175264
"5",-2.91583166332665,0.606932068611434,0.871743486973948,0.0946502648247356,-0.101349735175264
"6",-2.23446893787575,0.578802530174282,0.871743486973948,0.0946502648247356,-0.101349735175264
"7",-2.07414829659319,0.58439389412054,0.871743486973948,0.0946502648247356,-0.101349735175264
"8",-1.33266533066132,0.370504688697918,0.871743486973948,0.0946502648247356,-0.101349735175264
"9",-1.07214428857715,0.244972633366716,0.871743486973948,0.0946502648247356,-0.101349735175264
"10",-0.971943887775551,0.450417277640508,0.871743486973948,0.0946502648247356,-0.101349735175264
"11",-0.110220440881764,0.401781699118803,0.871743486973948,0.0946502648247356,-0.101349735175264
"12",-0.0901803607214431,0.491141406285767,0.871743486973948,0.0946502648247356,-0.101349735175264
"13",-0.0701402805611222,0.409244195090126,0.871743486973948,0.0946502648247356,-0.101349735175264
"14",-0.0501002004008022,0.18617434739194,0.871743486973948,0.0946502648247356,-0.101349735175264
"15",0.0300601202404804,0.167688952358933,0.871743486973948,0.0946502648247356,-0.101349735175264
"16",0.110220440881763,0.146810064484251,0.871743486973948,0.0946502648247356,-0.101349735175264
"17",0.130260521042084,0.188637569731848,0.871743486973948,0.0946502648247356,-0.101349735175264
"18",0.150300601202405,0.153380457387819,0.871743486973948,0.0946502648247356,-0.101349735175264
"19",0.210420841683367,0.166499187510534,0.871743486973948,0.0946502648247356,-0.101349735175264
"20",0.250501002004007,0.253857398894118,0.871743486973948,0.0946502648247356,-0.101349735175264
"21",0.290581162324649,0.313219094479951,0.871743486973948,0.0946502648247356,-0.101349735175264
"22",0.33066132264529,0.21375367310506,0.871743486973948,0.0946502648247356,-0.101349735175264
"23",0.430861723446894,0.210303301833128,0.871743486973948,0.0946502648247356,-0.101349735175264
"24",0.531062124248497,0.117184281100703,0.871743486973948,0.0946502648247356,-0.101349735175264
"25",0.551102204408817,0.314516058954841,0.871743486973948,0.0946502648247356,-0.101349735175264
"26",0.611222444889779,0.170650827155149,0.871743486973948,0.0946502648247356,-0.101349735175264
"27",0.6312625250501,0.164141662213648,0.871743486973948,0.0946502648247356,-0.101349735175264
"28",0.691382765531062,0.0427413511196963,0.871743486973948,0.0946502648247356,-0.101349735175264
"29",0.831663326653306,0.222059907667697,0.871743486973948,0.0946502648247356,-0.101349735175264
"30",0.871743486973948,0.249702689610933,0.871743486973948,0.0946502648247356,-0.101349735175264
"31",0.95190380761523,0.140826579046415,0.871743486973948,0.0946502648247356,-0.101349735175264
"32",1.01202404809619,0.0209098678407119,0.871743486973948,0.0946502648247356,-0.101349735175264
"33",1.07214428857715,0.076301528989828,0.871743486973948,0.0946502648247356,-0.101349735175264
"34",1.25250501002004,0.0535086365074201,0.871743486973948,0.0946502648247356,-0.101349735175264
"35",1.312625250501,-0.0244164713137241,0.871743486973948,0.0946502648247356,-0.101349735175264
"36",1.35270541082164,-0.14220762406007,0.871743486973948,0.0946502648247356,-0.101349735175264
"37",1.37274549098196,0.0832362656276925,0.871743486973948,0.0946502648247356,-0.101349735175264
"38",1.39278557114228,0.0554738342319525,0.871743486973948,0.0946502648247356,-0.101349735175264
"39",1.4128256513026,0.0330323087786425,0.871743486973948,0.0946502648247356,-0.101349735175264
"40",1.55310621242485,0.0312331177336308,0.871743486973948,0.0946502648247356,-0.101349735175264
"41",1.65330661322645,-0.110621871104199,0.871743486973948,0.0946502648247356,-0.101349735175264
"42",1.67334669338677,-0.0749318009647565,0.871743486973948,0.0946502648247356,-0.101349735175264
"43",1.73346693386774,-0.110015130610855,0.871743486973948,0.0946502648247356,-0.101349735175264
"44",1.81362725450902,-0.0645577471803295,0.871743486973948,0.0946502648247356,-0.101349735175264
"45",1.85370741482966,-0.0486343448291333,0.871743486973948,0.0946502648247356,-0.101349735175264
"46",2.41482965931864,-0.215089080386284,0.871743486973948,0.0946502648247356,-0.101349735175264
"47",2.59519038076152,-0.300075090849596,0.871743486973948,0.0946502648247356,-0.101349735175264
"48",2.83567134268537,-0.351081746344277,0.871743486973948,0.0946502648247356,-0.101349735175264
"49",4.07815631262525,-0.630102661798511,0.871743486973948,0.0946502648247356,-0.101349735175264
"50",4.13827655310621,-0.719160312077386,0.871743486973948,0.0946502648247356,-0.101349735175264
