"","x","yplot","target","ftrue","fwrong"
"1",-4.8997995991984,-0.621979368396197,4.59919839679359,0.43840097893539,0.63440097893539
"2",-4.83967935871743,-0.65689882821534,4.59919839679359,0.43840097893539,0.63440097893539
"3",-4.63927855711423,-0.416170675306616,4.59919839679359,0.43840097893539,0.63440097893539
"4",-4.25851703406814,-0.118494789533612,4.59919839679359,0.43840097893539,0.63440097893539
"5",-3.49699398797595,0.527364792985256,4.59919839679359,0.43840097893539,0.63440097893539
"6",-2.67535070140281,0.847004539699322,4.59919839679359,0.43840097893539,0.63440097893539
"7",-2.09418837675351,0.912266590334641,4.59919839679359,0.43840097893539,0.63440097893539
"8",-1.33266533066132,0.846908682549994,4.59919839679359,0.43840097893539,0.63440097893539
"9",-0.771543086172345,0.838679863623237,4.59919839679359,0.43840097893539,0.63440097893539
"10",0.0100200400801604,0.57660334924305,4.59919839679359,0.43840097893539,0.63440097893539
"11",1.73346693386774,0.71981271091408,4.59919839679359,0.43840097893539,0.63440097893539
"12",2.21442885771543,0.384061761310263,4.59919839679359,0.43840097893539,0.63440097893539
"13",3.61723446893788,0.11322788684937,4.59919839679359,0.43840097893539,0.63440097893539
"14",3.67735470941884,0.274199853528504,4.59919839679359,0.43840097893539,0.63440097893539
"15",3.75751503006012,0.316853218853576,4.59919839679359,0.43840097893539,0.63440097893539
"16",3.79759519038076,0.498477187712187,4.59919839679359,0.43840097893539,0.63440097893539
"17",3.81763527054108,0.206751064304716,4.59919839679359,0.43840097893539,0.63440097893539
"18",3.93787575150301,0.247617541510617,4.59919839679359,0.43840097893539,0.63440097893539
"19",3.95791583166333,0.339500782593903,4.59919839679359,0.43840097893539,0.63440097893539
"20",4.07815631262525,0.286095812499285,4.59919839679359,0.43840097893539,0.63440097893539
"21",4.11823647294589,0.241249986627602,4.59919839679359,0.43840097893539,0.63440097893539
"22",4.15831663326653,0.298993245364463,4.59919839679359,0.43840097893539,0.63440097893539
"23",4.23847695390782,0.37887715140985,4.59919839679359,0.43840097893539,0.63440097893539
"24",4.27855711422846,0.328880857930887,4.59919839679359,0.43840097893539,0.63440097893539
"25",4.4188376753507,0.594146339636048,4.59919839679359,0.43840097893539,0.63440097893539
"26",4.45891783567134,0.473765194264375,4.59919839679359,0.43840097893539,0.63440097893539
"27",4.49899799599198,0.400413157569603,4.59919839679359,0.43840097893539,0.63440097893539
"28",4.5190380761523,0.507057740279616,4.59919839679359,0.43840097893539,0.63440097893539
"29",4.55911823647295,0.271247604503491,4.59919839679359,0.43840097893539,0.63440097893539
"30",4.57915831663327,0.380401089483614,4.59919839679359,0.43840097893539,0.63440097893539
"31",4.61923847695391,0.397935228767639,4.59919839679359,0.43840097893539,0.63440097893539
"32",4.65931863727455,0.498198720452326,4.59919839679359,0.43840097893539,0.63440097893539
"33",4.69939879759519,0.557136460442485,4.59919839679359,0.43840097893539,0.63440097893539
"34",4.75951903807615,0.466629666342235,4.59919839679359,0.43840097893539,0.63440097893539
"35",4.77955911823647,0.448616222973157,4.59919839679359,0.43840097893539,0.63440097893539
"36",4.79959919839679,0.386780318695797,4.59919839679359,0.43840097893539,0.63440097893539
"37",4.83967935871743,0.60666964581773,4.59919839679359,0.43840097893539,0.63440097893539
"38",4.87975951903808,0.454164852913762,4.59919839679359,0.43840097893539,0.63440097893539
"39",4.8997995991984,0.574321618555156,4.59919839679359,0.43840097893539,0.63440097893539
"40",4.95991983967936,0.449210445686208,4.59919839679359,0.43840097893539,0.63440097893539
