"","x","yplot","target","ftrue","fwrong"
"1",-4.91983967935872,0.300517190837395,-3.93787575150301,0.670472636352048,0.866472636352049
"2",-4.85971943887776,0.565695383368591,-3.93787575150301,0.670472636352048,0.866472636352049
"3",-4.79959919839679,0.631157552154559,-3.93787575150301,0.670472636352048,0.866472636352049
"4",-4.69939879759519,0.638968666198895,-3.93787575150301,0.670472636352048,0.866472636352049
"5",-4.61923847695391,0.58941587805688,-3.93787575150301,0.670472636352048,0.866472636352049
"6",-4.57915831663327,0.508257410425141,-3.93787575150301,0.670472636352048,0.866472636352049
"7",-4.55911823647295,0.719252913735442,-3.93787575150301,0.670472636352048,0.866472636352049
"8",-4.53907815631263,0.435952217525204,-3.93787575150301,0.670472636352048,0.866472636352049
"9",-4.47895791583166,0.493948031967945,-3.93787575150301,0.670472636352048,0.866472636352049
"10",-4.37875751503006,0.518155044912684,-3.93787575150301,0.670472636352048,0.866472636352049
"11",-4.29859719438878,0.652377920883858,-3.93787575150301,0.670472636352048,0.866472636352049
"12",-4.05811623246493,0.71807984277163,-3.93787575150301,0.670472636352048,0.866472636352049
"13",-3.79759519038076,0.66627984208976,-3.93787575150301,0.670472636352048,0.866472636352049
"14",-3.75751503006012,0.604413281601498,-3.93787575150301,0.670472636352048,0.866472636352049
"15",-3.67735470941884,0.721539117096074,-3.93787575150301,0.670472636352048,0.866472636352049
"16",-3.6372745490982,0.771837212694222,-3.93787575150301,0.670472636352048,0.866472636352049
"17",-3.55711422845691,0.867165497807943,-3.93787575150301,0.670472636352048,0.866472636352049
"18",-3.43687374749499,0.547687404755576,-3.93787575150301,0.670472636352048,0.866472636352049
"19",-3.41683366733467,0.7442758409961,-3.93787575150301,0.670472636352048,0.866472636352049
"20",-3.33667334669339,0.63415362088891,-3.93787575150301,0.670472636352048,0.866472636352049
"21",-3.01603206412826,0.681041545294159,-3.93787575150301,0.670472636352048,0.866472636352049
"22",-2.69539078156313,0.535965887300503,-3.93787575150301,0.670472636352048,0.866472636352049
"23",-0.991983967935872,0.688084239156921,-3.93787575150301,0.670472636352048,0.866472636352049
"24",-0.811623246492986,0.457183434940175,-3.93787575150301,0.670472636352048,0.866472636352049
"25",0.93186372745491,-0.105155096707991,-3.93787575150301,0.670472636352048,0.866472636352049
"26",1.19238476953908,-0.0317771959269273,-3.93787575150301,0.670472636352048,0.866472636352049
"27",1.37274549098196,-0.0882035137464908,-3.93787575150301,0.670472636352048,0.866472636352049
"28",2.55511022044088,-0.431226665639018,-3.93787575150301,0.670472636352048,0.866472636352049
"29",3.81763527054108,-0.44073694744303,-3.93787575150301,0.670472636352048,0.866472636352049
"30",4.61923847695391,-0.620778195509468,-3.93787575150301,0.670472636352048,0.866472636352049
