"","x","yplot","target","ftrue","fwrong"
"1",-4.59919839679359,0.371457794179536,3.55711422845691,0.166607916372717,-0.0293920836272829
"2",-4.4188376753507,0.418063180866589,3.55711422845691,0.166607916372717,-0.0293920836272829
"3",-4.13827655310621,0.227654274448998,3.55711422845691,0.166607916372717,-0.0293920836272829
"4",-4.09819639278557,-0.0259621844020247,3.55711422845691,0.166607916372717,-0.0293920836272829
"5",-3.87775551102204,-0.276952071013995,3.55711422845691,0.166607916372717,-0.0293920836272829
"6",-3.57715430861723,-0.252715667779642,3.55711422845691,0.166607916372717,-0.0293920836272829
"7",-3.49699398797595,-0.280333099175287,3.55711422845691,0.166607916372717,-0.0293920836272829
"8",-2.97595190380762,-0.471357878112851,3.55711422845691,0.166607916372717,-0.0293920836272829
"9",-2.71543086172345,-0.49813584292332,3.55711422845691,0.166607916372717,-0.0293920836272829
"10",-2.31462925851703,-0.584258508056537,3.55711422845691,0.166607916372717,-0.0293920836272829
"11",-2.23446893787575,-0.550178223860019,3.55711422845691,0.166607916372717,-0.0293920836272829
"12",-1.87374749498998,-0.63721831958863,3.55711422845691,0.166607916372717,-0.0293920836272829
"13",-1.67334669338677,-0.701531194030311,3.55711422845691,0.166607916372717,-0.0293920836272829
"14",-1.39278557114228,-0.600834200674662,3.55711422845691,0.166607916372717,-0.0293920836272829
"15",-1.27254509018036,-0.752634404762059,3.55711422845691,0.166607916372717,-0.0293920836272829
"16",-1.25250501002004,-0.620491071137814,3.55711422845691,0.166607916372717,-0.0293920836272829
"17",-0.891783567134269,-0.644700620185624,3.55711422845691,0.166607916372717,-0.0293920836272829
"18",-0.0100200400801604,-0.440097913335605,3.55711422845691,0.166607916372717,-0.0293920836272829
"19",0.95190380761523,-0.561597659416341,3.55711422845691,0.166607916372717,-0.0293920836272829
"20",1.67334669338677,-0.069310780670032,3.55711422845691,0.166607916372717,-0.0293920836272829
"21",2.59519038076152,0.265561881801059,3.55711422845691,0.166607916372717,-0.0293920836272829
"22",2.69539078156313,0.203755409077418,3.55711422845691,0.166607916372717,-0.0293920836272829
"23",2.95591182364729,0.22509144496396,3.55711422845691,0.166607916372717,-0.0293920836272829
"24",3.07615230460922,0.172553252825249,3.55711422845691,0.166607916372717,-0.0293920836272829
"25",3.19639278557114,0.367498595606672,3.55711422845691,0.166607916372717,-0.0293920836272829
"26",3.27655310621243,0.274951732910799,3.55711422845691,0.166607916372717,-0.0293920836272829
"27",3.31663326653307,0.144614402221415,3.55711422845691,0.166607916372717,-0.0293920836272829
"28",3.57715430861723,0.0145156112978343,3.55711422845691,0.166607916372717,-0.0293920836272829
"29",4.11823647294589,0.0328414504101525,3.55711422845691,0.166607916372717,-0.0293920836272829
"30",4.65931863727455,-0.350888201183139,3.55711422845691,0.166607916372717,-0.0293920836272829
