"","x","yplot","target","ftrue","fwrong"
"1",-3.37675350701403,-0.33678836296455,2.95591182364729,0.532302352180606,0.336302352180606
"2",-2.41482965931864,0.188441225281676,2.95591182364729,0.532302352180606,0.336302352180606
"3",-2.33466933867735,0.311131946722027,2.95591182364729,0.532302352180606,0.336302352180606
"4",-1.1122244488978,0.0784162061033454,2.95591182364729,0.532302352180606,0.336302352180606
"5",0.430861723446894,-0.604397718796967,2.95591182364729,0.532302352180606,0.336302352180606
"6",2.59519038076152,0.28945948692021,2.95591182364729,0.532302352180606,0.336302352180606
"7",2.63527054108216,0.216908576313759,2.95591182364729,0.532302352180606,0.336302352180606
"8",2.75551102204409,0.546713631925868,2.95591182364729,0.532302352180606,0.336302352180606
"9",4.27855711422846,0.384014651214671,2.95591182364729,0.532302352180606,0.336302352180606
"10",4.29859719438878,0.390156394977955,2.95591182364729,0.532302352180606,0.336302352180606
