"","x","yplot","target","ftrue","fwrong"
"1",-4.27855711422846,-0.320705813751561,-3.29659318637275,0.397023398568727,0.593023398568727
"2",-4.09819639278557,0.0536694988090887,-3.29659318637275,0.397023398568727,0.593023398568727
"3",-4.01803607214429,-0.00283605365734636,-3.29659318637275,0.397023398568727,0.593023398568727
"4",-3.71743486973948,0.185710694496173,-3.29659318637275,0.397023398568727,0.593023398568727
"5",-3.19639278557114,0.517729151638666,-3.29659318637275,0.397023398568727,0.593023398568727
"6",-3.17635270541082,0.365655333817491,-3.29659318637275,0.397023398568727,0.593023398568727
"7",-3.1563126252505,0.340790053802271,-3.29659318637275,0.397023398568727,0.593023398568727
"8",-2.91583166332665,0.408741229823758,-3.29659318637275,0.397023398568727,0.593023398568727
"9",-2.79559118236473,0.483897172664084,-3.29659318637275,0.397023398568727,0.593023398568727
"10",-2.67535070140281,0.424409073023015,-3.29659318637275,0.397023398568727,0.593023398568727
"11",-2.63527054108216,0.506569385024827,-3.29659318637275,0.397023398568727,0.593023398568727
"12",-2.5751503006012,0.691665318926953,-3.29659318637275,0.397023398568727,0.593023398568727
"13",-2.45490981963928,0.656519654761999,-3.29659318637275,0.397023398568727,0.593023398568727
"14",-2.374749498998,0.448160997166727,-3.29659318637275,0.397023398568727,0.593023398568727
"15",-1.69338677354709,0.551018317716965,-3.29659318637275,0.397023398568727,0.593023398568727
"16",0.0300601202404804,-0.286087205229496,-3.29659318637275,0.397023398568727,0.593023398568727
"17",2.01402805611222,-0.313845130512183,-3.29659318637275,0.397023398568727,0.593023398568727
"18",3.2565130260521,-0.0349730353636846,-3.29659318637275,0.397023398568727,0.593023398568727
"19",3.99799599198397,-0.156579009639043,-3.29659318637275,0.397023398568727,0.593023398568727
"20",4.03807615230461,-0.211590057007072,-3.29659318637275,0.397023398568727,0.593023398568727
