"","x","yplot","target","ftrue","fwrong"
"1",-4.15831663326653,0.748405436090824,1.01202404809619,0.0600917063596496,-0.13590829364035
"2",-4.11823647294589,0.690497173213007,1.01202404809619,0.0600917063596496,-0.13590829364035
"3",-1.93386773547094,0.315109662074225,1.01202404809619,0.0600917063596496,-0.13590829364035
"4",-0.31062124248497,0.279109679316652,1.01202404809619,0.0600917063596496,-0.13590829364035
"5",0.0300601202404804,0.0956185061523873,1.01202404809619,0.0600917063596496,-0.13590829364035
"6",0.0501002004008013,0.272580027461673,1.01202404809619,0.0600917063596496,-0.13590829364035
"7",0.370741482965932,0.0509501155867233,1.01202404809619,0.0600917063596496,-0.13590829364035
"8",0.410821643286573,0.273162452167237,1.01202404809619,0.0600917063596496,-0.13590829364035
"9",0.511022044088176,0.253137315197974,1.01202404809619,0.0600917063596496,-0.13590829364035
"10",0.731462925851703,0.0863148753785256,1.01202404809619,0.0600917063596496,-0.13590829364035
"11",0.991983967935871,0.0630134705891842,1.01202404809619,0.0600917063596496,-0.13590829364035
"12",1.07214428857715,-0.0100644167869502,1.01202404809619,0.0600917063596496,-0.13590829364035
"13",1.1122244488978,-0.0846981914894697,1.01202404809619,0.0600917063596496,-0.13590829364035
"14",1.2124248496994,0.0961690979758643,1.01202404809619,0.0600917063596496,-0.13590829364035
"15",1.312625250501,-0.128913970131119,1.01202404809619,0.0600917063596496,-0.13590829364035
"16",1.4128256513026,-0.00575373818484827,1.01202404809619,0.0600917063596496,-0.13590829364035
"17",1.45290581162325,-0.0809414040423864,1.01202404809619,0.0600917063596496,-0.13590829364035
"18",1.57314629258517,-0.193146896908017,1.01202404809619,0.0600917063596496,-0.13590829364035
"19",1.65330661322645,0.0529236738546476,1.01202404809619,0.0600917063596496,-0.13590829364035
"20",1.71342685370741,-0.0653309739646707,1.01202404809619,0.0600917063596496,-0.13590829364035
"21",1.73346693386774,0.0595000918690361,1.01202404809619,0.0600917063596496,-0.13590829364035
"22",1.77354709418838,-0.0906946162949393,1.01202404809619,0.0600917063596496,-0.13590829364035
"23",1.8937875751503,-0.180185867046173,1.01202404809619,0.0600917063596496,-0.13590829364035
"24",1.93386773547094,-0.286100859097626,1.01202404809619,0.0600917063596496,-0.13590829364035
"25",1.9939879759519,0.0385913696463368,1.01202404809619,0.0600917063596496,-0.13590829364035
"26",2.01402805611222,-0.198857871469581,1.01202404809619,0.0600917063596496,-0.13590829364035
"27",2.23446893787575,-0.177236154023447,1.01202404809619,0.0600917063596496,-0.13590829364035
"28",2.73547094188377,-0.281887475226688,1.01202404809619,0.0600917063596496,-0.13590829364035
"29",3.03607214428858,-0.42988945850308,1.01202404809619,0.0600917063596496,-0.13590829364035
"30",3.19639278557114,-0.408708413358927,1.01202404809619,0.0600917063596496,-0.13590829364035
