"","x","yplot","target","ftrue","fwrong"
"1",-4.95991983967936,0.970791629290813,2.15430861723447,-0.373642879636257,-0.569642879636257
"2",-4.75951903807615,0.769433989668288,2.15430861723447,-0.373642879636257,-0.569642879636257
"3",-4.47895791583166,0.876402731962711,2.15430861723447,-0.373642879636257,-0.569642879636257
"4",-4.25851703406814,0.573698569811363,2.15430861723447,-0.373642879636257,-0.569642879636257
"5",-3.93787575150301,0.535222047102545,2.15430861723447,-0.373642879636257,-0.569642879636257
"6",-2.95591182364729,0.236434998739391,2.15430861723447,-0.373642879636257,-0.569642879636257
"7",-1.97394789579158,0.133843618061874,2.15430861723447,-0.373642879636257,-0.569642879636257
"8",-1.91382765531062,0.136374604238444,2.15430861723447,-0.373642879636257,-0.569642879636257
"9",-1.45290581162325,-0.0818919981960266,2.15430861723447,-0.373642879636257,-0.569642879636257
"10",-1.35270541082164,-0.00405176587217085,2.15430861723447,-0.373642879636257,-0.569642879636257
"11",-1.23246492985972,-0.134423285805884,2.15430861723447,-0.373642879636257,-0.569642879636257
"12",-1.05210420841683,-0.0435319113048185,2.15430861723447,-0.373642879636257,-0.569642879636257
"13",-1.03206412825651,-0.0124791149632722,2.15430861723447,-0.373642879636257,-0.569642879636257
"14",-0.831663326653307,-0.122753004584228,2.15430861723447,-0.373642879636257,-0.569642879636257
"15",-0.330661322645291,-0.137903165810795,2.15430861723447,-0.373642879636257,-0.569642879636257
"16",-0.150300601202405,-0.123996924995353,2.15430861723447,-0.373642879636257,-0.569642879636257
"17",0.270541082164328,-0.199846028331521,2.15430861723447,-0.373642879636257,-0.569642879636257
"18",0.33066132264529,-0.224070061403441,2.15430861723447,-0.373642879636257,-0.569642879636257
"19",0.410821643286573,-0.367221032655198,2.15430861723447,-0.373642879636257,-0.569642879636257
"20",0.651302605210421,-0.404976674658301,2.15430861723447,-0.373642879636257,-0.569642879636257
"21",1.15230460921844,-0.175770942726285,2.15430861723447,-0.373642879636257,-0.569642879636257
"22",1.47294589178357,-0.440430657666189,2.15430861723447,-0.373642879636257,-0.569642879636257
"23",1.49298597194389,-0.29160095139044,2.15430861723447,-0.373642879636257,-0.569642879636257
"24",1.51302605210421,-0.368243563741591,2.15430861723447,-0.373642879636257,-0.569642879636257
"25",1.57314629258517,-0.382925910361066,2.15430861723447,-0.373642879636257,-0.569642879636257
"26",1.63326653306613,-0.401000747421063,2.15430861723447,-0.373642879636257,-0.569642879636257
"27",1.81362725450902,-0.467857452744151,2.15430861723447,-0.373642879636257,-0.569642879636257
"28",2.15430861723447,-0.261727137038471,2.15430861723447,-0.373642879636257,-0.569642879636257
"29",2.67535070140281,-0.330300060312591,2.15430861723447,-0.373642879636257,-0.569642879636257
"30",2.79559118236473,-0.280065418756309,2.15430861723447,-0.373642879636257,-0.569642879636257
"31",2.81563126252505,-0.294295063137053,2.15430861723447,-0.373642879636257,-0.569642879636257
"32",2.85571142284569,-0.345129751006839,2.15430861723447,-0.373642879636257,-0.569642879636257
"33",3.09619238476954,-0.397217347981704,2.15430861723447,-0.373642879636257,-0.569642879636257
"34",3.19639278557114,-0.270331536452123,2.15430861723447,-0.373642879636257,-0.569642879636257
"35",3.27655310621243,-0.349668553111144,2.15430861723447,-0.373642879636257,-0.569642879636257
"36",3.67735470941884,-0.192385091042678,2.15430861723447,-0.373642879636257,-0.569642879636257
"37",4.35871743486974,-0.219484798296269,2.15430861723447,-0.373642879636257,-0.569642879636257
"38",4.43887775551102,-0.0917383254600536,2.15430861723447,-0.373642879636257,-0.569642879636257
"39",4.47895791583166,-0.148701459264588,2.15430861723447,-0.373642879636257,-0.569642879636257
"40",4.61923847695391,-0.196208688836857,2.15430861723447,-0.373642879636257,-0.569642879636257
