"","x","yplot","target","ftrue","fwrong"
"1",-4.79959919839679,0.330603548135939,-2.51503006012024,0.00671095709268132,-0.189289042907319
"2",-3.2565130260521,0.263276701215559,-2.51503006012024,0.00671095709268132,-0.189289042907319
"3",-3.09619238476954,0.345443260165428,-2.51503006012024,0.00671095709268132,-0.189289042907319
"4",-3.01603206412826,0.0501665488432387,-2.51503006012024,0.00671095709268132,-0.189289042907319
"5",-2.85571142284569,-0.10024478637418,-2.51503006012024,0.00671095709268132,-0.189289042907319
"6",-2.75551102204409,-0.0227119900636183,-2.51503006012024,0.00671095709268132,-0.189289042907319
"7",-2.59519038076152,0.130573630931044,-2.51503006012024,0.00671095709268132,-0.189289042907319
"8",-2.49498997995992,-0.0974851160280181,-2.51503006012024,0.00671095709268132,-0.189289042907319
"9",-2.39478957915832,-0.0391162746396954,-2.51503006012024,0.00671095709268132,-0.189289042907319
"10",-2.374749498998,-0.0595656345033691,-2.51503006012024,0.00671095709268132,-0.189289042907319
"11",-2.23446893787575,0.0281714012263259,-2.51503006012024,0.00671095709268132,-0.189289042907319
"12",-1.73346693386774,-0.115164846102645,-2.51503006012024,0.00671095709268132,-0.189289042907319
"13",-1.61322645290581,-0.215728236325351,-2.51503006012024,0.00671095709268132,-0.189289042907319
"14",-1.55310621242485,-0.0496441017993268,-2.51503006012024,0.00671095709268132,-0.189289042907319
"15",-1.53306613226453,-0.267254955231315,-2.51503006012024,0.00671095709268132,-0.189289042907319
"16",0.771543086172344,-0.66454826219115,-2.51503006012024,0.00671095709268132,-0.189289042907319
"17",1.59318637274549,-0.845931839158647,-2.51503006012024,0.00671095709268132,-0.189289042907319
"18",2.35470941883768,-0.722610902722217,-2.51503006012024,0.00671095709268132,-0.189289042907319
"19",2.5751503006012,-0.759796479323807,-2.51503006012024,0.00671095709268132,-0.189289042907319
"20",4.05811623246493,-0.802352205577205,-2.51503006012024,0.00671095709268132,-0.189289042907319
