"","x","yplot","target","ftrue","fwrong"
"1",-4.65931863727455,-0.627589375816912,0.671342685370742,0.361485312083446,0.165485312083446
"2",-3.37675350701403,0.451667304510252,0.671342685370742,0.361485312083446,0.165485312083446
"3",-0.290581162324649,0.468938820312222,0.671342685370742,0.361485312083446,0.165485312083446
"4",-0.210420841683367,0.754870053269573,0.671342685370742,0.361485312083446,0.165485312083446
"5",0.0100200400801604,0.721877741611577,0.671342685370742,0.361485312083446,0.165485312083446
"6",0.0701402805611222,0.652256413097351,0.671342685370742,0.361485312083446,0.165485312083446
"7",0.611222444889779,0.425154533705996,0.671342685370742,0.361485312083446,0.165485312083446
"8",0.93186372745491,0.110187042704924,0.671342685370742,0.361485312083446,0.165485312083446
"9",1.37274549098196,0.180766135769237,0.671342685370742,0.361485312083446,0.165485312083446
"10",2.65531062124249,-0.629093136791637,0.671342685370742,0.361485312083446,0.165485312083446
