"","x","yplot","target","ftrue","fwrong"
"1",-4.8997995991984,0.451953381524259,0.731462925851703,-0.609633443902087,-0.805633443902087
"2",-2.75551102204409,0.40740669840601,0.731462925851703,-0.609633443902087,-0.805633443902087
"3",-2.07414829659319,0.583130773000402,0.731462925851703,-0.609633443902087,-0.805633443902087
"4",-0.631262525050101,-0.24222962036037,0.731462925851703,-0.609633443902087,-0.805633443902087
"5",-0.0901803607214431,-0.35673314166475,0.731462925851703,-0.609633443902087,-0.805633443902087
"6",0.130260521042084,-0.397659664298952,0.731462925851703,-0.609633443902087,-0.805633443902087
"7",0.370741482965932,-0.540119528615512,0.731462925851703,-0.609633443902087,-0.805633443902087
"8",0.470941883767535,-0.482041491091746,0.731462925851703,-0.609633443902087,-0.805633443902087
"9",0.511022044088176,-0.642286966979065,0.731462925851703,-0.609633443902087,-0.805633443902087
"10",0.751503006012024,-0.732912559134142,0.731462925851703,-0.609633443902087,-0.805633443902087
"11",0.811623246492986,-0.714737167022664,0.731462925851703,-0.609633443902087,-0.805633443902087
"12",0.831663326653306,-0.573768706049306,0.731462925851703,-0.609633443902087,-0.805633443902087
"13",0.891783567134269,-0.937122057933786,0.731462925851703,-0.609633443902087,-0.805633443902087
"14",0.911823647294589,-0.648694597812835,0.731462925851703,-0.609633443902087,-0.805633443902087
"15",0.93186372745491,-0.717105653273913,0.731462925851703,-0.609633443902087,-0.805633443902087
"16",0.95190380761523,-0.720174024421311,0.731462925851703,-0.609633443902087,-0.805633443902087
"17",0.971943887775551,-0.759142289783641,0.731462925851703,-0.609633443902087,-0.805633443902087
"18",1.07214428857715,-0.677301891351929,0.731462925851703,-0.609633443902087,-0.805633443902087
"19",1.09218436873747,-0.721409858962017,0.731462925851703,-0.609633443902087,-0.805633443902087
"20",1.13226452905812,-1.01395911296706,0.731462925851703,-0.609633443902087,-0.805633443902087
"21",1.15230460921844,-0.639824462721455,0.731462925851703,-0.609633443902087,-0.805633443902087
"22",1.312625250501,-0.828624370506705,0.731462925851703,-0.609633443902087,-0.805633443902087
"23",1.35270541082164,-0.76080810797627,0.731462925851703,-0.609633443902087,-0.805633443902087
"24",1.37274549098196,-0.807763930880239,0.731462925851703,-0.609633443902087,-0.805633443902087
"25",1.65330661322645,-0.915824556921271,0.731462925851703,-0.609633443902087,-0.805633443902087
"26",2.09418837675351,-0.81325304502356,0.731462925851703,-0.609633443902087,-0.805633443902087
"27",2.89579158316633,-1.04860376749574,0.731462925851703,-0.609633443902087,-0.805633443902087
"28",3.01603206412826,-0.811721145683236,0.731462925851703,-0.609633443902087,-0.805633443902087
"29",3.33667334669339,-1.03341919714075,0.731462925851703,-0.609633443902087,-0.805633443902087
"30",4.53907815631263,-0.600131259806862,0.731462925851703,-0.609633443902087,-0.805633443902087
