"","x","yplot","target","ftrue","fwrong"
"1",-4.49899799599198,-0.384300666106541,-2.81563126252505,-0.436958339321063,-0.240958339321063
"2",-4.4188376753507,-0.351657364871015,-2.81563126252505,-0.436958339321063,-0.240958339321063
"3",-3.41683366733467,-0.436626387632987,-2.81563126252505,-0.436958339321063,-0.240958339321063
"4",-3.37675350701403,-0.589896107111191,-2.81563126252505,-0.436958339321063,-0.240958339321063
"5",-3.19639278557114,-0.490815976471071,-2.81563126252505,-0.436958339321063,-0.240958339321063
"6",-3.13627254509018,-0.56205299595905,-2.81563126252505,-0.436958339321063,-0.240958339321063
"7",-3.01603206412826,-0.406295296355582,-2.81563126252505,-0.436958339321063,-0.240958339321063
"8",-2.99599198396794,-0.552551368151858,-2.81563126252505,-0.436958339321063,-0.240958339321063
"9",-2.91583166332665,-0.457399114426147,-2.81563126252505,-0.436958339321063,-0.240958339321063
"10",-2.89579158316633,-0.580584477296837,-2.81563126252505,-0.436958339321063,-0.240958339321063
"11",-2.85571142284569,-0.605685073740537,-2.81563126252505,-0.436958339321063,-0.240958339321063
"12",-2.77555110220441,-0.444303754614595,-2.81563126252505,-0.436958339321063,-0.240958339321063
"13",-2.75551102204409,-0.395835386124935,-2.81563126252505,-0.436958339321063,-0.240958339321063
"14",-2.73547094188377,-0.279872509320266,-2.81563126252505,-0.436958339321063,-0.240958339321063
"15",-2.67535070140281,-0.448371445792108,-2.81563126252505,-0.436958339321063,-0.240958339321063
"16",-2.63527054108216,-0.457591452609379,-2.81563126252505,-0.436958339321063,-0.240958339321063
"17",-2.374749498998,-0.283989008497889,-2.81563126252505,-0.436958339321063,-0.240958339321063
"18",-2.27454909819639,-0.184310064693951,-2.81563126252505,-0.436958339321063,-0.240958339321063
"19",-2.25450901803607,-0.245248919644518,-2.81563126252505,-0.436958339321063,-0.240958339321063
"20",-2.19438877755511,-0.228485999010161,-2.81563126252505,-0.436958339321063,-0.240958339321063
"21",-2.11422845691383,-0.0214316938475751,-2.81563126252505,-0.436958339321063,-0.240958339321063
"22",-1.8937875751503,-0.0291911981186678,-2.81563126252505,-0.436958339321063,-0.240958339321063
"23",-1.83366733466934,0.119862484170822,-2.81563126252505,-0.436958339321063,-0.240958339321063
"24",-1.53306613226453,0.240124906933752,-2.81563126252505,-0.436958339321063,-0.240958339321063
"25",0.531062124248497,0.485603125665567,-2.81563126252505,-0.436958339321063,-0.240958339321063
"26",2.67535070140281,-0.0220551575141055,-2.81563126252505,-0.436958339321063,-0.240958339321063
"27",3.37675350701403,0.315661843059146,-2.81563126252505,-0.436958339321063,-0.240958339321063
"28",3.97795591182365,0.720150100285126,-2.81563126252505,-0.436958339321063,-0.240958339321063
"29",4.91983967935872,0.530683643113591,-2.81563126252505,-0.436958339321063,-0.240958339321063
"30",4.93987975951904,0.454776564869308,-2.81563126252505,-0.436958339321063,-0.240958339321063
