"","x","yplot","target","ftrue","fwrong"
"1",-4.81963927855711,0.582485829282884,-1.312625250501,-0.214487426779231,-0.410487426779231
"2",-3.79759519038076,0.331002560517121,-1.312625250501,-0.214487426779231,-0.410487426779231
"3",-3.7374749498998,0.498528603422425,-1.312625250501,-0.214487426779231,-0.410487426779231
"4",-3.19639278557114,0.096376848978155,-1.312625250501,-0.214487426779231,-0.410487426779231
"5",-3.13627254509018,0.363353439340724,-1.312625250501,-0.214487426779231,-0.410487426779231
"6",-3.09619238476954,0.141532694850231,-1.312625250501,-0.214487426779231,-0.410487426779231
"7",-2.73547094188377,-0.0287302316611854,-1.312625250501,-0.214487426779231,-0.410487426779231
"8",-2.67535070140281,0.153098279270102,-1.312625250501,-0.214487426779231,-0.410487426779231
"9",-2.27454909819639,-0.153311742041534,-1.312625250501,-0.214487426779231,-0.410487426779231
"10",-2.23446893787575,0.091540871671204,-1.312625250501,-0.214487426779231,-0.410487426779231
"11",-2.19438877755511,-0.105139573650662,-1.312625250501,-0.214487426779231,-0.410487426779231
"12",-2.09418837675351,0.0409391541739331,-1.312625250501,-0.214487426779231,-0.410487426779231
"13",-2.07414829659319,-0.230655132388111,-1.312625250501,-0.214487426779231,-0.410487426779231
"14",-2.03406813627255,-0.189967380911563,-1.312625250501,-0.214487426779231,-0.410487426779231
"15",-2.01402805611222,-0.0411228834271034,-1.312625250501,-0.214487426779231,-0.410487426779231
"16",-1.93386773547094,-0.247105853586428,-1.312625250501,-0.214487426779231,-0.410487426779231
"17",-1.8937875751503,-0.0162757532842648,-1.312625250501,-0.214487426779231,-0.410487426779231
"18",-1.7935871743487,-0.0562034101456707,-1.312625250501,-0.214487426779231,-0.410487426779231
"19",-1.67334669338677,-0.207012179027579,-1.312625250501,-0.214487426779231,-0.410487426779231
"20",-1.59318637274549,-0.101237987513464,-1.312625250501,-0.214487426779231,-0.410487426779231
"21",-1.49298597194389,-0.0397897002712485,-1.312625250501,-0.214487426779231,-0.410487426779231
"22",-1.47294589178357,-0.301176293243549,-1.312625250501,-0.214487426779231,-0.410487426779231
"23",-1.43286573146293,-0.436970963452876,-1.312625250501,-0.214487426779231,-0.410487426779231
"24",-1.27254509018036,-0.101519570413011,-1.312625250501,-0.214487426779231,-0.410487426779231
"25",-1.07214428857715,-0.182954614761724,-1.312625250501,-0.214487426779231,-0.410487426779231
"26",-0.991983967935872,-0.380803522022766,-1.312625250501,-0.214487426779231,-0.410487426779231
"27",-0.91182364729459,-0.229223448783992,-1.312625250501,-0.214487426779231,-0.410487426779231
"28",-0.891783567134269,-0.346058843185639,-1.312625250501,-0.214487426779231,-0.410487426779231
"29",-0.811623246492986,-0.246500987587773,-1.312625250501,-0.214487426779231,-0.410487426779231
"30",-0.731462925851703,-0.357112550603729,-1.312625250501,-0.214487426779231,-0.410487426779231
"31",-0.651302605210421,-0.395048593688412,-1.312625250501,-0.214487426779231,-0.410487426779231
"32",-0.631262525050101,-0.394067680054892,-1.312625250501,-0.214487426779231,-0.410487426779231
"33",-0.61122244488978,-0.190576271433343,-1.312625250501,-0.214487426779231,-0.410487426779231
"34",-0.531062124248497,-0.376045758608429,-1.312625250501,-0.214487426779231,-0.410487426779231
"35",-0.490981963927856,-0.368241523670054,-1.312625250501,-0.214487426779231,-0.410487426779231
"36",-0.330661322645291,-0.484303730252317,-1.312625250501,-0.214487426779231,-0.410487426779231
"37",-0.190380761523047,-0.41903053391964,-1.312625250501,-0.214487426779231,-0.410487426779231
"38",1.67334669338677,-0.679391488688333,-1.312625250501,-0.214487426779231,-0.410487426779231
"39",3.31663326653307,-0.701503019448992,-1.312625250501,-0.214487426779231,-0.410487426779231
"40",3.47695390781563,-0.596858273780896,-1.312625250501,-0.214487426779231,-0.410487426779231
