"","x","yplot","target","ftrue","fwrong"
"1",-4.79959919839679,-0.6000177166707,-3.57715430861723,-0.1692905905228,-0.3652905905228
"2",-4.75951903807615,-0.565352557199978,-3.57715430861723,-0.1692905905228,-0.3652905905228
"3",-4.51903807615231,-0.603839221073586,-3.57715430861723,-0.1692905905228,-0.3652905905228
"4",-4.49899799599198,-0.643011770384969,-3.57715430861723,-0.1692905905228,-0.3652905905228
"5",-4.43887775551102,-0.467823500834464,-3.57715430861723,-0.1692905905228,-0.3652905905228
"6",-3.85771543086172,-0.177911395877748,-3.57715430861723,-0.1692905905228,-0.3652905905228
"7",-3.35671342685371,0.00705503104533999,-3.57715430861723,-0.1692905905228,-0.3652905905228
"8",-3.33667334669339,-0.0195895401959928,-3.57715430861723,-0.1692905905228,-0.3652905905228
"9",-3.31663326653307,-0.175576661669299,-3.57715430861723,-0.1692905905228,-0.3652905905228
"10",-3.27655310621242,0.0387055180662008,-3.57715430861723,-0.1692905905228,-0.3652905905228
"11",-2.87575150300601,-0.0815625970781192,-3.57715430861723,-0.1692905905228,-0.3652905905228
"12",-2.35470941883768,0.0430334085755156,-3.57715430861723,-0.1692905905228,-0.3652905905228
"13",-1.09218436873748,0.326141570361808,-3.57715430861723,-0.1692905905228,-0.3652905905228
"14",-0.771543086172345,0.648183184294891,-3.57715430861723,-0.1692905905228,-0.3652905905228
"15",-0.711422845691383,0.545706125174975,-3.57715430861723,-0.1692905905228,-0.3652905905228
"16",0.130260521042084,0.753547139858309,-3.57715430861723,-0.1692905905228,-0.3652905905228
"17",0.611222444889779,0.674706454293884,-3.57715430861723,-0.1692905905228,-0.3652905905228
"18",0.771543086172344,0.691430084412684,-3.57715430861723,-0.1692905905228,-0.3652905905228
"19",0.95190380761523,0.726304512318075,-3.57715430861723,-0.1692905905228,-0.3652905905228
"20",1.1122244488978,0.765186733352023,-3.57715430861723,-0.1692905905228,-0.3652905905228
"21",1.97394789579158,0.808843721798827,-3.57715430861723,-0.1692905905228,-0.3652905905228
"22",2.03406813627254,0.767873094429342,-3.57715430861723,-0.1692905905228,-0.3652905905228
"23",2.29458917835671,0.866590659003554,-3.57715430861723,-0.1692905905228,-0.3652905905228
"24",2.69539078156313,0.63140147383071,-3.57715430861723,-0.1692905905228,-0.3652905905228
"25",3.87775551102204,0.40857248414917,-3.57715430861723,-0.1692905905228,-0.3652905905228
"26",3.99799599198397,0.291716338254063,-3.57715430861723,-0.1692905905228,-0.3652905905228
"27",4.05811623246493,0.226011512842035,-3.57715430861723,-0.1692905905228,-0.3652905905228
"28",4.09819639278557,0.318006851112461,-3.57715430861723,-0.1692905905228,-0.3652905905228
"29",4.37875751503006,0.438444976740687,-3.57715430861723,-0.1692905905228,-0.3652905905228
"30",4.79959919839679,0.351783975390992,-3.57715430861723,-0.1692905905228,-0.3652905905228
