"","x","yplot","target","ftrue","fwrong"
"1",-4.91983967935872,0.200217256618744,0.0300601202404804,0.323770352737036,0.519770352737036
"2",-4.87975951903808,0.476564481946722,0.0300601202404804,0.323770352737036,0.519770352737036
"3",-4.51903807615231,0.628303120023962,0.0300601202404804,0.323770352737036,0.519770352737036
"4",-4.33867735470942,0.425244786246149,0.0300601202404804,0.323770352737036,0.519770352737036
"5",-3.99799599198397,0.416996659802861,0.0300601202404804,0.323770352737036,0.519770352737036
"6",-3.7374749498998,0.444080134624209,0.0300601202404804,0.323770352737036,0.519770352737036
"7",-3.71743486973948,0.471239761246746,0.0300601202404804,0.323770352737036,0.519770352737036
"8",-3.61723446893788,0.558066570457485,0.0300601202404804,0.323770352737036,0.519770352737036
"9",-3.27655310621242,0.47718595695095,0.0300601202404804,0.323770352737036,0.519770352737036
"10",-2.89579158316633,0.395850743796299,0.0300601202404804,0.323770352737036,0.519770352737036
"11",-1.71342685370742,0.531294483712901,0.0300601202404804,0.323770352737036,0.519770352737036
"12",-1.39278557114228,0.485254451281828,0.0300601202404804,0.323770352737036,0.519770352737036
"13",-1.13226452905812,0.63869504799226,0.0300601202404804,0.323770352737036,0.519770352737036
"14",-0.93186372745491,0.284161297991117,0.0300601202404804,0.323770352737036,0.519770352737036
"15",-0.811623246492986,0.463467691338841,0.0300601202404804,0.323770352737036,0.519770352737036
"16",-0.671342685370742,0.483996202556563,0.0300601202404804,0.323770352737036,0.519770352737036
"17",-0.370741482965932,0.418467298277516,0.0300601202404804,0.323770352737036,0.519770352737036
"18",-0.31062124248497,0.392349544538484,0.0300601202404804,0.323770352737036,0.519770352737036
"19",-0.190380761523047,0.546299541647952,0.0300601202404804,0.323770352737036,0.519770352737036
"20",-0.0901803607214431,0.261453079080211,0.0300601202404804,0.323770352737036,0.519770352737036
"21",-0.0300601202404813,0.193081290650507,0.0300601202404804,0.323770352737036,0.519770352737036
"22",0.370741482965932,0.384821026080218,0.0300601202404804,0.323770352737036,0.519770352737036
"23",0.490981963927855,0.059972171948853,0.0300601202404804,0.323770352737036,0.519770352737036
"24",0.551102204408817,0.444433307236774,0.0300601202404804,0.323770352737036,0.519770352737036
"25",0.671342685370742,0.188016268261832,0.0300601202404804,0.323770352737036,0.519770352737036
"26",1.33266533066132,0.117197382169938,0.0300601202404804,0.323770352737036,0.519770352737036
"27",1.45290581162325,0.0403263373195763,0.0300601202404804,0.323770352737036,0.519770352737036
"28",1.83366733466934,0.0112756287583524,0.0300601202404804,0.323770352737036,0.519770352737036
"29",1.87374749498998,0.00496738953779035,0.0300601202404804,0.323770352737036,0.519770352737036
"30",2.03406813627254,0.0181319981619162,0.0300601202404804,0.323770352737036,0.519770352737036
"31",2.49498997995992,-0.139200455839112,0.0300601202404804,0.323770352737036,0.519770352737036
"32",2.5751503006012,-0.0718419288378093,0.0300601202404804,0.323770352737036,0.519770352737036
"33",2.71543086172345,-0.228084711655125,0.0300601202404804,0.323770352737036,0.519770352737036
"34",3.23647294589178,-0.271249148837471,0.0300601202404804,0.323770352737036,0.519770352737036
"35",3.33667334669339,-0.341039234157256,0.0300601202404804,0.323770352737036,0.519770352737036
"36",3.53707414829659,-0.291095970290652,0.0300601202404804,0.323770352737036,0.519770352737036
"37",3.81763527054108,-0.528587249207482,0.0300601202404804,0.323770352737036,0.519770352737036
"38",3.87775551102204,-0.49991594894285,0.0300601202404804,0.323770352737036,0.519770352737036
"39",4.19839679358717,-0.694290944603381,0.0300601202404804,0.323770352737036,0.519770352737036
"40",4.35871743486974,-0.628262296902742,0.0300601202404804,0.323770352737036,0.519770352737036
