"","x","yplot","target","ftrue","fwrong"
"1",-4.97995991983968,0.336600757804301,-3.6372745490982,0.526477642805847,0.722477642805847
"2",-4.73947895791583,0.516404341328142,-3.6372745490982,0.526477642805847,0.722477642805847
"3",-4.61923847695391,0.358109481746062,-3.6372745490982,0.526477642805847,0.722477642805847
"4",-4.51903807615231,0.665797645451802,-3.6372745490982,0.526477642805847,0.722477642805847
"5",-4.4188376753507,0.646205977561968,-3.6372745490982,0.526477642805847,0.722477642805847
"6",-4.39879759519038,0.592121554762307,-3.6372745490982,0.526477642805847,0.722477642805847
"7",-4.37875751503006,0.431980742896857,-3.6372745490982,0.526477642805847,0.722477642805847
"8",-4.35871743486974,0.408879303095205,-3.6372745490982,0.526477642805847,0.722477642805847
"9",-4.19839679358717,0.468595461805556,-3.6372745490982,0.526477642805847,0.722477642805847
"10",-4.15831663326653,0.29985545900188,-3.6372745490982,0.526477642805847,0.722477642805847
"11",-4.13827655310621,0.537482830509749,-3.6372745490982,0.526477642805847,0.722477642805847
"12",-4.11823647294589,0.465637812177878,-3.6372745490982,0.526477642805847,0.722477642805847
"13",-4.07815631262525,0.697020797345578,-3.6372745490982,0.526477642805847,0.722477642805847
"14",-3.91783567134269,0.676321735934542,-3.6372745490982,0.526477642805847,0.722477642805847
"15",-3.85771543086172,0.254617012647395,-3.6372745490982,0.526477642805847,0.722477642805847
"16",-3.8376753507014,0.534058954824512,-3.6372745490982,0.526477642805847,0.722477642805847
"17",-3.7374749498998,0.431015722701895,-3.6372745490982,0.526477642805847,0.722477642805847
"18",-3.71743486973948,0.611758872025606,-3.6372745490982,0.526477642805847,0.722477642805847
"19",-3.65731462925852,0.270617905536696,-3.6372745490982,0.526477642805847,0.722477642805847
"20",-3.6372745490982,0.352405043555039,-3.6372745490982,0.526477642805847,0.722477642805847
"21",-3.61723446893788,0.400323605921119,-3.6372745490982,0.526477642805847,0.722477642805847
"22",-3.51703406813627,0.513597705289091,-3.6372745490982,0.526477642805847,0.722477642805847
"23",-3.49699398797595,0.701339397566919,-3.6372745490982,0.526477642805847,0.722477642805847
"24",-3.47695390781563,0.401808117563305,-3.6372745490982,0.526477642805847,0.722477642805847
"25",-3.39679358717435,0.406056441970167,-3.6372745490982,0.526477642805847,0.722477642805847
"26",-3.29659318637275,0.562898383141617,-3.6372745490982,0.526477642805847,0.722477642805847
"27",-3.27655310621242,0.588831727349809,-3.6372745490982,0.526477642805847,0.722477642805847
"28",-3.09619238476954,0.387823851112123,-3.6372745490982,0.526477642805847,0.722477642805847
"29",-3.03607214428858,0.523561843288126,-3.6372745490982,0.526477642805847,0.722477642805847
"30",-2.95591182364729,0.695713891172127,-3.6372745490982,0.526477642805847,0.722477642805847
"31",-2.93587174348697,0.507462659113517,-3.6372745490982,0.526477642805847,0.722477642805847
"32",-2.91583166332665,0.541192326075102,-3.6372745490982,0.526477642805847,0.722477642805847
"33",-2.79559118236473,0.577969065319189,-3.6372745490982,0.526477642805847,0.722477642805847
"34",-2.73547094188377,0.521344575322903,-3.6372745490982,0.526477642805847,0.722477642805847
"35",-2.71543086172345,0.80682648989524,-3.6372745490982,0.526477642805847,0.722477642805847
"36",-2.67535070140281,0.492195008167502,-3.6372745490982,0.526477642805847,0.722477642805847
"37",-2.65531062124249,0.536413030764805,-3.6372745490982,0.526477642805847,0.722477642805847
"38",-1.87374749498998,0.53796254276488,-3.6372745490982,0.526477642805847,0.722477642805847
"39",-1.57314629258517,0.683311662735438,-3.6372745490982,0.526477642805847,0.722477642805847
"40",-1.312625250501,0.626907383103195,-3.6372745490982,0.526477642805847,0.722477642805847
"41",-1.03206412825651,0.519942201108659,-3.6372745490982,0.526477642805847,0.722477642805847
"42",-0.95190380761523,0.482140933825808,-3.6372745490982,0.526477642805847,0.722477642805847
"43",-0.0901803607214431,0.38185811737749,-3.6372745490982,0.526477642805847,0.722477642805847
"44",0.150300601202405,0.461060182758616,-3.6372745490982,0.526477642805847,0.722477642805847
"45",0.6312625250501,0.144336903551699,-3.6372745490982,0.526477642805847,0.722477642805847
"46",0.871743486973948,0.234130573637427,-3.6372745490982,0.526477642805847,0.722477642805847
"47",1.81362725450902,-0.119699886237903,-3.6372745490982,0.526477642805847,0.722477642805847
"48",1.85370741482966,0.0138902357389812,-3.6372745490982,0.526477642805847,0.722477642805847
"49",2.25450901803607,-0.303677246474026,-3.6372745490982,0.526477642805847,0.722477642805847
"50",3.29659318637274,-0.365642248245703,-3.6372745490982,0.526477642805847,0.722477642805847
