"","x","yplot","target","ftrue","fwrong"
"1",-4.75951903807615,0.777992063325507,1.67334669338677,-0.744400635714807,-0.940400635714807
"2",-4.43887775551102,0.67511841013796,1.67334669338677,-0.744400635714807,-0.940400635714807
"3",-4.39879759519038,0.717101955261992,1.67334669338677,-0.744400635714807,-0.940400635714807
"4",-4.13827655310621,0.520691154482093,1.67334669338677,-0.744400635714807,-0.940400635714807
"5",-4.01803607214429,0.568712639003818,1.67334669338677,-0.744400635714807,-0.940400635714807
"6",-3.99799599198397,0.640406216343384,1.67334669338677,-0.744400635714807,-0.940400635714807
"7",-3.77755511022044,0.405957836262044,1.67334669338677,-0.744400635714807,-0.940400635714807
"8",-3.49699398797595,0.437229759791368,1.67334669338677,-0.744400635714807,-0.940400635714807
"9",-3.2565130260521,0.419520749318917,1.67334669338677,-0.744400635714807,-0.940400635714807
"10",-2.45490981963928,0.167800948881416,1.67334669338677,-0.744400635714807,-0.940400635714807
"11",-1.95390781563126,-0.0176661608806848,1.67334669338677,-0.744400635714807,-0.940400635714807
"12",-1.65330661322645,-0.140935411592096,1.67334669338677,-0.744400635714807,-0.940400635714807
"13",-1.61322645290581,-0.292044511293678,1.67334669338677,-0.744400635714807,-0.940400635714807
"14",-1.41282565130261,-0.0972560133949412,1.67334669338677,-0.744400635714807,-0.940400635714807
"15",-0.851703406813628,-0.440634637937102,1.67334669338677,-0.744400635714807,-0.940400635714807
"16",-0.731462925851703,-0.3473141697636,1.67334669338677,-0.744400635714807,-0.940400635714807
"17",0.230460921843687,-0.787545409436927,1.67334669338677,-0.744400635714807,-0.940400635714807
"18",0.31062124248497,-0.624020988080832,1.67334669338677,-0.744400635714807,-0.940400635714807
"19",0.390781563126252,-0.656632264700992,1.67334669338677,-0.744400635714807,-0.940400635714807
"20",0.511022044088176,-0.672935837801884,1.67334669338677,-0.744400635714807,-0.940400635714807
"21",0.531062124248497,-0.63282197500328,1.67334669338677,-0.744400635714807,-0.940400635714807
"22",1.15230460921844,-0.696778252234642,1.67334669338677,-0.744400635714807,-0.940400635714807
"23",1.29258517034068,-0.779824725980429,1.67334669338677,-0.744400635714807,-0.940400635714807
"24",1.47294589178357,-0.737256907277636,1.67334669338677,-0.744400635714807,-0.940400635714807
"25",1.67334669338677,-0.865401120132486,1.67334669338677,-0.744400635714807,-0.940400635714807
"26",1.69338677354709,-0.64214923302589,1.67334669338677,-0.744400635714807,-0.940400635714807
"27",1.77354709418838,-0.968248450723935,1.67334669338677,-0.744400635714807,-0.940400635714807
"28",1.85370741482966,-0.782587621382761,1.67334669338677,-0.744400635714807,-0.940400635714807
"29",1.95390781563126,-0.934062274624105,1.67334669338677,-0.744400635714807,-0.940400635714807
"30",1.9939879759519,-0.880088090144162,1.67334669338677,-0.744400635714807,-0.940400635714807
"31",2.09418837675351,-0.575019026893528,1.67334669338677,-0.744400635714807,-0.940400635714807
"32",2.17434869739479,-0.822446007382693,1.67334669338677,-0.744400635714807,-0.940400635714807
"33",2.25450901803607,-0.699950830382839,1.67334669338677,-0.744400635714807,-0.940400635714807
"34",2.31462925851703,-0.785159886943747,1.67334669338677,-0.744400635714807,-0.940400635714807
"35",2.4749498997996,-0.667138440441521,1.67334669338677,-0.744400635714807,-0.940400635714807
"36",2.51503006012024,-0.671516584616965,1.67334669338677,-0.744400635714807,-0.940400635714807
"37",2.71543086172345,-0.421623804815178,1.67334669338677,-0.744400635714807,-0.940400635714807
"38",2.73547094188377,-0.725211999876474,1.67334669338677,-0.744400635714807,-0.940400635714807
"39",2.77555110220441,-0.661308501882843,1.67334669338677,-0.744400635714807,-0.940400635714807
"40",2.89579158316633,-0.478214108624734,1.67334669338677,-0.744400635714807,-0.940400635714807
"41",2.97595190380761,-0.665821261322876,1.67334669338677,-0.744400635714807,-0.940400635714807
"42",3.31663326653307,-0.534578164183556,1.67334669338677,-0.744400635714807,-0.940400635714807
"43",3.69739478957916,-0.585629881528084,1.67334669338677,-0.744400635714807,-0.940400635714807
"44",3.77755511022044,-0.408143099453076,1.67334669338677,-0.744400635714807,-0.940400635714807
"45",3.87775551102204,-0.325030059139391,1.67334669338677,-0.744400635714807,-0.940400635714807
"46",4.09819639278557,-0.240476337073834,1.67334669338677,-0.744400635714807,-0.940400635714807
"47",4.11823647294589,-0.390169913308337,1.67334669338677,-0.744400635714807,-0.940400635714807
"48",4.61923847695391,-0.312545645518392,1.67334669338677,-0.744400635714807,-0.940400635714807
"49",4.77955911823647,-0.0884040242941619,1.67334669338677,-0.744400635714807,-0.940400635714807
"50",4.85971943887776,-0.0784769247445548,1.67334669338677,-0.744400635714807,-0.940400635714807
