"","x","yplot","target","ftrue","fwrong"
"1",-4.53907815631263,0.639927580759857,3.55711422845691,-0.645949343189683,-0.841949343189683
"2",-4.49899799599198,0.625128201955118,3.55711422845691,-0.645949343189683,-0.841949343189683
"3",-4.33867735470942,0.614669286917859,3.55711422845691,-0.645949343189683,-0.841949343189683
"4",-4.07815631262525,0.773560509548254,3.55711422845691,-0.645949343189683,-0.841949343189683
"5",-3.97795591182365,0.591518358686176,3.55711422845691,-0.645949343189683,-0.841949343189683
"6",-3.27655310621242,0.633195699415024,3.55711422845691,-0.645949343189683,-0.841949343189683
"7",-2.5751503006012,0.302721975385529,3.55711422845691,-0.645949343189683,-0.841949343189683
"8",-2.55511022044088,0.312024937959704,3.55711422845691,-0.645949343189683,-0.841949343189683
"9",-2.53507014028056,0.469872578638411,3.55711422845691,-0.645949343189683,-0.841949343189683
"10",-1.93386773547094,0.188612657160568,3.55711422845691,-0.645949343189683,-0.841949343189683
"11",-1.55310621242485,0.173525947773409,3.55711422845691,-0.645949343189683,-0.841949343189683
"12",-1.39278557114228,0.0720787633898908,3.55711422845691,-0.645949343189683,-0.841949343189683
"13",-0.95190380761523,0.221757053496198,3.55711422845691,-0.645949343189683,-0.841949343189683
"14",-0.731462925851703,0.0877446133884393,3.55711422845691,-0.645949343189683,-0.841949343189683
"15",-0.591182364729459,-0.05510349150396,3.55711422845691,-0.645949343189683,-0.841949343189683
"16",-0.350701402805611,0.195459557750953,3.55711422845691,-0.645949343189683,-0.841949343189683
"17",-0.330661322645291,0.0291022175396493,3.55711422845691,-0.645949343189683,-0.841949343189683
"18",-0.230460921843687,-0.0596213629484496,3.55711422845691,-0.645949343189683,-0.841949343189683
"19",-0.110220440881764,-0.18237615683295,3.55711422845691,-0.645949343189683,-0.841949343189683
"20",1.33266533066132,-0.0447586926644662,3.55711422845691,-0.645949343189683,-0.841949343189683
"21",2.55511022044088,-0.310277386621122,3.55711422845691,-0.645949343189683,-0.841949343189683
"22",2.63527054108216,-0.426809273394458,3.55711422845691,-0.645949343189683,-0.841949343189683
"23",3.2565130260521,-0.456338447097097,3.55711422845691,-0.645949343189683,-0.841949343189683
"24",3.6372745490982,-0.643195540503826,3.55711422845691,-0.645949343189683,-0.841949343189683
"25",3.65731462925852,-0.54408796760087,3.55711422845691,-0.645949343189683,-0.841949343189683
"26",3.91783567134268,-0.624371316599925,3.55711422845691,-0.645949343189683,-0.841949343189683
"27",4.09819639278557,-0.772437491009283,3.55711422845691,-0.645949343189683,-0.841949343189683
"28",4.23847695390782,-0.972043532038693,3.55711422845691,-0.645949343189683,-0.841949343189683
"29",4.37875751503006,-0.687218162170652,3.55711422845691,-0.645949343189683,-0.841949343189683
"30",4.49899799599198,-0.937148752545996,3.55711422845691,-0.645949343189683,-0.841949343189683
