"","x","yplot","target","ftrue","fwrong"
"1",-3.57715430861723,0.493965913298921,4.23847695390782,-0.592884223455071,-0.788884223455071
"2",-1.05210420841683,-0.0939552379178938,4.23847695390782,-0.592884223455071,-0.788884223455071
"3",-0.490981963927856,-0.165686790548362,4.23847695390782,-0.592884223455071,-0.788884223455071
"4",-0.230460921843687,-0.262329399325224,4.23847695390782,-0.592884223455071,-0.788884223455071
"5",1.71342685370741,-0.474062865104154,4.23847695390782,-0.592884223455071,-0.788884223455071
"6",1.8937875751503,-0.669346816020844,4.23847695390782,-0.592884223455071,-0.788884223455071
"7",2.63527054108216,-0.672786910812111,4.23847695390782,-0.592884223455071,-0.788884223455071
"8",3.51703406813627,-0.806374171675866,4.23847695390782,-0.592884223455071,-0.788884223455071
"9",3.6372745490982,-0.843490895446404,4.23847695390782,-0.592884223455071,-0.788884223455071
"10",4.69939879759519,-0.445261685615401,4.23847695390782,-0.592884223455071,-0.788884223455071
