"","x","yplot","target","ftrue","fwrong"
"1",-4.75951903807615,-0.533846183778588,2.63527054108216,0.486382310181587,0.290382310181587
"2",-4.19839679358717,-0.403117526424869,2.63527054108216,0.486382310181587,0.290382310181587
"3",-1.39278557114228,-0.0026044286072225,2.63527054108216,0.486382310181587,0.290382310181587
"4",-0.771543086172345,0.0366361632795824,2.63527054108216,0.486382310181587,0.290382310181587
"5",-0.731462925851703,0.0247507212194447,2.63527054108216,0.486382310181587,0.290382310181587
"6",-0.190380761523047,0.123723506441836,2.63527054108216,0.486382310181587,0.290382310181587
"7",-0.0100200400801604,0.2025459523128,2.63527054108216,0.486382310181587,0.290382310181587
"8",0.0701402805611222,0.189816096594047,2.63527054108216,0.486382310181587,0.290382310181587
"9",0.410821643286573,0.145184386438066,2.63527054108216,0.486382310181587,0.290382310181587
"10",0.591182364729459,0.327264221308871,2.63527054108216,0.486382310181587,0.290382310181587
"11",0.771543086172344,0.120986237695283,2.63527054108216,0.486382310181587,0.290382310181587
"12",1.8937875751503,0.224283261959442,2.63527054108216,0.486382310181587,0.290382310181587
"13",1.91382765531062,0.414875661731937,2.63527054108216,0.486382310181587,0.290382310181587
"14",1.93386773547094,0.324842119624802,2.63527054108216,0.486382310181587,0.290382310181587
"15",2.41482965931864,0.481484082819129,2.63527054108216,0.486382310181587,0.290382310181587
"16",3.19639278557114,0.564244260042195,2.63527054108216,0.486382310181587,0.290382310181587
"17",3.49699398797595,0.510989338951434,2.63527054108216,0.486382310181587,0.290382310181587
"18",4.43887775551102,0.74570960831189,2.63527054108216,0.486382310181587,0.290382310181587
"19",4.73947895791583,0.737961119302884,2.63527054108216,0.486382310181587,0.290382310181587
"20",4.77955911823647,0.798852730042435,2.63527054108216,0.486382310181587,0.290382310181587
