"","x","yplot","target","ftrue","fwrong"
"1",-5,-0.972251075274982,-0.210420841683367,0.459358130908682,0.655358130908682
"2",-3.45691382765531,-0.450666127579822,-0.210420841683367,0.459358130908682,0.655358130908682
"3",-2.95591182364729,-0.193327162022734,-0.210420841683367,0.459358130908682,0.655358130908682
"4",-1.77354709418838,0.103606555360433,-0.210420841683367,0.459358130908682,0.655358130908682
"5",-1.19238476953908,0.291279855197241,-0.210420841683367,0.459358130908682,0.655358130908682
"6",-1.17234468937876,0.123383147688756,-0.210420841683367,0.459358130908682,0.655358130908682
"7",-1.1122244488978,0.307693558687348,-0.210420841683367,0.459358130908682,0.655358130908682
"8",-1.09218436873748,0.368145907141171,-0.210420841683367,0.459358130908682,0.655358130908682
"9",-1.07214428857715,0.204959055985155,-0.210420841683367,0.459358130908682,0.655358130908682
"10",-1.03206412825651,0.329506229226763,-0.210420841683367,0.459358130908682,0.655358130908682
"11",-0.991983967935872,0.396703276331315,-0.210420841683367,0.459358130908682,0.655358130908682
"12",-0.851703406813628,0.486419015847323,-0.210420841683367,0.459358130908682,0.655358130908682
"13",-0.811623246492986,0.242052974673557,-0.210420841683367,0.459358130908682,0.655358130908682
"14",-0.771543086172345,0.26999352233721,-0.210420841683367,0.459358130908682,0.655358130908682
"15",-0.691382765531062,0.48250647296814,-0.210420841683367,0.459358130908682,0.655358130908682
"16",-0.330661322645291,0.534611365628129,-0.210420841683367,0.459358130908682,0.655358130908682
"17",-0.31062124248497,0.487548195557881,-0.210420841683367,0.459358130908682,0.655358130908682
"18",-0.270541082164329,0.513214977386773,-0.210420841683367,0.459358130908682,0.655358130908682
"19",-0.210420841683367,0.50884025108414,-0.210420841683367,0.459358130908682,0.655358130908682
"20",-0.170340681362726,0.491833599241864,-0.210420841683367,0.459358130908682,0.655358130908682
"21",-0.0701402805611222,0.573848621820103,-0.210420841683367,0.459358130908682,0.655358130908682
"22",-0.0501002004008022,0.360999280931907,-0.210420841683367,0.459358130908682,0.655358130908682
"23",0.170340681362725,0.476591378673297,-0.210420841683367,0.459358130908682,0.655358130908682
"24",0.31062124248497,0.402568985319047,-0.210420841683367,0.459358130908682,0.655358130908682
"25",0.370741482965932,0.591146495108416,-0.210420841683367,0.459358130908682,0.655358130908682
"26",0.390781563126252,0.578811944820123,-0.210420841683367,0.459358130908682,0.655358130908682
"27",0.430861723446894,0.412133213444679,-0.210420841683367,0.459358130908682,0.655358130908682
"28",0.511022044088176,0.330641932975914,-0.210420841683367,0.459358130908682,0.655358130908682
"29",0.551102204408817,0.52277597463903,-0.210420841683367,0.459358130908682,0.655358130908682
"30",0.571142284569138,0.446920182054885,-0.210420841683367,0.459358130908682,0.655358130908682
"31",0.611222444889779,0.425427544276362,-0.210420841683367,0.459358130908682,0.655358130908682
"32",0.691382765531062,0.412409696500875,-0.210420841683367,0.459358130908682,0.655358130908682
"33",0.95190380761523,0.579602989085489,-0.210420841683367,0.459358130908682,0.655358130908682
"34",2.11422845691383,0.644297259569617,-0.210420841683367,0.459358130908682,0.655358130908682
"35",2.67535070140281,0.438810419374548,-0.210420841683367,0.459358130908682,0.655358130908682
"36",3.01603206412826,0.464819724099608,-0.210420841683367,0.459358130908682,0.655358130908682
"37",3.13627254509018,0.548032514773694,-0.210420841683367,0.459358130908682,0.655358130908682
"38",3.61723446893788,0.608464267195604,-0.210420841683367,0.459358130908682,0.655358130908682
"39",3.71743486973948,0.560412495783915,-0.210420841683367,0.459358130908682,0.655358130908682
"40",4.23847695390782,0.459668505958898,-0.210420841683367,0.459358130908682,0.655358130908682
