"","x","yplot","target","ftrue","fwrong"
"1",-4.91983967935872,-0.220378000553575,-3.43687374749499,0.313724309476888,0.509724309476888
"2",-4.55911823647295,-0.171579719356064,-3.43687374749499,0.313724309476888,0.509724309476888
"3",-4.11823647294589,0.140361409561435,-3.43687374749499,0.313724309476888,0.509724309476888
"4",-3.81763527054108,0.309736460384782,-3.43687374749499,0.313724309476888,0.509724309476888
"5",-3.39679358717435,0.374504855592226,-3.43687374749499,0.313724309476888,0.509724309476888
"6",-3.21643286573146,0.320029927183973,-3.43687374749499,0.313724309476888,0.509724309476888
"7",-3.07615230460922,0.210588906063181,-3.43687374749499,0.313724309476888,0.509724309476888
"8",-2.55511022044088,0.467973476137545,-3.43687374749499,0.313724309476888,0.509724309476888
"9",-1.59318637274549,0.81411647635322,-3.43687374749499,0.313724309476888,0.509724309476888
"10",-0.991983967935872,0.863360938048112,-3.43687374749499,0.313724309476888,0.509724309476888
"11",-0.390781563126253,0.644814174642638,-3.43687374749499,0.313724309476888,0.509724309476888
"12",1.15230460921844,0.470739765509806,-3.43687374749499,0.313724309476888,0.509724309476888
"13",1.43286573146293,0.444855449028242,-3.43687374749499,0.313724309476888,0.509724309476888
"14",1.7935871743487,0.331809056631629,-3.43687374749499,0.313724309476888,0.509724309476888
"15",2.35470941883768,0.00720133887421742,-3.43687374749499,0.313724309476888,0.509724309476888
"16",2.65531062124249,0.0222019214984663,-3.43687374749499,0.313724309476888,0.509724309476888
"17",2.73547094188377,0.0174283044355887,-3.43687374749499,0.313724309476888,0.509724309476888
"18",2.87575150300601,-0.0421300185783155,-3.43687374749499,0.313724309476888,0.509724309476888
"19",2.99599198396794,-0.00316998863300048,-3.43687374749499,0.313724309476888,0.509724309476888
"20",4.29859719438878,-0.299361308774045,-3.43687374749499,0.313724309476888,0.509724309476888
