"","x","yplot","target","ftrue","fwrong"
"1",-4.17835671342685,-0.20261768315286,2.01402805611222,0.617985871985575,0.421985871985575
"2",-1.73346693386774,-0.0798643403171528,2.01402805611222,0.617985871985575,0.421985871985575
"3",0.751503006012024,0.904332325553617,2.01402805611222,0.617985871985575,0.421985871985575
"4",1.27254509018036,0.868867323774938,2.01402805611222,0.617985871985575,0.421985871985575
"5",1.71342685370741,0.68587737368943,2.01402805611222,0.617985871985575,0.421985871985575
"6",1.9939879759519,0.640321639772627,2.01402805611222,0.617985871985575,0.421985871985575
"7",2.27454909819639,0.459524841469965,2.01402805611222,0.617985871985575,0.421985871985575
"8",2.29458917835671,0.33722363921451,2.01402805611222,0.617985871985575,0.421985871985575
"9",2.31462925851703,0.509365407659986,2.01402805611222,0.617985871985575,0.421985871985575
"10",2.85571142284569,0.11046617748222,2.01402805611222,0.617985871985575,0.421985871985575
