"","x","yplot","target","ftrue","fwrong"
"1",-4.75951903807615,0.450706011003659,-4.85971943887776,0.540808197149525,0.344808197149525
"2",-4.73947895791583,0.446046363131795,-4.85971943887776,0.540808197149525,0.344808197149525
"3",-4.69939879759519,0.246894443823134,-4.85971943887776,0.540808197149525,0.344808197149525
"4",-4.09819639278557,0.0863302651168158,-4.85971943887776,0.540808197149525,0.344808197149525
"5",-4.07815631262525,-0.000626607391254946,-4.85971943887776,0.540808197149525,0.344808197149525
"6",-3.97795591182365,-0.126596505035375,-4.85971943887776,0.540808197149525,0.344808197149525
"7",-3.43687374749499,-0.492927066981155,-4.85971943887776,0.540808197149525,0.344808197149525
"8",-3.11623246492986,-0.398223097182122,-4.85971943887776,0.540808197149525,0.344808197149525
"9",-2.63527054108216,-0.392935667540735,-4.85971943887776,0.540808197149525,0.344808197149525
"10",-1.27254509018036,0.565407888350953,-4.85971943887776,0.540808197149525,0.344808197149525
"11",-1.15230460921844,0.540199346371098,-4.85971943887776,0.540808197149525,0.344808197149525
"12",-1.09218436873748,0.572165941364778,-4.85971943887776,0.540808197149525,0.344808197149525
"13",-0.31062124248497,0.811802603459452,-4.85971943887776,0.540808197149525,0.344808197149525
"14",0.390781563126252,0.627826214368343,-4.85971943887776,0.540808197149525,0.344808197149525
"15",2.01402805611222,0.57619333901858,-4.85971943887776,0.540808197149525,0.344808197149525
"16",2.07414829659319,0.462591065771256,-4.85971943887776,0.540808197149525,0.344808197149525
"17",2.43486973947896,0.734957634203679,-4.85971943887776,0.540808197149525,0.344808197149525
"18",3.41683366733467,0.742147697919184,-4.85971943887776,0.540808197149525,0.344808197149525
"19",3.47695390781563,0.736114964537864,-4.85971943887776,0.540808197149525,0.344808197149525
"20",3.85771543086172,0.763489137356176,-4.85971943887776,0.540808197149525,0.344808197149525
