"","x","yplot","target","ftrue","fwrong"
"1",-3.91783567134269,0.814867908969291,1.57314629258517,-0.0908147076817198,-0.28681470768172
"2",-3.7374749498998,0.788323591340895,1.57314629258517,-0.0908147076817198,-0.28681470768172
"3",-3.45691382765531,0.994199397877133,1.57314629258517,-0.0908147076817198,-0.28681470768172
"4",-3.35671342685371,0.890572770079799,1.57314629258517,-0.0908147076817198,-0.28681470768172
"5",-2.77555110220441,0.974985723201965,1.57314629258517,-0.0908147076817198,-0.28681470768172
"6",-2.33466933867735,1.04750499516049,1.57314629258517,-0.0908147076817198,-0.28681470768172
"7",-2.03406813627255,0.677005808069991,1.57314629258517,-0.0908147076817198,-0.28681470768172
"8",-1.73346693386774,0.465277537925256,1.57314629258517,-0.0908147076817198,-0.28681470768172
"9",-1.53306613226453,0.423175495847589,1.57314629258517,-0.0908147076817198,-0.28681470768172
"10",-1.27254509018036,0.0801762808611051,1.57314629258517,-0.0908147076817198,-0.28681470768172
"11",-0.851703406813628,-0.0735118509520649,1.57314629258517,-0.0908147076817198,-0.28681470768172
"12",0.6312625250501,-0.132857590191333,1.57314629258517,-0.0908147076817198,-0.28681470768172
"13",0.691382765531062,-0.153095171564418,1.57314629258517,-0.0908147076817198,-0.28681470768172
"14",0.711422845691382,-0.204547846053377,1.57314629258517,-0.0908147076817198,-0.28681470768172
"15",0.771543086172344,0.00678780031176443,1.57314629258517,-0.0908147076817198,-0.28681470768172
"16",0.791583166332665,-0.0444611844029049,1.57314629258517,-0.0908147076817198,-0.28681470768172
"17",0.831663326653306,-0.247103062149205,1.57314629258517,-0.0908147076817198,-0.28681470768172
"18",0.93186372745491,-0.221962183366801,1.57314629258517,-0.0908147076817198,-0.28681470768172
"19",1.07214428857715,-0.202397119994421,1.57314629258517,-0.0908147076817198,-0.28681470768172
"20",1.1122244488978,-0.0686352906721117,1.57314629258517,-0.0908147076817198,-0.28681470768172
"21",1.13226452905812,-0.150751170340825,1.57314629258517,-0.0908147076817198,-0.28681470768172
"22",1.15230460921844,-0.0235560007372018,1.57314629258517,-0.0908147076817198,-0.28681470768172
"23",1.25250501002004,-0.181685825378221,1.57314629258517,-0.0908147076817198,-0.28681470768172
"24",1.27254509018036,-0.0757742081669285,1.57314629258517,-0.0908147076817198,-0.28681470768172
"25",1.29258517034068,-0.0114179451224241,1.57314629258517,-0.0908147076817198,-0.28681470768172
"26",1.33266533066132,-0.177867090628969,1.57314629258517,-0.0908147076817198,-0.28681470768172
"27",1.4128256513026,-0.0811827959848346,1.57314629258517,-0.0908147076817198,-0.28681470768172
"28",1.43286573146293,0.0432357536949153,1.57314629258517,-0.0908147076817198,-0.28681470768172
"29",1.57314629258517,-0.206912968627612,1.57314629258517,-0.0908147076817198,-0.28681470768172
"30",1.61322645290581,-0.196263428385755,1.57314629258517,-0.0908147076817198,-0.28681470768172
"31",1.69338677354709,-0.158454965031806,1.57314629258517,-0.0908147076817198,-0.28681470768172
"32",1.71342685370741,-0.112014846216858,1.57314629258517,-0.0908147076817198,-0.28681470768172
"33",1.73346693386774,-0.150940901346148,1.57314629258517,-0.0908147076817198,-0.28681470768172
"34",1.81362725450902,-0.144020856112839,1.57314629258517,-0.0908147076817198,-0.28681470768172
"35",1.93386773547094,-0.121721782378615,1.57314629258517,-0.0908147076817198,-0.28681470768172
"36",1.97394789579158,-0.188542920995371,1.57314629258517,-0.0908147076817198,-0.28681470768172
"37",2.11422845691383,-0.176866063417275,1.57314629258517,-0.0908147076817198,-0.28681470768172
"38",2.13426853707415,-0.302407325236971,1.57314629258517,-0.0908147076817198,-0.28681470768172
"39",2.15430861723447,-0.150630771153017,1.57314629258517,-0.0908147076817198,-0.28681470768172
"40",2.25450901803607,-0.162972221183693,1.57314629258517,-0.0908147076817198,-0.28681470768172
"41",2.35470941883768,-0.181300750911287,1.57314629258517,-0.0908147076817198,-0.28681470768172
"42",2.374749498998,-0.16433962208563,1.57314629258517,-0.0908147076817198,-0.28681470768172
"43",2.39478957915832,-0.318232959138756,1.57314629258517,-0.0908147076817198,-0.28681470768172
"44",2.43486973947896,-0.360367870387995,1.57314629258517,-0.0908147076817198,-0.28681470768172
"45",2.49498997995992,-0.146752542995837,1.57314629258517,-0.0908147076817198,-0.28681470768172
"46",2.51503006012024,-0.216979131268414,1.57314629258517,-0.0908147076817198,-0.28681470768172
"47",2.85571142284569,-0.233657478289051,1.57314629258517,-0.0908147076817198,-0.28681470768172
"48",3.0561122244489,-0.662445141656393,1.57314629258517,-0.0908147076817198,-0.28681470768172
"49",3.1563126252505,-0.515120162107726,1.57314629258517,-0.0908147076817198,-0.28681470768172
"50",3.53707414829659,-0.479059020810337,1.57314629258517,-0.0908147076817198,-0.28681470768172
