"","x","yplot","target","ftrue","fwrong"
"1",-4.8997995991984,0.281965401478367,-4.71943887775551,0.472498845531406,0.276498845531406
"2",-4.59919839679359,0.494177690228439,-4.71943887775551,0.472498845531406,0.276498845531406
"3",-4.55911823647295,0.574902911309648,-4.71943887775551,0.472498845531406,0.276498845531406
"4",-4.23847695390782,0.906508385729356,-4.71943887775551,0.472498845531406,0.276498845531406
"5",-4.17835671342685,0.717331663199326,-4.71943887775551,0.472498845531406,0.276498845531406
"6",-4.15831663326653,0.723802918117294,-4.71943887775551,0.472498845531406,0.276498845531406
"7",-4.09819639278557,0.704884075043716,-4.71943887775551,0.472498845531406,0.276498845531406
"8",-3.95791583166333,0.914725826870057,-4.71943887775551,0.472498845531406,0.276498845531406
"9",-3.93787575150301,0.759561016656627,-4.71943887775551,0.472498845531406,0.276498845531406
"10",-3.27655310621242,0.893547213570213,-4.71943887775551,0.472498845531406,0.276498845531406
"11",-3.09619238476954,0.728354479042275,-4.71943887775551,0.472498845531406,0.276498845531406
"12",-2.49498997995992,0.518661696698258,-4.71943887775551,0.472498845531406,0.276498845531406
"13",-2.41482965931864,0.595939648312484,-4.71943887775551,0.472498845531406,0.276498845531406
"14",-2.33466933867735,0.571984550258847,-4.71943887775551,0.472498845531406,0.276498845531406
"15",-1.09218436873748,-0.0773511274569769,-4.71943887775551,0.472498845531406,0.276498845531406
"16",-0.791583166332665,-0.0380477320187742,-4.71943887775551,0.472498845531406,0.276498845531406
"17",-0.511022044088176,-0.263197220159974,-4.71943887775551,0.472498845531406,0.276498845531406
"18",-0.190380761523047,-0.12042868391305,-4.71943887775551,0.472498845531406,0.276498845531406
"19",-0.170340681362726,-0.343445618159335,-4.71943887775551,0.472498845531406,0.276498845531406
"20",-0.110220440881764,-0.31221476906143,-4.71943887775551,0.472498845531406,0.276498845531406
"21",-0.0501002004008022,-0.217156228961107,-4.71943887775551,0.472498845531406,0.276498845531406
"22",0.0701402805611222,-0.470312978185554,-4.71943887775551,0.472498845531406,0.276498845531406
"23",0.390781563126252,-0.477111841573247,-4.71943887775551,0.472498845531406,0.276498845531406
"24",0.511022044088176,-0.324243465693568,-4.71943887775551,0.472498845531406,0.276498845531406
"25",1.13226452905812,-0.751666726657714,-4.71943887775551,0.472498845531406,0.276498845531406
"26",1.73346693386774,-0.531983867793974,-4.71943887775551,0.472498845531406,0.276498845531406
"27",3.0561122244489,0.193192833212398,-4.71943887775551,0.472498845531406,0.276498845531406
"28",3.43687374749499,0.152450578798369,-4.71943887775551,0.472498845531406,0.276498845531406
"29",3.49699398797595,0.10997200426483,-4.71943887775551,0.472498845531406,0.276498845531406
"30",3.95791583166333,0.229374714938615,-4.71943887775551,0.472498845531406,0.276498845531406
