"","x","yplot","target","ftrue","fwrong"
"1",-2.83567134268537,-0.05049885087269,0.0300601202404804,-0.780184642706101,-0.584184642706101
"2",-2.13426853707415,-0.375883548220543,0.0300601202404804,-0.780184642706101,-0.584184642706101
"3",-0.95190380761523,-0.497027490094726,0.0300601202404804,-0.780184642706101,-0.584184642706101
"4",-0.871743486973948,-0.671362077430762,0.0300601202404804,-0.780184642706101,-0.584184642706101
"5",-0.771543086172345,-0.648238017391468,0.0300601202404804,-0.780184642706101,-0.584184642706101
"6",-0.671342685370742,-0.608069952465449,0.0300601202404804,-0.780184642706101,-0.584184642706101
"7",-0.631262525050101,-0.678644126786454,0.0300601202404804,-0.780184642706101,-0.584184642706101
"8",-0.490981963927856,-0.601333918335163,0.0300601202404804,-0.780184642706101,-0.584184642706101
"9",-0.470941883767535,-0.777213168987008,0.0300601202404804,-0.780184642706101,-0.584184642706101
"10",0.0901803607214431,-0.790620949021036,0.0300601202404804,-0.780184642706101,-0.584184642706101
"11",0.170340681362725,-0.781399473562268,0.0300601202404804,-0.780184642706101,-0.584184642706101
"12",0.270541082164328,-0.794678799970649,0.0300601202404804,-0.780184642706101,-0.584184642706101
"13",0.370741482965932,-0.813149184759576,0.0300601202404804,-0.780184642706101,-0.584184642706101
"14",0.531062124248497,-0.819041567492821,0.0300601202404804,-0.780184642706101,-0.584184642706101
"15",0.711422845691382,-0.795034670454819,0.0300601202404804,-0.780184642706101,-0.584184642706101
"16",0.871743486973948,-1.1801416483369,0.0300601202404804,-0.780184642706101,-0.584184642706101
"17",2.25450901803607,-0.958504634388228,0.0300601202404804,-0.780184642706101,-0.584184642706101
"18",2.39478957915832,-1.16192325493091,0.0300601202404804,-0.780184642706101,-0.584184642706101
"19",4.35871743486974,-0.596874324880085,0.0300601202404804,-0.780184642706101,-0.584184642706101
"20",4.93987975951904,-0.417137301253399,0.0300601202404804,-0.780184642706101,-0.584184642706101
