"","x","yplot","target","ftrue","fwrong"
"1",-3.03607214428858,0.229487201698028,2.35470941883768,-0.246355670104662,-0.442355670104662
"2",-2.4749498997996,0.345762447063437,2.35470941883768,-0.246355670104662,-0.442355670104662
"3",-1.93386773547094,0.21602395995652,2.35470941883768,-0.246355670104662,-0.442355670104662
"4",-0.671342685370742,0.029981590155532,2.35470941883768,-0.246355670104662,-0.442355670104662
"5",0.31062124248497,-0.334559885233537,2.35470941883768,-0.246355670104662,-0.442355670104662
"6",0.791583166332665,-0.607901301196553,2.35470941883768,-0.246355670104662,-0.442355670104662
"7",1.03206412825651,-0.43957652497612,2.35470941883768,-0.246355670104662,-0.442355670104662
"8",1.51302605210421,-0.534039545884457,2.35470941883768,-0.246355670104662,-0.442355670104662
"9",1.57314629258517,-0.673886288434643,2.35470941883768,-0.246355670104662,-0.442355670104662
"10",1.75350701402806,-0.384702504737959,2.35470941883768,-0.246355670104662,-0.442355670104662
"11",1.81362725450902,-0.55438466499378,2.35470941883768,-0.246355670104662,-0.442355670104662
"12",1.95390781563126,-0.366129291733944,2.35470941883768,-0.246355670104662,-0.442355670104662
"13",1.97394789579158,-0.353921987188311,2.35470941883768,-0.246355670104662,-0.442355670104662
"14",1.9939879759519,-0.260302980717098,2.35470941883768,-0.246355670104662,-0.442355670104662
"15",2.05410821643287,-0.496302709818455,2.35470941883768,-0.246355670104662,-0.442355670104662
"16",2.15430861723447,-0.24613725661344,2.35470941883768,-0.246355670104662,-0.442355670104662
"17",2.25450901803607,-0.376375892555553,2.35470941883768,-0.246355670104662,-0.442355670104662
"18",2.27454909819639,-0.475577428276972,2.35470941883768,-0.246355670104662,-0.442355670104662
"19",2.33466933867735,-0.370540287680037,2.35470941883768,-0.246355670104662,-0.442355670104662
"20",2.374749498998,-0.306344175239556,2.35470941883768,-0.246355670104662,-0.442355670104662
"21",2.41482965931864,-0.180787373742109,2.35470941883768,-0.246355670104662,-0.442355670104662
"22",2.49498997995992,-0.263585926457785,2.35470941883768,-0.246355670104662,-0.442355670104662
"23",2.59519038076152,-0.145529968844654,2.35470941883768,-0.246355670104662,-0.442355670104662
"24",2.85571142284569,0.0931567529041579,2.35470941883768,-0.246355670104662,-0.442355670104662
"25",2.89579158316633,0.174640006213909,2.35470941883768,-0.246355670104662,-0.442355670104662
"26",2.97595190380761,0.0675145154232051,2.35470941883768,-0.246355670104662,-0.442355670104662
"27",3.11623246492986,0.36194613266428,2.35470941883768,-0.246355670104662,-0.442355670104662
"28",3.33667334669339,0.573289535543544,2.35470941883768,-0.246355670104662,-0.442355670104662
"29",4.37875751503006,0.805800667898187,2.35470941883768,-0.246355670104662,-0.442355670104662
"30",4.81963927855711,0.921059930411898,2.35470941883768,-0.246355670104662,-0.442355670104662
