"","x","yplot","target","ftrue","fwrong"
"1",-4.95991983967936,0.457815495376037,-0.751503006012024,0.239988477324426,0.435988477324426
"2",-4.39879759519038,0.85763739167747,-0.751503006012024,0.239988477324426,0.435988477324426
"3",-3.77755511022044,0.733725662006847,-0.751503006012024,0.239988477324426,0.435988477324426
"4",-3.67735470941884,0.636943804039849,-0.751503006012024,0.239988477324426,0.435988477324426
"5",-3.01603206412826,0.871949241518865,-0.751503006012024,0.239988477324426,0.435988477324426
"6",-2.81563126252505,1.06151353216627,-0.751503006012024,0.239988477324426,0.435988477324426
"7",-2.65531062124249,0.85282782286131,-0.751503006012024,0.239988477324426,0.435988477324426
"8",-2.49498997995992,0.970201792512398,-0.751503006012024,0.239988477324426,0.435988477324426
"9",-2.43486973947896,1.08390586969138,-0.751503006012024,0.239988477324426,0.435988477324426
"10",-2.35470941883768,0.997652000130467,-0.751503006012024,0.239988477324426,0.435988477324426
"11",-2.27454909819639,1.05488145215938,-0.751503006012024,0.239988477324426,0.435988477324426
"12",-2.09418837675351,0.65758460570072,-0.751503006012024,0.239988477324426,0.435988477324426
"13",-1.15230460921844,0.507446398464103,-0.751503006012024,0.239988477324426,0.435988477324426
"14",-0.971943887775551,0.224293637051643,-0.751503006012024,0.239988477324426,0.435988477324426
"15",-0.871743486973948,0.217280910447333,-0.751503006012024,0.239988477324426,0.435988477324426
"16",-0.771543086172345,0.348358304802986,-0.751503006012024,0.239988477324426,0.435988477324426
"17",-0.731462925851703,0.131758513580964,-0.751503006012024,0.239988477324426,0.435988477324426
"18",-0.711422845691383,0.190328036061334,-0.751503006012024,0.239988477324426,0.435988477324426
"19",-0.490981963927856,0.234870995254147,-0.751503006012024,0.239988477324426,0.435988477324426
"20",-0.350701402805611,-0.110835364359198,-0.751503006012024,0.239988477324426,0.435988477324426
"21",-0.230460921843687,-0.104853851820845,-0.751503006012024,0.239988477324426,0.435988477324426
"22",0.0901803607214431,-0.262239927819354,-0.751503006012024,0.239988477324426,0.435988477324426
"23",0.130260521042084,-0.42509372413118,-0.751503006012024,0.239988477324426,0.435988477324426
"24",0.230460921843687,-0.396762891492937,-0.751503006012024,0.239988477324426,0.435988477324426
"25",0.531062124248497,-0.402438132720352,-0.751503006012024,0.239988477324426,0.435988477324426
"26",0.551102204408817,-0.557421659336476,-0.751503006012024,0.239988477324426,0.435988477324426
"27",0.851703406813627,-0.437581606437548,-0.751503006012024,0.239988477324426,0.435988477324426
"28",1.49298597194389,-0.522969103767032,-0.751503006012024,0.239988477324426,0.435988477324426
"29",1.81362725450902,-0.469701483677909,-0.751503006012024,0.239988477324426,0.435988477324426
"30",1.87374749498998,-0.341232554372813,-0.751503006012024,0.239988477324426,0.435988477324426
"31",1.93386773547094,-0.497118192409528,-0.751503006012024,0.239988477324426,0.435988477324426
"32",2.13426853707415,-0.432405236301583,-0.751503006012024,0.239988477324426,0.435988477324426
"33",2.21442885771543,-0.362092738854833,-0.751503006012024,0.239988477324426,0.435988477324426
"34",2.63527054108216,-0.367679657805702,-0.751503006012024,0.239988477324426,0.435988477324426
"35",3.37675350701403,-0.430121567733457,-0.751503006012024,0.239988477324426,0.435988477324426
"36",3.85771543086172,-0.29957003458311,-0.751503006012024,0.239988477324426,0.435988477324426
"37",4.55911823647295,-0.0150187048406667,-0.751503006012024,0.239988477324426,0.435988477324426
"38",4.59919839679359,-0.0656650923557184,-0.751503006012024,0.239988477324426,0.435988477324426
"39",4.63927855711423,0.135766753454178,-0.751503006012024,0.239988477324426,0.435988477324426
"40",4.77955911823647,0.160187946571102,-0.751503006012024,0.239988477324426,0.435988477324426
