"","x","yplot","target","ftrue","fwrong"
"1",-4.67935871743487,-1.01594399017224,3.13627254509018,0.44422745141883,0.24822745141883
"2",-3.33667334669339,-0.756990377794605,3.13627254509018,0.44422745141883,0.24822745141883
"3",-2.27454909819639,-0.534275349060333,3.13627254509018,0.44422745141883,0.24822745141883
"4",-1.53306613226453,-0.327464428450002,3.13627254509018,0.44422745141883,0.24822745141883
"5",-1.37274549098196,-0.399307970310729,3.13627254509018,0.44422745141883,0.24822745141883
"6",-1.35270541082164,-0.409097616882688,3.13627254509018,0.44422745141883,0.24822745141883
"7",-1.19238476953908,-0.396930707334612,3.13627254509018,0.44422745141883,0.24822745141883
"8",-0.370741482965932,-0.0631814841540559,3.13627254509018,0.44422745141883,0.24822745141883
"9",-0.330661322645291,-0.108437922260388,3.13627254509018,0.44422745141883,0.24822745141883
"10",0.0100200400801604,0.0949610237306363,3.13627254509018,0.44422745141883,0.24822745141883
"11",0.190380761523046,0.00712198667402868,3.13627254509018,0.44422745141883,0.24822745141883
"12",0.551102204408817,0.045688658737107,3.13627254509018,0.44422745141883,0.24822745141883
"13",1.95390781563126,0.429817433345473,3.13627254509018,0.44422745141883,0.24822745141883
"14",2.61523046092184,0.33908244941091,3.13627254509018,0.44422745141883,0.24822745141883
"15",2.81563126252505,0.543814107162273,3.13627254509018,0.44422745141883,0.24822745141883
"16",2.95591182364729,0.418851744709564,3.13627254509018,0.44422745141883,0.24822745141883
"17",3.45691382765531,0.33151788182403,3.13627254509018,0.44422745141883,0.24822745141883
"18",3.69739478957916,0.358875122522511,3.13627254509018,0.44422745141883,0.24822745141883
"19",3.85771543086172,0.583174470752115,3.13627254509018,0.44422745141883,0.24822745141883
"20",4.17835671342685,0.576709466102653,3.13627254509018,0.44422745141883,0.24822745141883
