"","x","yplot","target","ftrue","fwrong"
"1",-4.65931863727455,-0.572179914664639,3.61723446893788,-0.131012693352916,-0.327012693352916
"2",-4.49899799599198,-0.458431621425471,3.61723446893788,-0.131012693352916,-0.327012693352916
"3",-4.35871743486974,-0.796270888644498,3.61723446893788,-0.131012693352916,-0.327012693352916
"4",-3.87775551102204,-0.802991591232513,3.61723446893788,-0.131012693352916,-0.327012693352916
"5",-3.59719438877756,-0.878770338160839,3.61723446893788,-0.131012693352916,-0.327012693352916
"6",-3.0561122244489,-0.908946303198239,3.61723446893788,-0.131012693352916,-0.327012693352916
"7",-3.03607214428858,-1.13272049936367,3.61723446893788,-0.131012693352916,-0.327012693352916
"8",-2.374749498998,-0.827796991802444,3.61723446893788,-0.131012693352916,-0.327012693352916
"9",-1.83366733466934,-0.499354357253145,3.61723446893788,-0.131012693352916,-0.327012693352916
"10",-1.45290581162325,-0.396504528145454,3.61723446893788,-0.131012693352916,-0.327012693352916
"11",-0.691382765531062,-0.282445691683241,3.61723446893788,-0.131012693352916,-0.327012693352916
"12",-0.671342685370742,-0.0831396779263778,3.61723446893788,-0.131012693352916,-0.327012693352916
"13",-0.110220440881764,0.0187439387898348,3.61723446893788,-0.131012693352916,-0.327012693352916
"14",0.531062124248497,-0.151203551412038,3.61723446893788,-0.131012693352916,-0.327012693352916
"15",0.671342685370742,0.0329499001784799,3.61723446893788,-0.131012693352916,-0.327012693352916
"16",1.01202404809619,-0.12552642990285,3.61723446893788,-0.131012693352916,-0.327012693352916
"17",1.63326653306613,-0.315756441576708,3.61723446893788,-0.131012693352916,-0.327012693352916
"18",1.87374749498998,-0.343412399142403,3.61723446893788,-0.131012693352916,-0.327012693352916
"19",1.91382765531062,-0.26183606701987,3.61723446893788,-0.131012693352916,-0.327012693352916
"20",2.21442885771543,-0.307269057928511,3.61723446893788,-0.131012693352916,-0.327012693352916
"21",2.41482965931864,-0.240665745295769,3.61723446893788,-0.131012693352916,-0.327012693352916
"22",2.99599198396794,-0.471367553856572,3.61723446893788,-0.131012693352916,-0.327012693352916
"23",3.01603206412826,-0.130476563555295,3.61723446893788,-0.131012693352916,-0.327012693352916
"24",3.0561122244489,-0.289071674947123,3.61723446893788,-0.131012693352916,-0.327012693352916
"25",3.1563126252505,-0.190466458325984,3.61723446893788,-0.131012693352916,-0.327012693352916
"26",3.31663326653307,-0.347000239042071,3.61723446893788,-0.131012693352916,-0.327012693352916
"27",4.05811623246493,0.0442373568730812,3.61723446893788,-0.131012693352916,-0.327012693352916
"28",4.07815631262525,0.0635239434343121,3.61723446893788,-0.131012693352916,-0.327012693352916
"29",4.15831663326653,-0.014682706887732,3.61723446893788,-0.131012693352916,-0.327012693352916
"30",4.19839679358717,0.164727353970965,3.61723446893788,-0.131012693352916,-0.327012693352916
