"","x","yplot","target","ftrue","fwrong"
"1",-4.25851703406814,-0.805124448110746,4.95991983967936,0.0682239143757568,0.264223914375757
"2",-2.85571142284569,-0.311961138499254,4.95991983967936,0.0682239143757568,0.264223914375757
"3",-1.35270541082164,0.5511191034708,4.95991983967936,0.0682239143757568,0.264223914375757
"4",-0.95190380761523,0.28690046966609,4.95991983967936,0.0682239143757568,0.264223914375757
"5",-0.0901803607214431,0.479351137870426,4.95991983967936,0.0682239143757568,0.264223914375757
"6",0.450901803607215,0.392227231475796,4.95991983967936,0.0682239143757568,0.264223914375757
"7",0.831663326653306,0.430726789938078,4.95991983967936,0.0682239143757568,0.264223914375757
"8",1.17234468937876,0.164029695821154,4.95991983967936,0.0682239143757568,0.264223914375757
"9",1.67334669338677,0.0101330323118611,4.95991983967936,0.0682239143757568,0.264223914375757
"10",1.95390781563126,-0.0981188397617323,4.95991983967936,0.0682239143757568,0.264223914375757
"11",1.97394789579158,-0.171247703847919,4.95991983967936,0.0682239143757568,0.264223914375757
"12",2.39478957915832,-0.352154027195032,4.95991983967936,0.0682239143757568,0.264223914375757
"13",2.75551102204409,-0.226599723272343,4.95991983967936,0.0682239143757568,0.264223914375757
"14",3.01603206412826,-0.369516946144383,4.95991983967936,0.0682239143757568,0.264223914375757
"15",3.21643286573146,-0.352910714035736,4.95991983967936,0.0682239143757568,0.264223914375757
"16",3.97795591182365,-0.307771388130143,4.95991983967936,0.0682239143757568,0.264223914375757
"17",4.01803607214429,-0.0462471177539758,4.95991983967936,0.0682239143757568,0.264223914375757
"18",4.03807615230461,-0.221706010556731,4.95991983967936,0.0682239143757568,0.264223914375757
"19",4.05811623246493,-0.0806200833859071,4.95991983967936,0.0682239143757568,0.264223914375757
"20",4.07815631262525,-0.130752719524462,4.95991983967936,0.0682239143757568,0.264223914375757
"21",4.09819639278557,-0.319614036972623,4.95991983967936,0.0682239143757568,0.264223914375757
"22",4.11823647294589,-0.120543785381452,4.95991983967936,0.0682239143757568,0.264223914375757
"23",4.13827655310621,0.0366819055107081,4.95991983967936,0.0682239143757568,0.264223914375757
"24",4.15831663326653,-0.179494721152845,4.95991983967936,0.0682239143757568,0.264223914375757
"25",4.17835671342685,-0.13798475082694,4.95991983967936,0.0682239143757568,0.264223914375757
"26",4.19839679358717,-0.072885368186046,4.95991983967936,0.0682239143757568,0.264223914375757
"27",4.21843687374749,-0.156484106371297,4.95991983967936,0.0682239143757568,0.264223914375757
"28",4.3186372745491,-0.234729956818661,4.95991983967936,0.0682239143757568,0.264223914375757
"29",4.35871743486974,-0.00233333357557373,4.95991983967936,0.0682239143757568,0.264223914375757
"30",4.4188376753507,0.041702939000815,4.95991983967936,0.0682239143757568,0.264223914375757
"31",4.43887775551102,0.0912680051487361,4.95991983967936,0.0682239143757568,0.264223914375757
"32",4.47895791583166,0.073287577215097,4.95991983967936,0.0682239143757568,0.264223914375757
"33",4.49899799599198,0.0712119274666323,4.95991983967936,0.0682239143757568,0.264223914375757
"34",4.5190380761523,0.144595804187255,4.95991983967936,0.0682239143757568,0.264223914375757
"35",4.53907815631263,0.107423787245438,4.95991983967936,0.0682239143757568,0.264223914375757
"36",4.55911823647295,-0.0701622468610017,4.95991983967936,0.0682239143757568,0.264223914375757
"37",4.57915831663327,0.17122555516529,4.95991983967936,0.0682239143757568,0.264223914375757
"38",4.59919839679359,0.128049880486136,4.95991983967936,0.0682239143757568,0.264223914375757
"39",4.65931863727455,0.0643644640157008,4.95991983967936,0.0682239143757568,0.264223914375757
"40",4.69939879759519,0.0989128836455792,4.95991983967936,0.0682239143757568,0.264223914375757
"41",4.73947895791583,0.16125407721163,4.95991983967936,0.0682239143757568,0.264223914375757
"42",4.77955911823647,0.245231833032186,4.95991983967936,0.0682239143757568,0.264223914375757
"43",4.81963927855711,0.109984266043173,4.95991983967936,0.0682239143757568,0.264223914375757
"44",4.83967935871743,-0.00465663984525529,4.95991983967936,0.0682239143757568,0.264223914375757
"45",4.85971943887776,0.0916861803235001,4.95991983967936,0.0682239143757568,0.264223914375757
"46",4.87975951903808,0.02883439449543,4.95991983967936,0.0682239143757568,0.264223914375757
"47",4.8997995991984,0.0581506512890426,4.95991983967936,0.0682239143757568,0.264223914375757
"48",4.93987975951904,0.204361684911017,4.95991983967936,0.0682239143757568,0.264223914375757
"49",4.97995991983968,0.00739260250898435,4.95991983967936,0.0682239143757568,0.264223914375757
"50",5,-0.0749664743764933,4.95991983967936,0.0682239143757568,0.264223914375757
