"","x","yplot","target","ftrue","fwrong"
"1",-3.89779559118236,-0.834474928149939,-2.99599198396794,-0.871071062770296,-0.675071062770296
"2",-3.87775551102204,-0.87107655598695,-2.99599198396794,-0.871071062770296,-0.675071062770296
"3",-3.7374749498998,-0.650160019261384,-2.99599198396794,-0.871071062770296,-0.675071062770296
"4",-3.39679358717435,-0.981901406587104,-2.99599198396794,-0.871071062770296,-0.675071062770296
"5",-3.29659318637275,-0.954545507641023,-2.99599198396794,-0.871071062770296,-0.675071062770296
"6",-2.95591182364729,-0.851775127995607,-2.99599198396794,-0.871071062770296,-0.675071062770296
"7",-2.83567134268537,-0.789041614111614,-2.99599198396794,-0.871071062770296,-0.675071062770296
"8",-2.75551102204409,-0.844745428344722,-2.99599198396794,-0.871071062770296,-0.675071062770296
"9",-2.41482965931864,-0.839473046827169,-2.99599198396794,-0.871071062770296,-0.675071062770296
"10",-2.29458917835671,-0.789393156595552,-2.99599198396794,-0.871071062770296,-0.675071062770296
"11",-2.27454909819639,-0.857355124938257,-2.99599198396794,-0.871071062770296,-0.675071062770296
"12",-2.23446893787575,-0.944124568614366,-2.99599198396794,-0.871071062770296,-0.675071062770296
"13",-2.19438877755511,-0.988071993143116,-2.99599198396794,-0.871071062770296,-0.675071062770296
"14",-2.09418837675351,-0.796403703150002,-2.99599198396794,-0.871071062770296,-0.675071062770296
"15",-1.57314629258517,-0.888387783969135,-2.99599198396794,-0.871071062770296,-0.675071062770296
"16",-1.43286573146293,-0.642426513518574,-2.99599198396794,-0.871071062770296,-0.675071062770296
"17",-0.210420841683367,-0.376384536199036,-2.99599198396794,-0.871071062770296,-0.675071062770296
"18",0.110220440881763,-0.412637403634538,-2.99599198396794,-0.871071062770296,-0.675071062770296
"19",1.49298597194389,-0.088424646294162,-2.99599198396794,-0.871071062770296,-0.675071062770296
"20",3.01603206412826,0.365266314724501,-2.99599198396794,-0.871071062770296,-0.675071062770296
