"","x","yplot","target","ftrue","fwrong"
"1",-4.83967935871743,0.99794631563635,-2.05410821643287,0.903015718158933,0.707015718158933
"2",-4.63927855711423,0.836076995859369,-2.05410821643287,0.903015718158933,0.707015718158933
"3",-4.35871743486974,0.940718542642843,-2.05410821643287,0.903015718158933,0.707015718158933
"4",-4.2184368737475,1.12093806080856,-2.05410821643287,0.903015718158933,0.707015718158933
"5",-3.93787575150301,0.89734280675586,-2.05410821643287,0.903015718158933,0.707015718158933
"6",-3.81763527054108,0.885251126416681,-2.05410821643287,0.903015718158933,0.707015718158933
"7",-3.79759519038076,1.07830974674982,-2.05410821643287,0.903015718158933,0.707015718158933
"8",-3.49699398797595,0.986561325903802,-2.05410821643287,0.903015718158933,0.707015718158933
"9",-3.0561122244489,1.05657355514215,-2.05410821643287,0.903015718158933,0.707015718158933
"10",-2.93587174348697,0.873426827973481,-2.05410821643287,0.903015718158933,0.707015718158933
"11",-2.73547094188377,1.15691085851213,-2.05410821643287,0.903015718158933,0.707015718158933
"12",-2.69539078156313,0.879836845608493,-2.05410821643287,0.903015718158933,0.707015718158933
"13",-2.67535070140281,0.973358552624197,-2.05410821643287,0.903015718158933,0.707015718158933
"14",-2.51503006012024,0.777710499634263,-2.05410821643287,0.903015718158933,0.707015718158933
"15",-2.33466933867735,0.973359715238565,-2.05410821643287,0.903015718158933,0.707015718158933
"16",-2.31462925851703,0.890253374516796,-2.05410821643287,0.903015718158933,0.707015718158933
"17",-2.13426853707415,0.761065650610535,-2.05410821643287,0.903015718158933,0.707015718158933
"18",-2.03406813627255,0.865533802914467,-2.05410821643287,0.903015718158933,0.707015718158933
"19",-1.83366733466934,0.940288931384044,-2.05410821643287,0.903015718158933,0.707015718158933
"20",-1.73346693386774,0.917117252176461,-2.05410821643287,0.903015718158933,0.707015718158933
"21",-1.49298597194389,0.77573970506663,-2.05410821643287,0.903015718158933,0.707015718158933
"22",-1.47294589178357,0.836200728215534,-2.05410821643287,0.903015718158933,0.707015718158933
"23",-1.45290581162325,0.71115618078457,-2.05410821643287,0.903015718158933,0.707015718158933
"24",-1.2124248496994,0.781067562697894,-2.05410821643287,0.903015718158933,0.707015718158933
"25",-0.711422845691383,0.716387411944377,-2.05410821643287,0.903015718158933,0.707015718158933
"26",-0.250501002004008,0.6542799278053,-2.05410821643287,0.903015718158933,0.707015718158933
"27",-0.230460921843687,0.6829855551187,-2.05410821643287,0.903015718158933,0.707015718158933
"28",-0.150300601202405,0.795823862220251,-2.05410821643287,0.903015718158933,0.707015718158933
"29",-0.0701402805611222,0.616227832609234,-2.05410821643287,0.903015718158933,0.707015718158933
"30",0.0300601202404804,0.693227214953143,-2.05410821643287,0.903015718158933,0.707015718158933
"31",0.130260521042084,0.649068861224008,-2.05410821643287,0.903015718158933,0.707015718158933
"32",0.190380761523046,0.574648785988926,-2.05410821643287,0.903015718158933,0.707015718158933
"33",0.731462925851703,0.45689563839592,-2.05410821643287,0.903015718158933,0.707015718158933
"34",0.771543086172344,0.705901610588227,-2.05410821643287,0.903015718158933,0.707015718158933
"35",0.871743486973948,0.303362449407908,-2.05410821643287,0.903015718158933,0.707015718158933
"36",1.07214428857715,0.465910073154547,-2.05410821643287,0.903015718158933,0.707015718158933
"37",2.17434869739479,0.189015119687009,-2.05410821643287,0.903015718158933,0.707015718158933
"38",2.21442885771543,0.0927873239760636,-2.05410821643287,0.903015718158933,0.707015718158933
"39",2.45490981963928,0.29296806368748,-2.05410821643287,0.903015718158933,0.707015718158933
"40",2.83567134268537,0.0101497424098286,-2.05410821643287,0.903015718158933,0.707015718158933
"41",3.09619238476954,-0.0486635981245975,-2.05410821643287,0.903015718158933,0.707015718158933
"42",3.21643286573146,-0.00684953858952358,-2.05410821643287,0.903015718158933,0.707015718158933
"43",3.59719438877755,-0.0927644854964669,-2.05410821643287,0.903015718158933,0.707015718158933
"44",3.67735470941884,-0.304114209835603,-2.05410821643287,0.903015718158933,0.707015718158933
"45",3.75751503006012,-0.214427777956203,-2.05410821643287,0.903015718158933,0.707015718158933
"46",4.09819639278557,-0.225487422609128,-2.05410821643287,0.903015718158933,0.707015718158933
"47",4.11823647294589,-0.265273627114007,-2.05410821643287,0.903015718158933,0.707015718158933
"48",4.15831663326653,-0.641747864537173,-2.05410821643287,0.903015718158933,0.707015718158933
"49",4.17835671342685,-0.453784508207893,-2.05410821643287,0.903015718158933,0.707015718158933
"50",4.39879759519038,-0.321301714215199,-2.05410821643287,0.903015718158933,0.707015718158933
