"","x","yplot","target","ftrue","fwrong"
"1",-4.43887775551102,-0.55349564484912,1.09218436873747,-0.300688763944426,-0.496688763944426
"2",-4.35871743486974,-0.774292691037238,1.09218436873747,-0.300688763944426,-0.496688763944426
"3",-4.2184368737475,-0.662261716543872,1.09218436873747,-0.300688763944426,-0.496688763944426
"4",-4.17835671342685,-0.65853471328553,1.09218436873747,-0.300688763944426,-0.496688763944426
"5",-3.8376753507014,-0.722929073135154,1.09218436873747,-0.300688763944426,-0.496688763944426
"6",-3.01603206412826,-0.718992900254805,1.09218436873747,-0.300688763944426,-0.496688763944426
"7",-2.65531062124249,-0.934426078654842,1.09218436873747,-0.300688763944426,-0.496688763944426
"8",-2.19438877755511,-0.905903804816846,1.09218436873747,-0.300688763944426,-0.496688763944426
"9",-2.17434869739479,-0.843484432154008,1.09218436873747,-0.300688763944426,-0.496688763944426
"10",-1.75350701402806,-1.00313665218563,1.09218436873747,-0.300688763944426,-0.496688763944426
"11",-1.69338677354709,-0.882168336689165,1.09218436873747,-0.300688763944426,-0.496688763944426
"12",-0.991983967935872,-0.661815769850556,1.09218436873747,-0.300688763944426,-0.496688763944426
"13",-0.190380761523047,-0.652893001260385,1.09218436873747,-0.300688763944426,-0.496688763944426
"14",0.110220440881763,-0.410199135579665,1.09218436873747,-0.300688763944426,-0.496688763944426
"15",0.150300601202405,-0.478305575626349,1.09218436873747,-0.300688763944426,-0.496688763944426
"16",0.250501002004007,-0.374407457136444,1.09218436873747,-0.300688763944426,-0.496688763944426
"17",0.270541082164328,-0.443978434109753,1.09218436873747,-0.300688763944426,-0.496688763944426
"18",0.31062124248497,-0.592715732485664,1.09218436873747,-0.300688763944426,-0.496688763944426
"19",0.350701402805611,-0.466733393697195,1.09218436873747,-0.300688763944426,-0.496688763944426
"20",0.470941883767535,-0.337505878772151,1.09218436873747,-0.300688763944426,-0.496688763944426
"21",0.531062124248497,-0.406821950781204,1.09218436873747,-0.300688763944426,-0.496688763944426
"22",0.571142284569138,-0.401805309052961,1.09218436873747,-0.300688763944426,-0.496688763944426
"23",0.651302605210421,-0.523604380921172,1.09218436873747,-0.300688763944426,-0.496688763944426
"24",0.751503006012024,-0.547613938436236,1.09218436873747,-0.300688763944426,-0.496688763944426
"25",0.771543086172344,-0.385542111502725,1.09218436873747,-0.300688763944426,-0.496688763944426
"26",0.811623246492986,-0.243702800233746,1.09218436873747,-0.300688763944426,-0.496688763944426
"27",0.851703406813627,-0.393019435149113,1.09218436873747,-0.300688763944426,-0.496688763944426
"28",0.93186372745491,-0.190795063936076,1.09218436873747,-0.300688763944426,-0.496688763944426
"29",0.95190380761523,-0.501356422862912,1.09218436873747,-0.300688763944426,-0.496688763944426
"30",1.01202404809619,-0.363290863334227,1.09218436873747,-0.300688763944426,-0.496688763944426
"31",1.07214428857715,-0.222594582906158,1.09218436873747,-0.300688763944426,-0.496688763944426
"32",1.13226452905812,-0.476652295484731,1.09218436873747,-0.300688763944426,-0.496688763944426
"33",1.15230460921844,-0.252812579662905,1.09218436873747,-0.300688763944426,-0.496688763944426
"34",1.19238476953908,-0.279427163809872,1.09218436873747,-0.300688763944426,-0.496688763944426
"35",1.2124248496994,-0.0854189785031728,1.09218436873747,-0.300688763944426,-0.496688763944426
"36",1.39278557114228,-0.164946455134495,1.09218436873747,-0.300688763944426,-0.496688763944426
"37",1.4128256513026,-0.277764888129504,1.09218436873747,-0.300688763944426,-0.496688763944426
"38",1.51302605210421,-0.166679333218431,1.09218436873747,-0.300688763944426,-0.496688763944426
"39",1.55310621242485,-0.346430638788096,1.09218436873747,-0.300688763944426,-0.496688763944426
"40",1.65330661322645,-0.0453253474757845,1.09218436873747,-0.300688763944426,-0.496688763944426
"41",1.69338677354709,-0.134053310827901,1.09218436873747,-0.300688763944426,-0.496688763944426
"42",1.71342685370741,-0.206991328931723,1.09218436873747,-0.300688763944426,-0.496688763944426
"43",1.7935871743487,0.0718352601186678,1.09218436873747,-0.300688763944426,-0.496688763944426
"44",1.85370741482966,-0.231160026232436,1.09218436873747,-0.300688763944426,-0.496688763944426
"45",1.87374749498998,0.00728796153296783,1.09218436873747,-0.300688763944426,-0.496688763944426
"46",1.97394789579158,-0.174104958369654,1.09218436873747,-0.300688763944426,-0.496688763944426
"47",2.01402805611222,-0.0386722180061601,1.09218436873747,-0.300688763944426,-0.496688763944426
"48",2.03406813627254,-0.0159505377999269,1.09218436873747,-0.300688763944426,-0.496688763944426
"49",3.89779559118236,0.358970179311229,1.09218436873747,-0.300688763944426,-0.496688763944426
"50",4.77955911823647,0.611890321743824,1.09218436873747,-0.300688763944426,-0.496688763944426
