"","x","yplot","target","ftrue","fwrong"
"1",-4.71943887775551,-0.928206371671021,4.47895791583166,0.464713019105612,0.268713019105612
"2",-4.63927855711423,-0.985202961926028,4.47895791583166,0.464713019105612,0.268713019105612
"3",-4.17835671342685,-0.759189543452121,4.47895791583166,0.464713019105612,0.268713019105612
"4",-4.03807615230461,-1.02905869910334,4.47895791583166,0.464713019105612,0.268713019105612
"5",-3.93787575150301,-0.929040307834718,4.47895791583166,0.464713019105612,0.268713019105612
"6",-3.53707414829659,-0.952503404969426,4.47895791583166,0.464713019105612,0.268713019105612
"7",-3.0561122244489,-0.773770732122983,4.47895791583166,0.464713019105612,0.268713019105612
"8",-3.01603206412826,-0.631902086073166,4.47895791583166,0.464713019105612,0.268713019105612
"9",-2.99599198396794,-0.749884598732084,4.47895791583166,0.464713019105612,0.268713019105612
"10",-2.89579158316633,-0.775198642465045,4.47895791583166,0.464713019105612,0.268713019105612
"11",-2.31462925851703,-0.351789098459157,4.47895791583166,0.464713019105612,0.268713019105612
"12",-1.8937875751503,-0.443493709520636,4.47895791583166,0.464713019105612,0.268713019105612
"13",-1.65330661322645,-0.418889737710557,4.47895791583166,0.464713019105612,0.268713019105612
"14",-1.49298597194389,-0.332572310677632,4.47895791583166,0.464713019105612,0.268713019105612
"15",-1.37274549098196,-0.359757440657471,4.47895791583166,0.464713019105612,0.268713019105612
"16",-1.35270541082164,-0.268485125077501,4.47895791583166,0.464713019105612,0.268713019105612
"17",-1.2124248496994,-0.242333704913842,4.47895791583166,0.464713019105612,0.268713019105612
"18",-0.831663326653307,-0.0630993294885139,4.47895791583166,0.464713019105612,0.268713019105612
"19",-0.811623246492986,-0.13255046692536,4.47895791583166,0.464713019105612,0.268713019105612
"20",-0.691382765531062,-0.260815893346884,4.47895791583166,0.464713019105612,0.268713019105612
"21",-0.571142284569138,-0.212679039774543,4.47895791583166,0.464713019105612,0.268713019105612
"22",-0.0300601202404813,-0.0513103694752251,4.47895791583166,0.464713019105612,0.268713019105612
"23",-0.0100200400801604,0.193093390059064,4.47895791583166,0.464713019105612,0.268713019105612
"24",0.0100200400801604,-0.00517064204766889,4.47895791583166,0.464713019105612,0.268713019105612
"25",0.430861723446894,0.202496995070864,4.47895791583166,0.464713019105612,0.268713019105612
"26",0.611222444889779,0.412538975998126,4.47895791583166,0.464713019105612,0.268713019105612
"27",0.651302605210421,0.233608615360784,4.47895791583166,0.464713019105612,0.268713019105612
"28",0.811623246492986,0.201794352146669,4.47895791583166,0.464713019105612,0.268713019105612
"29",0.93186372745491,0.436165973029128,4.47895791583166,0.464713019105612,0.268713019105612
"30",1.01202404809619,0.432599481616943,4.47895791583166,0.464713019105612,0.268713019105612
"31",1.07214428857715,0.44077837565704,4.47895791583166,0.464713019105612,0.268713019105612
"32",1.81362725450902,0.290546520450909,4.47895791583166,0.464713019105612,0.268713019105612
"33",2.05410821643287,0.477411130673053,4.47895791583166,0.464713019105612,0.268713019105612
"34",2.5751503006012,0.517372375209866,4.47895791583166,0.464713019105612,0.268713019105612
"35",2.83567134268537,0.437742891313512,4.47895791583166,0.464713019105612,0.268713019105612
"36",3.51703406813627,0.545745594642381,4.47895791583166,0.464713019105612,0.268713019105612
"37",3.59719438877755,0.527208154226074,4.47895791583166,0.464713019105612,0.268713019105612
"38",3.67735470941884,0.436324350055747,4.47895791583166,0.464713019105612,0.268713019105612
"39",3.8376753507014,0.413892693463892,4.47895791583166,0.464713019105612,0.268713019105612
"40",3.85771543086172,0.717801611613544,4.47895791583166,0.464713019105612,0.268713019105612
"41",3.91783567134268,0.535208464670535,4.47895791583166,0.464713019105612,0.268713019105612
"42",4.23847695390782,0.481389452712094,4.47895791583166,0.464713019105612,0.268713019105612
"43",4.25851703406814,0.594741100386512,4.47895791583166,0.464713019105612,0.268713019105612
"44",4.27855711422846,0.383900859763303,4.47895791583166,0.464713019105612,0.268713019105612
"45",4.29859719438878,0.402998626071299,4.47895791583166,0.464713019105612,0.268713019105612
"46",4.37875751503006,0.469057681859407,4.47895791583166,0.464713019105612,0.268713019105612
"47",4.63927855711423,0.596844257796579,4.47895791583166,0.464713019105612,0.268713019105612
"48",4.69939879759519,0.411354873929398,4.47895791583166,0.464713019105612,0.268713019105612
"49",4.77955911823647,0.535217640763875,4.47895791583166,0.464713019105612,0.268713019105612
"50",4.85971943887776,0.416075803545318,4.47895791583166,0.464713019105612,0.268713019105612
