"","x","yplot","target","ftrue","fwrong"
"1",-4.29859719438878,0.829703988954729,-3.2565130260521,0.810007043821344,0.614007043821344
"2",-4.2184368737475,0.821278653344601,-3.2565130260521,0.810007043821344,0.614007043821344
"3",-4.17835671342685,1.0023323346811,-3.2565130260521,0.810007043821344,0.614007043821344
"4",-3.97795591182365,0.872078123183738,-3.2565130260521,0.810007043821344,0.614007043821344
"5",-3.95791583166333,0.81282188851066,-3.2565130260521,0.810007043821344,0.614007043821344
"6",-3.8376753507014,0.890591395315443,-3.2565130260521,0.810007043821344,0.614007043821344
"7",-3.79759519038076,0.930008742720423,-3.2565130260521,0.810007043821344,0.614007043821344
"8",-3.65731462925852,0.812352424509391,-3.2565130260521,0.810007043821344,0.614007043821344
"9",-3.61723446893788,0.913733528579885,-3.2565130260521,0.810007043821344,0.614007043821344
"10",-3.51703406813627,1.07941259970503,-3.2565130260521,0.810007043821344,0.614007043821344
"11",-3.35671342685371,0.75823732150649,-3.2565130260521,0.810007043821344,0.614007043821344
"12",-3.29659318637275,0.736923423106623,-3.2565130260521,0.810007043821344,0.614007043821344
"13",-3.17635270541082,0.981963835874874,-3.2565130260521,0.810007043821344,0.614007043821344
"14",-3.07615230460922,0.796521256536872,-3.2565130260521,0.810007043821344,0.614007043821344
"15",-2.97595190380762,0.833854357542284,-3.2565130260521,0.810007043821344,0.614007043821344
"16",-2.89579158316633,0.788988000264734,-3.2565130260521,0.810007043821344,0.614007043821344
"17",-2.81563126252505,0.706517625860745,-3.2565130260521,0.810007043821344,0.614007043821344
"18",-2.69539078156313,0.672475790034587,-3.2565130260521,0.810007043821344,0.614007043821344
"19",-2.67535070140281,0.655790895737955,-3.2565130260521,0.810007043821344,0.614007043821344
"20",-2.59519038076152,0.68948779406698,-3.2565130260521,0.810007043821344,0.614007043821344
"21",-2.53507014028056,0.809278530088181,-3.2565130260521,0.810007043821344,0.614007043821344
"22",-2.29458917835671,0.817021179628805,-3.2565130260521,0.810007043821344,0.614007043821344
"23",-2.25450901803607,0.630770577312107,-3.2565130260521,0.810007043821344,0.614007043821344
"24",-1.9939879759519,0.554327860565904,-3.2565130260521,0.810007043821344,0.614007043821344
"25",-1.65330661322645,0.709003383793262,-3.2565130260521,0.810007043821344,0.614007043821344
"26",0.150300601202405,0.0301117537211898,-3.2565130260521,0.810007043821344,0.614007043821344
"27",3.03607214428858,-0.594528360865255,-3.2565130260521,0.810007043821344,0.614007043821344
"28",3.75751503006012,-0.662532555177695,-3.2565130260521,0.810007043821344,0.614007043821344
"29",4.43887775551102,-0.849582389317457,-3.2565130260521,0.810007043821344,0.614007043821344
"30",4.63927855711423,-0.940356931483252,-3.2565130260521,0.810007043821344,0.614007043821344
