"","x","yplot","target","ftrue","fwrong"
"1",-4.51903807615231,-0.636236760551569,1.27254509018036,0.389377253980726,0.193377253980726
"2",-4.37875751503006,-0.516652989069885,1.27254509018036,0.389377253980726,0.193377253980726
"3",-4.27855711422846,-0.357519384211529,1.27254509018036,0.389377253980726,0.193377253980726
"4",-3.8376753507014,-0.460562248001758,1.27254509018036,0.389377253980726,0.193377253980726
"5",-3.0561122244489,-0.215503256853069,1.27254509018036,0.389377253980726,0.193377253980726
"6",-2.81563126252505,-0.20109119985899,1.27254509018036,0.389377253980726,0.193377253980726
"7",-2.79559118236473,-0.274371900469621,1.27254509018036,0.389377253980726,0.193377253980726
"8",-2.27454909819639,-0.169098053237018,1.27254509018036,0.389377253980726,0.193377253980726
"9",-2.17434869739479,0.0366410224096076,1.27254509018036,0.389377253980726,0.193377253980726
"10",-2.09418837675351,-0.00306828242531768,1.27254509018036,0.389377253980726,0.193377253980726
"11",-1.9939879759519,-0.000457122632438342,1.27254509018036,0.389377253980726,0.193377253980726
"12",-1.75350701402806,-0.117603089058171,1.27254509018036,0.389377253980726,0.193377253980726
"13",-1.71342685370742,-0.148851821494588,1.27254509018036,0.389377253980726,0.193377253980726
"14",-1.17234468937876,-0.0255982368622895,1.27254509018036,0.389377253980726,0.193377253980726
"15",-0.95190380761523,0.0136063605203895,1.27254509018036,0.389377253980726,0.193377253980726
"16",-0.691382765531062,0.185711063782343,1.27254509018036,0.389377253980726,0.193377253980726
"17",-0.190380761523047,-0.0731905533759806,1.27254509018036,0.389377253980726,0.193377253980726
"18",0.0501002004008013,0.274974535077946,1.27254509018036,0.389377253980726,0.193377253980726
"19",0.350701402805611,0.225665265730675,1.27254509018036,0.389377253980726,0.193377253980726
"20",0.591182364729459,0.200470023148892,1.27254509018036,0.389377253980726,0.193377253980726
"21",0.711422845691382,0.25373907421361,1.27254509018036,0.389377253980726,0.193377253980726
"22",0.891783567134269,0.249617884518861,1.27254509018036,0.389377253980726,0.193377253980726
"23",0.93186372745491,0.260130861579887,1.27254509018036,0.389377253980726,0.193377253980726
"24",1.25250501002004,0.425939417050871,1.27254509018036,0.389377253980726,0.193377253980726
"25",1.35270541082164,0.559657908956526,1.27254509018036,0.389377253980726,0.193377253980726
"26",1.43286573146293,0.500761653706898,1.27254509018036,0.389377253980726,0.193377253980726
"27",1.51302605210421,0.317074293480647,1.27254509018036,0.389377253980726,0.193377253980726
"28",1.77354709418838,0.37515260301931,1.27254509018036,0.389377253980726,0.193377253980726
"29",1.83366733466934,0.407540084802811,1.27254509018036,0.389377253980726,0.193377253980726
"30",2.07414829659319,0.571814366921863,1.27254509018036,0.389377253980726,0.193377253980726
"31",2.29458917835671,0.471117199274658,1.27254509018036,0.389377253980726,0.193377253980726
"32",2.374749498998,0.398736451599887,1.27254509018036,0.389377253980726,0.193377253980726
"33",2.63527054108216,0.501797605926696,1.27254509018036,0.389377253980726,0.193377253980726
"34",2.67535070140281,0.588521780852487,1.27254509018036,0.389377253980726,0.193377253980726
"35",3.27655310621243,0.439147763763761,1.27254509018036,0.389377253980726,0.193377253980726
"36",3.55711422845691,0.588612510883182,1.27254509018036,0.389377253980726,0.193377253980726
"37",3.65731462925852,0.598057933592302,1.27254509018036,0.389377253980726,0.193377253980726
"38",3.67735470941884,0.474652045636747,1.27254509018036,0.389377253980726,0.193377253980726
"39",4.19839679358717,0.602046509669734,1.27254509018036,0.389377253980726,0.193377253980726
"40",4.33867735470942,0.446837368720598,1.27254509018036,0.389377253980726,0.193377253980726
