"","x","yplot","target","ftrue","fwrong"
"1",-4.15831663326653,-0.926162042565701,-3.41683366733467,-0.924439577880014,-1.12043957788001
"2",-4.13827655310621,-0.954953957697277,-3.41683366733467,-0.924439577880014,-1.12043957788001
"3",-3.93787575150301,-1.12828460530531,-3.41683366733467,-0.924439577880014,-1.12043957788001
"4",-3.8376753507014,-0.740425710374599,-3.41683366733467,-0.924439577880014,-1.12043957788001
"5",-3.81763527054108,-0.913248688846985,-3.41683366733467,-0.924439577880014,-1.12043957788001
"6",-3.67735470941884,-0.979612331591622,-3.41683366733467,-0.924439577880014,-1.12043957788001
"7",-3.55711422845691,-0.793047535466458,-3.41683366733467,-0.924439577880014,-1.12043957788001
"8",-3.35671342685371,-0.961946776829397,-3.41683366733467,-0.924439577880014,-1.12043957788001
"9",-3.03607214428858,-1.04410477300976,-3.41683366733467,-0.924439577880014,-1.12043957788001
"10",-2.99599198396794,-0.93496728538742,-3.41683366733467,-0.924439577880014,-1.12043957788001
"11",-2.61523046092184,-0.782277502183274,-3.41683366733467,-0.924439577880014,-1.12043957788001
"12",-2.55511022044088,-0.891616631664996,-3.41683366733467,-0.924439577880014,-1.12043957788001
"13",-2.51503006012024,-0.976385810186772,-3.41683366733467,-0.924439577880014,-1.12043957788001
"14",-2.4749498997996,-0.800161356047629,-3.41683366733467,-0.924439577880014,-1.12043957788001
"15",-0.290581162324649,-0.959644642672557,-3.41683366733467,-0.924439577880014,-1.12043957788001
"16",0.0300601202404804,-0.87015185366056,-3.41683366733467,-0.924439577880014,-1.12043957788001
"17",1.33266533066132,-0.221155161028038,-3.41683366733467,-0.924439577880014,-1.12043957788001
"18",2.23446893787575,0.452553047902207,-3.41683366733467,-0.924439577880014,-1.12043957788001
"19",2.93587174348697,0.495927746272641,-3.41683366733467,-0.924439577880014,-1.12043957788001
"20",4.05811623246493,-0.286985142813849,-3.41683366733467,-0.924439577880014,-1.12043957788001
