"","x","yplot","target","ftrue","fwrong"
"1",-4.77955911823647,-0.367392901505307,4.01803607214429,0.746500904810076,0.550500904810076
"2",-3.59719438877756,-0.0473738660374151,4.01803607214429,0.746500904810076,0.550500904810076
"3",-3.23647294589178,0.115244024881437,4.01803607214429,0.746500904810076,0.550500904810076
"4",-3.17635270541082,0.155359723305163,4.01803607214429,0.746500904810076,0.550500904810076
"5",-3.09619238476954,0.0491006275844171,4.01803607214429,0.746500904810076,0.550500904810076
"6",-2.81563126252505,0.145526605656273,4.01803607214429,0.746500904810076,0.550500904810076
"7",-2.71543086172345,0.1241734939824,4.01803607214429,0.746500904810076,0.550500904810076
"8",-2.45490981963928,0.147752748828786,4.01803607214429,0.746500904810076,0.550500904810076
"9",-2.11422845691383,-0.0594876404557121,4.01803607214429,0.746500904810076,0.550500904810076
"10",-1.77354709418838,-0.210500285208554,4.01803607214429,0.746500904810076,0.550500904810076
"11",-1.63326653306613,-0.235857326302315,4.01803607214429,0.746500904810076,0.550500904810076
"12",-1.55310621242485,-0.196755966838019,4.01803607214429,0.746500904810076,0.550500904810076
"13",-1.27254509018036,-0.408544354409841,4.01803607214429,0.746500904810076,0.550500904810076
"14",-0.731462925851703,-0.521220023383056,4.01803607214429,0.746500904810076,0.550500904810076
"15",-0.270541082164329,-0.922079149729251,4.01803607214429,0.746500904810076,0.550500904810076
"16",0.490981963927855,-0.889204252466041,4.01803607214429,0.746500904810076,0.550500904810076
"17",1.09218436873747,-0.811297817512964,4.01803607214429,0.746500904810076,0.550500904810076
"18",2.17434869739479,-0.326160990243075,4.01803607214429,0.746500904810076,0.550500904810076
"19",2.55511022044088,-0.17669086002909,4.01803607214429,0.746500904810076,0.550500904810076
"20",2.89579158316633,0.0925948472903271,4.01803607214429,0.746500904810076,0.550500904810076
"21",2.99599198396794,0.17249599424134,4.01803607214429,0.746500904810076,0.550500904810076
"22",3.57715430861723,0.589907135984472,4.01803607214429,0.746500904810076,0.550500904810076
"23",3.6372745490982,0.517894282627679,4.01803607214429,0.746500904810076,0.550500904810076
"24",3.69739478957916,0.600161699300097,4.01803607214429,0.746500904810076,0.550500904810076
"25",4.05811623246493,0.571213603315267,4.01803607214429,0.746500904810076,0.550500904810076
"26",4.11823647294589,0.801763719888594,4.01803607214429,0.746500904810076,0.550500904810076
"27",4.4188376753507,0.67906609748327,4.01803607214429,0.746500904810076,0.550500904810076
"28",4.43887775551102,0.9771459715186,4.01803607214429,0.746500904810076,0.550500904810076
"29",4.53907815631263,0.657542534663145,4.01803607214429,0.746500904810076,0.550500904810076
"30",4.81963927855711,0.713435584645824,4.01803607214429,0.746500904810076,0.550500904810076
