"","x","yplot","target","ftrue","fwrong"
"1",-2.75551102204409,0.230652410520573,-1.8937875751503,0.703056886429474,0.507056886429474
"2",-2.5751503006012,0.334778085342265,-1.8937875751503,0.703056886429474,0.507056886429474
"3",-2.55511022044088,0.250111677689646,-1.8937875751503,0.703056886429474,0.507056886429474
"4",-2.05410821643287,0.581073333380307,-1.8937875751503,0.703056886429474,0.507056886429474
"5",-1.9939879759519,0.56625101182207,-1.8937875751503,0.703056886429474,0.507056886429474
"6",-1.85370741482966,1.03337538218356,-1.8937875751503,0.703056886429474,0.507056886429474
"7",-1.17234468937876,0.742466004376004,-1.8937875751503,0.703056886429474,0.507056886429474
"8",-0.430861723446894,0.589523371472098,-1.8937875751503,0.703056886429474,0.507056886429474
"9",1.43286573146293,-0.8857236130872,-1.8937875751503,0.703056886429474,0.507056886429474
"10",3.17635270541082,-0.506777332703922,-1.8937875751503,0.703056886429474,0.507056886429474
