"","x","yplot","target","ftrue","fwrong"
"1",-3.95791583166333,0.582585994983057,3.49699398797595,-0.480783584371199,-0.676783584371199
"2",-3.61723446893788,0.723439206219312,3.49699398797595,-0.480783584371199,-0.676783584371199
"3",-2.89579158316633,0.559653115037636,3.49699398797595,-0.480783584371199,-0.676783584371199
"4",-2.85571142284569,0.530573588360155,3.49699398797595,-0.480783584371199,-0.676783584371199
"5",-1.91382765531062,0.539732128903653,3.49699398797595,-0.480783584371199,-0.676783584371199
"6",-1.83366733466934,0.722722695953407,3.49699398797595,-0.480783584371199,-0.676783584371199
"7",0.190380761523046,0.296218377860663,3.49699398797595,-0.480783584371199,-0.676783584371199
"8",2.17434869739479,-0.26787193233731,3.49699398797595,-0.480783584371199,-0.676783584371199
"9",2.67535070140281,-0.354494007559773,3.49699398797595,-0.480783584371199,-0.676783584371199
"10",2.81563126252505,-0.403028366769366,3.49699398797595,-0.480783584371199,-0.676783584371199
"11",3.01603206412826,-0.325852064676092,3.49699398797595,-0.480783584371199,-0.676783584371199
"12",3.07615230460922,-0.347621181597697,3.49699398797595,-0.480783584371199,-0.676783584371199
"13",3.13627254509018,-0.241166933149985,3.49699398797595,-0.480783584371199,-0.676783584371199
"14",3.1563126252505,-0.28741242144066,3.49699398797595,-0.480783584371199,-0.676783584371199
"15",3.17635270541082,-0.430682776011043,3.49699398797595,-0.480783584371199,-0.676783584371199
"16",3.19639278557114,-0.414958983890525,3.49699398797595,-0.480783584371199,-0.676783584371199
"17",3.31663326653307,-0.330097232329747,3.49699398797595,-0.480783584371199,-0.676783584371199
"18",3.53707414829659,-0.670621083810304,3.49699398797595,-0.480783584371199,-0.676783584371199
"19",3.61723446893788,-0.51894136901936,3.49699398797595,-0.480783584371199,-0.676783584371199
"20",3.6372745490982,-0.639807756151038,3.49699398797595,-0.480783584371199,-0.676783584371199
"21",3.65731462925852,-0.537691182787655,3.49699398797595,-0.480783584371199,-0.676783584371199
"22",3.71743486973948,-0.618809406166279,3.49699398797595,-0.480783584371199,-0.676783584371199
"23",3.89779559118236,-0.367459742613459,3.49699398797595,-0.480783584371199,-0.676783584371199
"24",3.95791583166333,-0.659884908609125,3.49699398797595,-0.480783584371199,-0.676783584371199
"25",4.11823647294589,-0.561911897476602,3.49699398797595,-0.480783584371199,-0.676783584371199
"26",4.17835671342685,-0.45013808734027,3.49699398797595,-0.480783584371199,-0.676783584371199
"27",4.23847695390782,-0.697228714064818,3.49699398797595,-0.480783584371199,-0.676783584371199
"28",4.43887775551102,-0.491966811587259,3.49699398797595,-0.480783584371199,-0.676783584371199
"29",4.45891783567134,-0.62103203464984,3.49699398797595,-0.480783584371199,-0.676783584371199
"30",5,-0.732356407068451,3.49699398797595,-0.480783584371199,-0.676783584371199
