"","x","yplot","target","ftrue","fwrong"
"1",-4.49899799599198,-0.59594283937172,2.35470941883768,-0.701130349475546,-0.897130349475546
"2",-3.87775551102204,-0.628877745367543,2.35470941883768,-0.701130349475546,-0.897130349475546
"3",-3.81763527054108,-0.883627985064393,2.35470941883768,-0.701130349475546,-0.897130349475546
"4",-3.7374749498998,-0.755997381883897,2.35470941883768,-0.701130349475546,-0.897130349475546
"5",-3.57715430861723,-0.876736862154336,2.35470941883768,-0.701130349475546,-0.897130349475546
"6",-1.29258517034068,-0.196300551552478,2.35470941883768,-0.701130349475546,-0.897130349475546
"7",2.15430861723447,-0.617256080372122,2.35470941883768,-0.701130349475546,-0.897130349475546
"8",2.31462925851703,-0.62811582576853,2.35470941883768,-0.701130349475546,-0.897130349475546
"9",2.4749498997996,-0.758174581872544,2.35470941883768,-0.701130349475546,-0.897130349475546
"10",4.91983967935872,0.811378004836379,2.35470941883768,-0.701130349475546,-0.897130349475546
