"","x","yplot","target","ftrue","fwrong"
"1",-4.45891783567134,-0.627932567188081,-2.51503006012024,-0.907189553366321,-1.10318955336632
"2",-4.25851703406814,-0.575101018035596,-2.51503006012024,-0.907189553366321,-1.10318955336632
"3",-3.87775551102204,-0.673106290217898,-2.51503006012024,-0.907189553366321,-1.10318955336632
"4",-3.49699398797595,-0.743780127701486,-2.51503006012024,-0.907189553366321,-1.10318955336632
"5",-3.37675350701403,-0.903651073848373,-2.51503006012024,-0.907189553366321,-1.10318955336632
"6",-3.35671342685371,-0.825531193244471,-2.51503006012024,-0.907189553366321,-1.10318955336632
"7",-3.19639278557114,-0.932237461361894,-2.51503006012024,-0.907189553366321,-1.10318955336632
"8",-3.09619238476954,-1.02690160320495,-2.51503006012024,-0.907189553366321,-1.10318955336632
"9",-3.07615230460922,-0.901528941158365,-2.51503006012024,-0.907189553366321,-1.10318955336632
"10",-3.03607214428858,-0.886755298652251,-2.51503006012024,-0.907189553366321,-1.10318955336632
"11",-3.01603206412826,-0.877964199349166,-2.51503006012024,-0.907189553366321,-1.10318955336632
"12",-2.97595190380762,-0.922660518124578,-2.51503006012024,-0.907189553366321,-1.10318955336632
"13",-2.89579158316633,-0.813205819279903,-2.51503006012024,-0.907189553366321,-1.10318955336632
"14",-2.67535070140281,-0.812263417058343,-2.51503006012024,-0.907189553366321,-1.10318955336632
"15",-2.53507014028056,-0.6829006481507,-2.51503006012024,-0.907189553366321,-1.10318955336632
"16",-2.51503006012024,-0.820211869891767,-2.51503006012024,-0.907189553366321,-1.10318955336632
"17",-2.4749498997996,-0.954700616834795,-2.51503006012024,-0.907189553366321,-1.10318955336632
"18",-2.41482965931864,-0.907111882564778,-2.51503006012024,-0.907189553366321,-1.10318955336632
"19",-2.374749498998,-0.91999406407063,-2.51503006012024,-0.907189553366321,-1.10318955336632
"20",-1.91382765531062,-0.908168023689788,-2.51503006012024,-0.907189553366321,-1.10318955336632
"21",-1.85370741482966,-0.932596790566948,-2.51503006012024,-0.907189553366321,-1.10318955336632
"22",-1.81362725450902,-0.795168220356863,-2.51503006012024,-0.907189553366321,-1.10318955336632
"23",-1.71342685370742,-0.793489672304611,-2.51503006012024,-0.907189553366321,-1.10318955336632
"24",-1.57314629258517,-0.838983919522243,-2.51503006012024,-0.907189553366321,-1.10318955336632
"25",-1.03206412825651,-0.788272967075876,-2.51503006012024,-0.907189553366321,-1.10318955336632
"26",-0.470941883767535,-0.470817538766122,-2.51503006012024,-0.907189553366321,-1.10318955336632
"27",2.71543086172345,0.399228241880398,-2.51503006012024,-0.907189553366321,-1.10318955336632
"28",4.11823647294589,-0.165559652427287,-2.51503006012024,-0.907189553366321,-1.10318955336632
"29",4.67935871743487,-0.0398215810623491,-2.51503006012024,-0.907189553366321,-1.10318955336632
"30",4.77955911823647,-0.03734189589002,-2.51503006012024,-0.907189553366321,-1.10318955336632
