"","x","yplot","target","ftrue","fwrong"
"1",-4.91983967935872,0.0879333908793607,1.83366733466934,-0.483244868315048,-0.287244868315048
"2",-3.0561122244489,0.756752137610333,1.83366733466934,-0.483244868315048,-0.287244868315048
"3",-1.05210420841683,-0.515394343667792,1.83366733466934,-0.483244868315048,-0.287244868315048
"4",-0.210420841683367,-0.801090137296887,1.83366733466934,-0.483244868315048,-0.287244868315048
"5",0.93186372745491,-0.915005400070444,1.83366733466934,-0.483244868315048,-0.287244868315048
"6",1.91382765531062,-0.405284216901836,1.83366733466934,-0.483244868315048,-0.287244868315048
"7",2.73547094188377,-0.499355169798278,1.83366733466934,-0.483244868315048,-0.287244868315048
"8",2.89579158316633,-0.350086896975451,1.83366733466934,-0.483244868315048,-0.287244868315048
"9",3.0561122244489,-0.258739276922569,1.83366733466934,-0.483244868315048,-0.287244868315048
"10",4.67935871743487,-0.2118307746846,1.83366733466934,-0.483244868315048,-0.287244868315048
