"","x","yplot","target","ftrue","fwrong"
"1",-4.91983967935872,0.838734785156486,3.51703406813627,-0.187052302602748,-0.383052302602748
"2",-4.55911823647295,0.873328044054266,3.51703406813627,-0.187052302602748,-0.383052302602748
"3",-4.37875751503006,0.963218900993846,3.51703406813627,-0.187052302602748,-0.383052302602748
"4",-4.23847695390782,0.830016155563518,3.51703406813627,-0.187052302602748,-0.383052302602748
"5",-3.33667334669339,0.641986424324324,3.51703406813627,-0.187052302602748,-0.383052302602748
"6",-3.09619238476954,0.718996205387372,3.51703406813627,-0.187052302602748,-0.383052302602748
"7",-2.85571142284569,0.739493498978852,3.51703406813627,-0.187052302602748,-0.383052302602748
"8",-2.61523046092184,1.05388008741501,3.51703406813627,-0.187052302602748,-0.383052302602748
"9",-2.33466933867735,0.839390109090209,3.51703406813627,-0.187052302602748,-0.383052302602748
"10",-1.69338677354709,0.698293049873055,3.51703406813627,-0.187052302602748,-0.383052302602748
"11",-1.19238476953908,0.742273323326175,3.51703406813627,-0.187052302602748,-0.383052302602748
"12",-1.07214428857715,0.828837543880103,3.51703406813627,-0.187052302602748,-0.383052302602748
"13",0.150300601202405,0.567466554967615,3.51703406813627,-0.187052302602748,-0.383052302602748
"14",1.15230460921844,0.413204888722167,3.51703406813627,-0.187052302602748,-0.383052302602748
"15",1.17234468937876,0.190428177180841,3.51703406813627,-0.187052302602748,-0.383052302602748
"16",1.2124248496994,0.219216025830732,3.51703406813627,-0.187052302602748,-0.383052302602748
"17",1.4128256513026,0.378245833213757,3.51703406813627,-0.187052302602748,-0.383052302602748
"18",1.43286573146293,0.453575296664568,3.51703406813627,-0.187052302602748,-0.383052302602748
"19",1.49298597194389,0.201160891911436,3.51703406813627,-0.187052302602748,-0.383052302602748
"20",2.13426853707415,0.266513294288781,3.51703406813627,-0.187052302602748,-0.383052302602748
"21",2.4749498997996,0.0320990008615419,3.51703406813627,-0.187052302602748,-0.383052302602748
"22",2.63527054108216,0.288995054717462,3.51703406813627,-0.187052302602748,-0.383052302602748
"23",2.71543086172345,0.0433303924886338,3.51703406813627,-0.187052302602748,-0.383052302602748
"24",2.89579158316633,-0.0535839781661578,3.51703406813627,-0.187052302602748,-0.383052302602748
"25",2.97595190380761,-0.033534010425566,3.51703406813627,-0.187052302602748,-0.383052302602748
"26",2.99599198396794,0.234866580994313,3.51703406813627,-0.187052302602748,-0.383052302602748
"27",3.57715430861723,-0.367565292680797,3.51703406813627,-0.187052302602748,-0.383052302602748
"28",4.07815631262525,-0.264317828150638,3.51703406813627,-0.187052302602748,-0.383052302602748
"29",4.23847695390782,-0.424548989390761,3.51703406813627,-0.187052302602748,-0.383052302602748
"30",4.43887775551102,-0.396786848294369,3.51703406813627,-0.187052302602748,-0.383052302602748
