"","x","yplot","target","ftrue","fwrong"
"1",-5,-0.96582287193037,1.8937875751503,-0.0837232323010605,0.11227676769894
"2",-4.75951903807615,-0.774428461348191,1.8937875751503,-0.0837232323010605,0.11227676769894
"3",-4.4188376753507,-0.959658040358886,1.8937875751503,-0.0837232323010605,0.11227676769894
"4",-3.31663326653307,-0.672434593010172,1.8937875751503,-0.0837232323010605,0.11227676769894
"5",-2.41482965931864,-0.751234696737252,1.8937875751503,-0.0837232323010605,0.11227676769894
"6",-2.01402805611222,-0.487024482128585,1.8937875751503,-0.0837232323010605,0.11227676769894
"7",-1.01202404809619,-0.62114616991738,1.8937875751503,-0.0837232323010605,0.11227676769894
"8",-0.330661322645291,-0.526814428761122,1.8937875751503,-0.0837232323010605,0.11227676769894
"9",-0.0901803607214431,-0.243338705291625,1.8937875751503,-0.0837232323010605,0.11227676769894
"10",-0.0501002004008022,-0.473314076553911,1.8937875751503,-0.0837232323010605,0.11227676769894
"11",0.490981963927855,-0.402089403021111,1.8937875751503,-0.0837232323010605,0.11227676769894
"12",0.95190380761523,-0.321365460376619,1.8937875751503,-0.0837232323010605,0.11227676769894
"13",0.991983967935871,-0.28239594099978,1.8937875751503,-0.0837232323010605,0.11227676769894
"14",1.07214428857715,-0.301471253273648,1.8937875751503,-0.0837232323010605,0.11227676769894
"15",1.27254509018036,-0.327430637642826,1.8937875751503,-0.0837232323010605,0.11227676769894
"16",1.29258517034068,0.0655113296736136,1.8937875751503,-0.0837232323010605,0.11227676769894
"17",1.33266533066132,-0.135049515143123,1.8937875751503,-0.0837232323010605,0.11227676769894
"18",1.37274549098196,-0.198022831379855,1.8937875751503,-0.0837232323010605,0.11227676769894
"19",1.47294589178357,-0.0460701982779115,1.8937875751503,-0.0837232323010605,0.11227676769894
"20",1.57314629258517,-0.183640933126788,1.8937875751503,-0.0837232323010605,0.11227676769894
"21",1.67334669338677,-0.0277839074247769,1.8937875751503,-0.0837232323010605,0.11227676769894
"22",1.69338677354709,-0.150887100692567,1.8937875751503,-0.0837232323010605,0.11227676769894
"23",1.85370741482966,-0.0369768192848225,1.8937875751503,-0.0837232323010605,0.11227676769894
"24",1.91382765531062,-0.234998346744932,1.8937875751503,-0.0837232323010605,0.11227676769894
"25",2.03406813627254,-0.0396768222640435,1.8937875751503,-0.0837232323010605,0.11227676769894
"26",2.05410821643287,-0.053823372011542,1.8937875751503,-0.0837232323010605,0.11227676769894
"27",2.13426853707415,-0.258568916278006,1.8937875751503,-0.0837232323010605,0.11227676769894
"28",2.23446893787575,0.0168388110511316,1.8937875751503,-0.0837232323010605,0.11227676769894
"29",2.27454909819639,0.0677919761333955,1.8937875751503,-0.0837232323010605,0.11227676769894
"30",2.29458917835671,0.00746896352567186,1.8937875751503,-0.0837232323010605,0.11227676769894
"31",2.374749498998,0.000471524409203169,1.8937875751503,-0.0837232323010605,0.11227676769894
"32",2.45490981963928,0.155233419241506,1.8937875751503,-0.0837232323010605,0.11227676769894
"33",2.4749498997996,0.1300153503033,1.8937875751503,-0.0837232323010605,0.11227676769894
"34",2.53507014028056,0.135002470669142,1.8937875751503,-0.0837232323010605,0.11227676769894
"35",2.55511022044088,0.0276786970221796,1.8937875751503,-0.0837232323010605,0.11227676769894
"36",2.73547094188377,0.210600867655724,1.8937875751503,-0.0837232323010605,0.11227676769894
"37",2.75551102204409,-0.045299921367464,1.8937875751503,-0.0837232323010605,0.11227676769894
"38",2.79559118236473,0.182517561464194,1.8937875751503,-0.0837232323010605,0.11227676769894
"39",2.83567134268537,0.132238960788036,1.8937875751503,-0.0837232323010605,0.11227676769894
"40",3.89779559118236,0.508974530800151,1.8937875751503,-0.0837232323010605,0.11227676769894
