"","x","yplot","target","ftrue","fwrong"
"1",-4.81963927855711,0.654771128909196,-2.75551102204409,-0.475140982096561,-0.671140982096561
"2",-4.37875751503006,0.457260141198471,-2.75551102204409,-0.475140982096561,-0.671140982096561
"3",-4.19839679358717,0.34865600241378,-2.75551102204409,-0.475140982096561,-0.671140982096561
"4",-3.99799599198397,-0.0897739625690794,-2.75551102204409,-0.475140982096561,-0.671140982096561
"5",-3.8376753507014,0.0591419766402668,-2.75551102204409,-0.475140982096561,-0.671140982096561
"6",-3.65731462925852,0.0316571728223544,-2.75551102204409,-0.475140982096561,-0.671140982096561
"7",-3.47695390781563,-0.218028354742078,-2.75551102204409,-0.475140982096561,-0.671140982096561
"8",-3.43687374749499,-0.135590308689183,-2.75551102204409,-0.475140982096561,-0.671140982096561
"9",-3.29659318637275,-0.15882474699847,-2.75551102204409,-0.475140982096561,-0.671140982096561
"10",-3.11623246492986,-0.420947780685064,-2.75551102204409,-0.475140982096561,-0.671140982096561
"11",-3.09619238476954,-0.324249726532523,-2.75551102204409,-0.475140982096561,-0.671140982096561
"12",-3.03607214428858,-0.32513237223059,-2.75551102204409,-0.475140982096561,-0.671140982096561
"13",-2.81563126252505,-0.406838149100558,-2.75551102204409,-0.475140982096561,-0.671140982096561
"14",-2.71543086172345,-0.6813252952959,-2.75551102204409,-0.475140982096561,-0.671140982096561
"15",-1.61322645290581,-0.692912766427234,-2.75551102204409,-0.475140982096561,-0.671140982096561
"16",-0.470941883767535,-0.597303786034102,-2.75551102204409,-0.475140982096561,-0.671140982096561
"17",0.6312625250501,-0.0532168032451112,-2.75551102204409,-0.475140982096561,-0.671140982096561
"18",0.871743486973948,-0.160630471646741,-2.75551102204409,-0.475140982096561,-0.671140982096561
"19",0.891783567134269,-0.198698278516952,-2.75551102204409,-0.475140982096561,-0.671140982096561
"20",0.93186372745491,0.0654631380715887,-2.75551102204409,-0.475140982096561,-0.671140982096561
"21",1.1122244488978,-0.0720332238087448,-2.75551102204409,-0.475140982096561,-0.671140982096561
"22",3.0561122244489,-0.179693140258359,-2.75551102204409,-0.475140982096561,-0.671140982096561
"23",3.13627254509018,-0.045714378035958,-2.75551102204409,-0.475140982096561,-0.671140982096561
"24",3.41683366733467,-0.334630251812605,-2.75551102204409,-0.475140982096561,-0.671140982096561
"25",3.53707414829659,-0.00503658912390298,-2.75551102204409,-0.475140982096561,-0.671140982096561
"26",3.59719438877755,-0.232435420137625,-2.75551102204409,-0.475140982096561,-0.671140982096561
"27",4.53907815631263,-0.632008748291319,-2.75551102204409,-0.475140982096561,-0.671140982096561
"28",4.71943887775551,-0.759393036103984,-2.75551102204409,-0.475140982096561,-0.671140982096561
"29",4.75951903807615,-0.637044094336374,-2.75551102204409,-0.475140982096561,-0.671140982096561
"30",4.85971943887776,-0.789409630161813,-2.75551102204409,-0.475140982096561,-0.671140982096561
