"","x","yplot","target","ftrue","fwrong"
"1",-4.57915831663327,0.679304538595874,-3.23647294589178,0.354532136306271,0.550532136306271
"2",-4.27855711422846,0.624746599682396,-3.23647294589178,0.354532136306271,0.550532136306271
"3",-4.15831663326653,0.609033407878976,-3.23647294589178,0.354532136306271,0.550532136306271
"4",-4.11823647294589,0.366052851409828,-3.23647294589178,0.354532136306271,0.550532136306271
"5",-4.07815631262525,0.454160972706881,-3.23647294589178,0.354532136306271,0.550532136306271
"6",-3.95791583166333,0.337960111040831,-3.23647294589178,0.354532136306271,0.550532136306271
"7",-3.89779559118236,0.317108887038421,-3.23647294589178,0.354532136306271,0.550532136306271
"8",-3.75751503006012,0.452110952161218,-3.23647294589178,0.354532136306271,0.550532136306271
"9",-3.71743486973948,0.312675867233148,-3.23647294589178,0.354532136306271,0.550532136306271
"10",-3.67735470941884,0.376009426348904,-3.23647294589178,0.354532136306271,0.550532136306271
"11",-3.65731462925852,0.3453348645218,-3.23647294589178,0.354532136306271,0.550532136306271
"12",-3.6372745490982,0.34503026473618,-3.23647294589178,0.354532136306271,0.550532136306271
"13",-3.51703406813627,0.48070715892241,-3.23647294589178,0.354532136306271,0.550532136306271
"14",-3.41683366733467,0.5094196380411,-3.23647294589178,0.354532136306271,0.550532136306271
"15",-3.33667334669339,0.394214769514769,-3.23647294589178,0.354532136306271,0.550532136306271
"16",-3.31663326653307,0.280552786289016,-3.23647294589178,0.354532136306271,0.550532136306271
"17",-3.29659318637275,0.3590877603664,-3.23647294589178,0.354532136306271,0.550532136306271
"18",-3.2565130260521,0.352099403773637,-3.23647294589178,0.354532136306271,0.550532136306271
"19",-3.21643286573146,0.221654584197573,-3.23647294589178,0.354532136306271,0.550532136306271
"20",-3.13627254509018,0.301918880527246,-3.23647294589178,0.354532136306271,0.550532136306271
"21",-3.11623246492986,0.308521977807256,-3.23647294589178,0.354532136306271,0.550532136306271
"22",-3.09619238476954,0.178526955065507,-3.23647294589178,0.354532136306271,0.550532136306271
"23",-2.97595190380762,0.197271787055047,-3.23647294589178,0.354532136306271,0.550532136306271
"24",-2.95591182364729,0.434564212475961,-3.23647294589178,0.354532136306271,0.550532136306271
"25",-2.93587174348697,0.417679497171026,-3.23647294589178,0.354532136306271,0.550532136306271
"26",-2.77555110220441,0.284059728664313,-3.23647294589178,0.354532136306271,0.550532136306271
"27",-2.75551102204409,0.28912147365671,-3.23647294589178,0.354532136306271,0.550532136306271
"28",-2.71543086172345,0.191926647284511,-3.23647294589178,0.354532136306271,0.550532136306271
"29",-2.61523046092184,0.0867824241390083,-3.23647294589178,0.354532136306271,0.550532136306271
"30",-2.5751503006012,0.259488829209163,-3.23647294589178,0.354532136306271,0.550532136306271
"31",-2.55511022044088,0.07495175742785,-3.23647294589178,0.354532136306271,0.550532136306271
"32",-2.51503006012024,0.226234268416352,-3.23647294589178,0.354532136306271,0.550532136306271
"33",-2.43486973947896,0.0824048892156268,-3.23647294589178,0.354532136306271,0.550532136306271
"34",-2.39478957915832,0.118056781363725,-3.23647294589178,0.354532136306271,0.550532136306271
"35",-2.35470941883768,0.171477210054418,-3.23647294589178,0.354532136306271,0.550532136306271
"36",-2.27454909819639,0.119931843696601,-3.23647294589178,0.354532136306271,0.550532136306271
"37",-2.25450901803607,-0.0503920608187651,-3.23647294589178,0.354532136306271,0.550532136306271
"38",-1.83366733466934,-0.0221064926529848,-3.23647294589178,0.354532136306271,0.550532136306271
"39",-0.791583166332665,-0.128430475757803,-3.23647294589178,0.354532136306271,0.550532136306271
"40",-0.31062124248497,-0.342834407664048,-3.23647294589178,0.354532136306271,0.550532136306271
"41",-0.210420841683367,-0.195588726910432,-3.23647294589178,0.354532136306271,0.550532136306271
"42",0.531062124248497,-0.382431328592884,-3.23647294589178,0.354532136306271,0.550532136306271
"43",0.691382765531062,-0.327814502484439,-3.23647294589178,0.354532136306271,0.550532136306271
"44",0.991983967935871,-0.447074971399964,-3.23647294589178,0.354532136306271,0.550532136306271
"45",1.39278557114228,-0.528543221709463,-3.23647294589178,0.354532136306271,0.550532136306271
"46",2.39478957915832,-0.434784019263143,-3.23647294589178,0.354532136306271,0.550532136306271
"47",2.75551102204409,-0.52957857061304,-3.23647294589178,0.354532136306271,0.550532136306271
"48",3.65731462925852,-0.578489076541633,-3.23647294589178,0.354532136306271,0.550532136306271
"49",4.79959919839679,-0.255701735130199,-3.23647294589178,0.354532136306271,0.550532136306271
"50",4.85971943887776,-0.335152772947717,-3.23647294589178,0.354532136306271,0.550532136306271
