"","x","yplot","target","ftrue","fwrong"
"1",-5,-0.94807020825934,0.150300601202405,0.571547037731371,0.375547037731371
"2",-4.93987975951904,-0.632667367321979,0.150300601202405,0.571547037731371,0.375547037731371
"3",-4.75951903807615,-0.846945375447573,0.150300601202405,0.571547037731371,0.375547037731371
"4",-4.63927855711423,-0.870635096593856,0.150300601202405,0.571547037731371,0.375547037731371
"5",-4.53907815631263,-0.712352797506301,0.150300601202405,0.571547037731371,0.375547037731371
"6",-4.49899799599198,-0.864287338057563,0.150300601202405,0.571547037731371,0.375547037731371
"7",-4.03807615230461,-0.809395160543846,0.150300601202405,0.571547037731371,0.375547037731371
"8",-3.69739478957916,-0.773122977524629,0.150300601202405,0.571547037731371,0.375547037731371
"9",-3.57715430861723,-1.03674126234664,0.150300601202405,0.571547037731371,0.375547037731371
"10",-3.55711422845691,-0.878003703520138,0.150300601202405,0.571547037731371,0.375547037731371
"11",-3.53707414829659,-0.920987273073393,0.150300601202405,0.571547037731371,0.375547037731371
"12",-3.51703406813627,-0.964121140151776,0.150300601202405,0.571547037731371,0.375547037731371
"13",-3.39679358717435,-0.870757129447741,0.150300601202405,0.571547037731371,0.375547037731371
"14",-2.79559118236473,-0.75533346494736,0.150300601202405,0.571547037731371,0.375547037731371
"15",-2.15430861723447,-0.608901799634688,0.150300601202405,0.571547037731371,0.375547037731371
"16",-1.61322645290581,-0.470503136256224,0.150300601202405,0.571547037731371,0.375547037731371
"17",-1.51302605210421,-0.566563499785114,0.150300601202405,0.571547037731371,0.375547037731371
"18",-1.47294589178357,-0.324554617993592,0.150300601202405,0.571547037731371,0.375547037731371
"19",-1.37274549098196,-0.315378452774526,0.150300601202405,0.571547037731371,0.375547037731371
"20",-1.35270541082164,-0.272740830476123,0.150300601202405,0.571547037731371,0.375547037731371
"21",-1.15230460921844,-0.294785597697815,0.150300601202405,0.571547037731371,0.375547037731371
"22",-0.91182364729459,0.111756411174045,0.150300601202405,0.571547037731371,0.375547037731371
"23",-0.771543086172345,0.126203685482321,0.150300601202405,0.571547037731371,0.375547037731371
"24",-0.731462925851703,0.124980948978268,0.150300601202405,0.571547037731371,0.375547037731371
"25",-0.691382765531062,0.019357705255334,0.150300601202405,0.571547037731371,0.375547037731371
"26",-0.591182364729459,0.152186029064272,0.150300601202405,0.571547037731371,0.375547037731371
"27",-0.270541082164329,0.435577951384549,0.150300601202405,0.571547037731371,0.375547037731371
"28",-0.210420841683367,0.423880606628903,0.150300601202405,0.571547037731371,0.375547037731371
"29",-0.110220440881764,0.424899523463183,0.150300601202405,0.571547037731371,0.375547037731371
"30",-0.0901803607214431,0.455513142279528,0.150300601202405,0.571547037731371,0.375547037731371
"31",0.31062124248497,0.691832341218457,0.150300601202405,0.571547037731371,0.375547037731371
"32",0.6312625250501,0.931804240927603,0.150300601202405,0.571547037731371,0.375547037731371
"33",0.651302605210421,0.698229764231765,0.150300601202405,0.571547037731371,0.375547037731371
"34",0.731462925851703,0.72657799848772,0.150300601202405,0.571547037731371,0.375547037731371
"35",0.871743486973948,0.955337682273067,0.150300601202405,0.571547037731371,0.375547037731371
"36",0.891783567134269,0.950642543678917,0.150300601202405,0.571547037731371,0.375547037731371
"37",0.991983967935871,0.730833571520487,0.150300601202405,0.571547037731371,0.375547037731371
"38",1.15230460921844,1.05562051052435,0.150300601202405,0.571547037731371,0.375547037731371
"39",1.35270541082164,1.04671435141235,0.150300601202405,0.571547037731371,0.375547037731371
"40",1.91382765531062,0.808570688527013,0.150300601202405,0.571547037731371,0.375547037731371
"41",2.17434869739479,1.01502730478354,0.150300601202405,0.571547037731371,0.375547037731371
"42",2.4749498997996,0.774401477103217,0.150300601202405,0.571547037731371,0.375547037731371
"43",2.77555110220441,0.776415357132784,0.150300601202405,0.571547037731371,0.375547037731371
"44",2.89579158316633,0.744510817227095,0.150300601202405,0.571547037731371,0.375547037731371
"45",3.07615230460922,0.607408193520084,0.150300601202405,0.571547037731371,0.375547037731371
"46",3.19639278557114,0.528673418532746,0.150300601202405,0.571547037731371,0.375547037731371
"47",3.27655310621243,0.563132191573939,0.150300601202405,0.571547037731371,0.375547037731371
"48",4.01803607214429,-0.0529836387252874,0.150300601202405,0.571547037731371,0.375547037731371
"49",4.15831663326653,-0.269852541513833,0.150300601202405,0.571547037731371,0.375547037731371
"50",4.87975951903808,-0.805433413814671,0.150300601202405,0.571547037731371,0.375547037731371
