"","x","yplot","target","ftrue","fwrong"
"1",-4.91983967935872,0.238851592483717,-0.410821643286574,0.453090667216436,0.257090667216436
"2",-4.25851703406814,-0.0192733012138125,-0.410821643286574,0.453090667216436,0.257090667216436
"3",-4.2184368737475,-0.339572215331729,-0.410821643286574,0.453090667216436,0.257090667216436
"4",-2.77555110220441,-0.79006254135531,-0.410821643286574,0.453090667216436,0.257090667216436
"5",-1.51302605210421,-0.173261011544155,-0.410821643286574,0.453090667216436,0.257090667216436
"6",-1.37274549098196,-0.110803758334082,-0.410821643286574,0.453090667216436,0.257090667216436
"7",-1.35270541082164,-0.0980958968812736,-0.410821643286574,0.453090667216436,0.257090667216436
"8",-1.17234468937876,-0.112290033262449,-0.410821643286574,0.453090667216436,0.257090667216436
"9",-1.07214428857715,0.0519489002543651,-0.410821643286574,0.453090667216436,0.257090667216436
"10",-1.05210420841683,-0.0492549362843879,-0.410821643286574,0.453090667216436,0.257090667216436
"11",-1.03206412825651,-0.0398743819753154,-0.410821643286574,0.453090667216436,0.257090667216436
"12",-0.991983967935872,0.0883707032142036,-0.410821643286574,0.453090667216436,0.257090667216436
"13",-0.95190380761523,0.0465859612548737,-0.410821643286574,0.453090667216436,0.257090667216436
"14",-0.91182364729459,0.136562036411678,-0.410821643286574,0.453090667216436,0.257090667216436
"15",-0.791583166332665,0.40698226344383,-0.410821643286574,0.453090667216436,0.257090667216436
"16",-0.691382765531062,0.263124924790355,-0.410821643286574,0.453090667216436,0.257090667216436
"17",-0.671342685370742,0.220143196047928,-0.410821643286574,0.453090667216436,0.257090667216436
"18",-0.651302605210421,0.362719720046201,-0.410821643286574,0.453090667216436,0.257090667216436
"19",-0.61122244488978,0.458023349186999,-0.410821643286574,0.453090667216436,0.257090667216436
"20",-0.551102204408818,0.455091515291765,-0.410821643286574,0.453090667216436,0.257090667216436
"21",-0.410821643286574,0.542933398780247,-0.410821643286574,0.453090667216436,0.257090667216436
"22",-0.390781563126253,0.5522854247526,-0.410821643286574,0.453090667216436,0.257090667216436
"23",-0.330661322645291,0.771726578389724,-0.410821643286574,0.453090667216436,0.257090667216436
"24",-0.290581162324649,0.542101937670012,-0.410821643286574,0.453090667216436,0.257090667216436
"25",-0.270541082164329,0.527222660354467,-0.410821643286574,0.453090667216436,0.257090667216436
"26",-0.250501002004008,0.596525557926322,-0.410821643286574,0.453090667216436,0.257090667216436
"27",-0.230460921843687,0.640801663001178,-0.410821643286574,0.453090667216436,0.257090667216436
"28",-0.190380761523047,0.577215871163454,-0.410821643286574,0.453090667216436,0.257090667216436
"29",-0.150300601202405,0.626319801120242,-0.410821643286574,0.453090667216436,0.257090667216436
"30",-0.110220440881764,0.563232382672666,-0.410821643286574,0.453090667216436,0.257090667216436
"31",-0.0501002004008022,0.472882446552395,-0.410821643286574,0.453090667216436,0.257090667216436
"32",0.0901803607214431,0.703083625278269,-0.410821643286574,0.453090667216436,0.257090667216436
"33",0.190380761523046,0.77415524972447,-0.410821643286574,0.453090667216436,0.257090667216436
"34",0.250501002004007,0.889535038431891,-0.410821643286574,0.453090667216436,0.257090667216436
"35",0.290581162324649,0.508922642935335,-0.410821643286574,0.453090667216436,0.257090667216436
"36",0.31062124248497,0.593871977752059,-0.410821643286574,0.453090667216436,0.257090667216436
"37",0.350701402805611,0.616656166181294,-0.410821643286574,0.453090667216436,0.257090667216436
"38",0.390781563126252,0.539439728865406,-0.410821643286574,0.453090667216436,0.257090667216436
"39",0.410821643286573,0.642698548093819,-0.410821643286574,0.453090667216436,0.257090667216436
"40",0.531062124248497,0.609177586290441,-0.410821643286574,0.453090667216436,0.257090667216436
"41",1.29258517034068,0.390323923248516,-0.410821643286574,0.453090667216436,0.257090667216436
"42",1.4128256513026,0.301528018968317,-0.410821643286574,0.453090667216436,0.257090667216436
"43",1.57314629258517,0.0747061499548108,-0.410821643286574,0.453090667216436,0.257090667216436
"44",2.49498997995992,-0.535088098033984,-0.410821643286574,0.453090667216436,0.257090667216436
"45",3.17635270541082,-0.370903327678703,-0.410821643286574,0.453090667216436,0.257090667216436
"46",3.29659318637274,-0.598314114352585,-0.410821643286574,0.453090667216436,0.257090667216436
"47",3.85771543086172,-0.52935854923977,-0.410821643286574,0.453090667216436,0.257090667216436
"48",4.79959919839679,-0.70742353522947,-0.410821643286574,0.453090667216436,0.257090667216436
"49",4.83967935871743,-0.54758702188788,-0.410821643286574,0.453090667216436,0.257090667216436
"50",4.93987975951904,-0.549339568537839,-0.410821643286574,0.453090667216436,0.257090667216436
