"","x","yplot","target","ftrue","fwrong"
"1",-4.91983967935872,-0.709563453933752,-4.55911823647295,-0.632546695970187,-0.436546695970187
"2",-4.53907815631263,-0.622433159385182,-4.55911823647295,-0.632546695970187,-0.436546695970187
"3",-4.39879759519038,-0.559815972224619,-4.55911823647295,-0.632546695970187,-0.436546695970187
"4",-4.29859719438878,-0.50597862826951,-4.55911823647295,-0.632546695970187,-0.436546695970187
"5",-4.2184368737475,-0.550030961489919,-4.55911823647295,-0.632546695970187,-0.436546695970187
"6",-3.81763527054108,-0.77287294897266,-4.55911823647295,-0.632546695970187,-0.436546695970187
"7",-3.23647294589178,-0.709776331996683,-4.55911823647295,-0.632546695970187,-0.436546695970187
"8",-3.19639278557114,-0.675009663380097,-4.55911823647295,-0.632546695970187,-0.436546695970187
"9",-2.99599198396794,-0.82949904403695,-4.55911823647295,-0.632546695970187,-0.436546695970187
"10",-2.93587174348697,-0.826869968885919,-4.55911823647295,-0.632546695970187,-0.436546695970187
"11",-2.67535070140281,-0.879123781580472,-4.55911823647295,-0.632546695970187,-0.436546695970187
"12",-1.09218436873748,-0.786460425314819,-4.55911823647295,-0.632546695970187,-0.436546695970187
"13",-1.03206412825651,-0.768427896587707,-4.55911823647295,-0.632546695970187,-0.436546695970187
"14",-0.0501002004008022,-0.318647381919102,-4.55911823647295,-0.632546695970187,-0.436546695970187
"15",0.871743486973948,-0.344161428629456,-4.55911823647295,-0.632546695970187,-0.436546695970187
"16",0.93186372745491,-0.523090818765319,-4.55911823647295,-0.632546695970187,-0.436546695970187
"17",0.991983967935871,-0.314995765151748,-4.55911823647295,-0.632546695970187,-0.436546695970187
"18",1.15230460921844,-0.368530043606213,-4.55911823647295,-0.632546695970187,-0.436546695970187
"19",3.71743486973948,0.198846561731974,-4.55911823647295,-0.632546695970187,-0.436546695970187
"20",4.5190380761523,0.29465962859229,-4.55911823647295,-0.632546695970187,-0.436546695970187
