"","x","yplot","target","ftrue","fwrong"
"1",-4.91983967935872,0.685222904579184,4.67935871743487,-0.904013726749069,-0.708013726749069
"2",-4.73947895791583,0.791669281736922,4.67935871743487,-0.904013726749069,-0.708013726749069
"3",-4.71943887775551,0.855827897998849,4.67935871743487,-0.904013726749069,-0.708013726749069
"4",-4.25851703406814,0.96969452631996,4.67935871743487,-0.904013726749069,-0.708013726749069
"5",-2.53507014028056,0.513293542218717,4.67935871743487,-0.904013726749069,-0.708013726749069
"6",-1.2124248496994,0.40271486583347,4.67935871743487,-0.904013726749069,-0.708013726749069
"7",-1.13226452905812,0.0539137058503901,4.67935871743487,-0.904013726749069,-0.708013726749069
"8",-0.851703406813628,-0.0403634409253754,4.67935871743487,-0.904013726749069,-0.708013726749069
"9",-0.651302605210421,-0.0378200899750754,4.67935871743487,-0.904013726749069,-0.708013726749069
"10",-0.430861723446894,0.0132646750616342,4.67935871743487,-0.904013726749069,-0.708013726749069
"11",-0.150300601202405,-0.337187735841621,4.67935871743487,-0.904013726749069,-0.708013726749069
"12",-0.0901803607214431,-0.218386902146415,4.67935871743487,-0.904013726749069,-0.708013726749069
"13",1.75350701402806,-0.821756631786711,4.67935871743487,-0.904013726749069,-0.708013726749069
"14",3.53707414829659,-0.817403683514896,4.67935871743487,-0.904013726749069,-0.708013726749069
"15",3.7374749498998,-0.974991349761793,4.67935871743487,-0.904013726749069,-0.708013726749069
"16",3.77755511022044,-0.95065471497683,4.67935871743487,-0.904013726749069,-0.708013726749069
"17",3.8376753507014,-1.00572747743004,4.67935871743487,-0.904013726749069,-0.708013726749069
"18",4.13827655310621,-0.925681312295994,4.67935871743487,-0.904013726749069,-0.708013726749069
"19",4.63927855711423,-0.88955104732058,4.67935871743487,-0.904013726749069,-0.708013726749069
"20",4.91983967935872,-0.778950535774764,4.67935871743487,-0.904013726749069,-0.708013726749069
