"","x","yplot","target","ftrue","fwrong"
"1",-4.93987975951904,0.980758293430164,-0.751503006012024,-0.176509813120377,-0.372509813120377
"2",-4.61923847695391,0.893786964608837,-0.751503006012024,-0.176509813120377,-0.372509813120377
"3",-4.59919839679359,0.754439145272805,-0.751503006012024,-0.176509813120377,-0.372509813120377
"4",-4.3186372745491,0.821158367647055,-0.751503006012024,-0.176509813120377,-0.372509813120377
"5",-3.95791583166333,0.772230934704409,-0.751503006012024,-0.176509813120377,-0.372509813120377
"6",-3.91783567134269,0.634123827331087,-0.751503006012024,-0.176509813120377,-0.372509813120377
"7",-3.55711422845691,0.637906689458057,-0.751503006012024,-0.176509813120377,-0.372509813120377
"8",-3.2565130260521,0.399484905724947,-0.751503006012024,-0.176509813120377,-0.372509813120377
"9",-3.07615230460922,0.437116297719211,-0.751503006012024,-0.176509813120377,-0.372509813120377
"10",-2.89579158316633,0.319087351184233,-0.751503006012024,-0.176509813120377,-0.372509813120377
"11",-2.69539078156313,0.175390767051119,-0.751503006012024,-0.176509813120377,-0.372509813120377
"12",-2.61523046092184,0.394410131692486,-0.751503006012024,-0.176509813120377,-0.372509813120377
"13",-2.35470941883768,0.200665198230332,-0.751503006012024,-0.176509813120377,-0.372509813120377
"14",-1.83366733466934,0.023695387033668,-0.751503006012024,-0.176509813120377,-0.372509813120377
"15",-1.53306613226453,-0.0284723429209224,-0.751503006012024,-0.176509813120377,-0.372509813120377
"16",-1.47294589178357,0.0797879096260835,-0.751503006012024,-0.176509813120377,-0.372509813120377
"17",-1.45290581162325,-0.0507582856326658,-0.751503006012024,-0.176509813120377,-0.372509813120377
"18",-1.41282565130261,-0.0100250196547588,-0.751503006012024,-0.176509813120377,-0.372509813120377
"19",-1.33266533066132,-0.194024413915253,-0.751503006012024,-0.176509813120377,-0.372509813120377
"20",-1.312625250501,0.0712784155201762,-0.751503006012024,-0.176509813120377,-0.372509813120377
"21",-1.29258517034068,-0.191664636945492,-0.751503006012024,-0.176509813120377,-0.372509813120377
"22",-1.01202404809619,-0.159547717055585,-0.751503006012024,-0.176509813120377,-0.372509813120377
"23",-0.891783567134269,-0.247570756555257,-0.751503006012024,-0.176509813120377,-0.372509813120377
"24",-0.751503006012024,-0.194559037619812,-0.751503006012024,-0.176509813120377,-0.372509813120377
"25",-0.671342685370742,-0.106071161254858,-0.751503006012024,-0.176509813120377,-0.372509813120377
"26",-0.531062124248497,-0.188802271754379,-0.751503006012024,-0.176509813120377,-0.372509813120377
"27",-0.210420841683367,-0.304564243901635,-0.751503006012024,-0.176509813120377,-0.372509813120377
"28",-0.130260521042084,-0.457038992480551,-0.751503006012024,-0.176509813120377,-0.372509813120377
"29",0.210420841683367,-0.255681818885572,-0.751503006012024,-0.176509813120377,-0.372509813120377
"30",0.370741482965932,-0.192686269121516,-0.751503006012024,-0.176509813120377,-0.372509813120377
"31",0.811623246492986,-0.314123054844783,-0.751503006012024,-0.176509813120377,-0.372509813120377
"32",0.871743486973948,-0.399800325936087,-0.751503006012024,-0.176509813120377,-0.372509813120377
"33",1.07214428857715,-0.455077483766117,-0.751503006012024,-0.176509813120377,-0.372509813120377
"34",1.55310621242485,-0.434023260771399,-0.751503006012024,-0.176509813120377,-0.372509813120377
"35",1.65330661322645,-0.444425496035095,-0.751503006012024,-0.176509813120377,-0.372509813120377
"36",1.83366733466934,-0.298869417478862,-0.751503006012024,-0.176509813120377,-0.372509813120377
"37",2.21442885771543,-0.0728256087252742,-0.751503006012024,-0.176509813120377,-0.372509813120377
"38",3.03607214428858,-0.169890290363609,-0.751503006012024,-0.176509813120377,-0.372509813120377
"39",3.21643286573146,-0.137351817071053,-0.751503006012024,-0.176509813120377,-0.372509813120377
"40",3.27655310621243,-0.287476515916715,-0.751503006012024,-0.176509813120377,-0.372509813120377
"41",3.41683366733467,0.0349153302607054,-0.751503006012024,-0.176509813120377,-0.372509813120377
"42",3.49699398797595,-0.285499218282471,-0.751503006012024,-0.176509813120377,-0.372509813120377
"43",3.59719438877755,-0.241649617660267,-0.751503006012024,-0.176509813120377,-0.372509813120377
"44",3.89779559118236,0.0002966587342738,-0.751503006012024,-0.176509813120377,-0.372509813120377
"45",4.07815631262525,-0.184159598881612,-0.751503006012024,-0.176509813120377,-0.372509813120377
"46",4.19839679358717,-0.0801861728940461,-0.751503006012024,-0.176509813120377,-0.372509813120377
"47",4.33867735470942,0.0107751832587909,-0.751503006012024,-0.176509813120377,-0.372509813120377
"48",4.47895791583166,-0.0274884819157255,-0.751503006012024,-0.176509813120377,-0.372509813120377
"49",4.55911823647295,0.0251237830250568,-0.751503006012024,-0.176509813120377,-0.372509813120377
"50",4.61923847695391,0.0419298812323409,-0.751503006012024,-0.176509813120377,-0.372509813120377
