"","x","yplot","target","ftrue","fwrong"
"1",-4.95991983967936,0.798051310860848,-4.81963927855711,0.826962809915103,1.0229628099151
"2",-4.87975951903808,0.758185281115154,-4.81963927855711,0.826962809915103,1.0229628099151
"3",-4.81963927855711,0.798656037611681,-4.81963927855711,0.826962809915103,1.0229628099151
"4",-4.67935871743487,1.02059261832092,-4.81963927855711,0.826962809915103,1.0229628099151
"5",-4.53907815631263,0.836875704584217,-4.81963927855711,0.826962809915103,1.0229628099151
"6",-4.47895791583166,0.698213385644889,-4.81963927855711,0.826962809915103,1.0229628099151
"7",-4.33867735470942,0.788881690318024,-4.81963927855711,0.826962809915103,1.0229628099151
"8",-4.3186372745491,0.684270991960206,-4.81963927855711,0.826962809915103,1.0229628099151
"9",-4.15831663326653,0.825768829798751,-4.81963927855711,0.826962809915103,1.0229628099151
"10",-4.09819639278557,0.607382198355422,-4.81963927855711,0.826962809915103,1.0229628099151
"11",-4.03807615230461,0.681832510971998,-4.81963927855711,0.826962809915103,1.0229628099151
"12",-4.01803607214429,0.671373525537655,-4.81963927855711,0.826962809915103,1.0229628099151
"13",-3.93787575150301,0.469762452482499,-4.81963927855711,0.826962809915103,1.0229628099151
"14",-3.91783567134269,0.756993710487809,-4.81963927855711,0.826962809915103,1.0229628099151
"15",-2.27454909819639,0.37833363188869,-4.81963927855711,0.826962809915103,1.0229628099151
"16",-0.691382765531062,-0.211397793733177,-4.81963927855711,0.826962809915103,1.0229628099151
"17",-0.0300601202404813,-0.400289289049648,-4.81963927855711,0.826962809915103,1.0229628099151
"18",0.450901803607215,-0.680128914217769,-4.81963927855711,0.826962809915103,1.0229628099151
"19",4.01803607214429,-0.633919056925155,-4.81963927855711,0.826962809915103,1.0229628099151
"20",4.77955911823647,-0.533417936228121,-4.81963927855711,0.826962809915103,1.0229628099151
