"","x","yplot","target","ftrue","fwrong"
"1",-4.57915831663327,0.784190967973509,4.11823647294589,-0.453480834789795,-0.257480834789795
"2",-2.63527054108216,0.316358965829421,4.11823647294589,-0.453480834789795,-0.257480834789795
"3",-1.83366733466934,0.135401432261436,4.11823647294589,-0.453480834789795,-0.257480834789795
"4",-1.2124248496994,-0.00804966442378049,4.11823647294589,-0.453480834789795,-0.257480834789795
"5",-1.09218436873748,-0.165950328480279,4.11823647294589,-0.453480834789795,-0.257480834789795
"6",-0.731462925851703,-0.208259231858281,4.11823647294589,-0.453480834789795,-0.257480834789795
"7",-0.330661322645291,-0.376056203917625,4.11823647294589,-0.453480834789795,-0.257480834789795
"8",-0.190380761523047,-0.394906570347026,4.11823647294589,-0.453480834789795,-0.257480834789795
"9",-0.0501002004008022,-0.42347246215775,4.11823647294589,-0.453480834789795,-0.257480834789795
"10",1.59318637274549,-0.69456234974884,4.11823647294589,-0.453480834789795,-0.257480834789795
"11",1.9939879759519,-0.458986116583918,4.11823647294589,-0.453480834789795,-0.257480834789795
"12",2.4749498997996,-0.952734771197908,4.11823647294589,-0.453480834789795,-0.257480834789795
"13",2.55511022044088,-0.650642781311166,4.11823647294589,-0.453480834789795,-0.257480834789795
"14",2.59519038076152,-0.590593282411476,4.11823647294589,-0.453480834789795,-0.257480834789795
"15",3.17635270541082,-0.582895066992677,4.11823647294589,-0.453480834789795,-0.257480834789795
"16",3.57715430861723,-0.503540850133868,4.11823647294589,-0.453480834789795,-0.257480834789795
"17",3.59719438877755,-0.698707144441116,4.11823647294589,-0.453480834789795,-0.257480834789795
"18",4.25851703406814,-0.503927779530837,4.11823647294589,-0.453480834789795,-0.257480834789795
"19",4.27855711422846,-0.407794644475354,4.11823647294589,-0.453480834789795,-0.257480834789795
"20",4.77955911823647,-0.450822946986242,4.11823647294589,-0.453480834789795,-0.257480834789795
