"","x","yplot","target","ftrue","fwrong"
"1",-4.81963927855711,-0.374055331778192,-1.75350701402806,-0.160659490901403,0.0353405090985974
"2",-4.61923847695391,-0.433124239132152,-1.75350701402806,-0.160659490901403,0.0353405090985974
"3",-3.67735470941884,0.0497501166054028,-1.75350701402806,-0.160659490901403,0.0353405090985974
"4",-2.99599198396794,0.147522965605524,-1.75350701402806,-0.160659490901403,0.0353405090985974
"5",-2.89579158316633,0.0890871585680623,-1.75350701402806,-0.160659490901403,0.0353405090985974
"6",-2.73547094188377,0.172613775358906,-1.75350701402806,-0.160659490901403,0.0353405090985974
"7",-2.67535070140281,0.0251007327887588,-1.75350701402806,-0.160659490901403,0.0353405090985974
"8",-2.65531062124249,0.127797197216592,-1.75350701402806,-0.160659490901403,0.0353405090985974
"9",-2.55511022044088,0.165016954473324,-1.75350701402806,-0.160659490901403,0.0353405090985974
"10",-2.4749498997996,-0.0364864914668739,-1.75350701402806,-0.160659490901403,0.0353405090985974
"11",-2.41482965931864,-0.0401036571499555,-1.75350701402806,-0.160659490901403,0.0353405090985974
"12",-2.374749498998,0.145693360698251,-1.75350701402806,-0.160659490901403,0.0353405090985974
"13",-2.29458917835671,0.0435834411051516,-1.75350701402806,-0.160659490901403,0.0353405090985974
"14",-2.27454909819639,-0.00529623167638834,-1.75350701402806,-0.160659490901403,0.0353405090985974
"15",-2.25450901803607,0.100088740982379,-1.75350701402806,-0.160659490901403,0.0353405090985974
"16",-2.23446893787575,0.0225289500878523,-1.75350701402806,-0.160659490901403,0.0353405090985974
"17",-2.17434869739479,-0.0894102340206584,-1.75350701402806,-0.160659490901403,0.0353405090985974
"18",-2.09418837675351,-0.0352700313626198,-1.75350701402806,-0.160659490901403,0.0353405090985974
"19",-1.97394789579158,-0.219003543143217,-1.75350701402806,-0.160659490901403,0.0353405090985974
"20",-1.93386773547094,-0.0231411782434253,-1.75350701402806,-0.160659490901403,0.0353405090985974
"21",-1.91382765531062,-0.167096748513858,-1.75350701402806,-0.160659490901403,0.0353405090985974
"22",-1.8937875751503,-0.0834590832529974,-1.75350701402806,-0.160659490901403,0.0353405090985974
"23",-1.85370741482966,-0.106104564604302,-1.75350701402806,-0.160659490901403,0.0353405090985974
"24",-1.77354709418838,-0.193386534133604,-1.75350701402806,-0.160659490901403,0.0353405090985974
"25",-1.65330661322645,-0.306189848658264,-1.75350701402806,-0.160659490901403,0.0353405090985974
"26",-1.61322645290581,-0.0755137494445509,-1.75350701402806,-0.160659490901403,0.0353405090985974
"27",-1.59318637274549,-0.181897413904744,-1.75350701402806,-0.160659490901403,0.0353405090985974
"28",-1.57314629258517,-0.102177360103706,-1.75350701402806,-0.160659490901403,0.0353405090985974
"29",-1.51302605210421,-0.139498466935945,-1.75350701402806,-0.160659490901403,0.0353405090985974
"30",-1.39278557114228,-0.282398609761156,-1.75350701402806,-0.160659490901403,0.0353405090985974
"31",-1.33266533066132,-0.485021877981901,-1.75350701402806,-0.160659490901403,0.0353405090985974
"32",-1.29258517034068,-0.442088777521078,-1.75350701402806,-0.160659490901403,0.0353405090985974
"33",-1.23246492985972,-0.382202266875584,-1.75350701402806,-0.160659490901403,0.0353405090985974
"34",-1.2124248496994,-0.258182463941975,-1.75350701402806,-0.160659490901403,0.0353405090985974
"35",-1.19238476953908,-0.289848705064653,-1.75350701402806,-0.160659490901403,0.0353405090985974
"36",-0.95190380761523,-0.402844131762283,-1.75350701402806,-0.160659490901403,0.0353405090985974
"37",-0.871743486973948,-0.323643691485502,-1.75350701402806,-0.160659490901403,0.0353405090985974
"38",-0.851703406813628,-0.501666465359187,-1.75350701402806,-0.160659490901403,0.0353405090985974
"39",-0.831663326653307,-0.333949732403527,-1.75350701402806,-0.160659490901403,0.0353405090985974
"40",-0.811623246492986,-0.53206765475506,-1.75350701402806,-0.160659490901403,0.0353405090985974
"41",-0.110220440881764,-0.371051674456549,-1.75350701402806,-0.160659490901403,0.0353405090985974
"42",0.210420841683367,-0.719069542824292,-1.75350701402806,-0.160659490901403,0.0353405090985974
"43",0.511022044088176,-0.518419474792937,-1.75350701402806,-0.160659490901403,0.0353405090985974
"44",1.57314629258517,0.057432115649063,-1.75350701402806,-0.160659490901403,0.0353405090985974
"45",1.59318637274549,-0.0388518097087618,-1.75350701402806,-0.160659490901403,0.0353405090985974
"46",1.67334669338677,0.0725885315360447,-1.75350701402806,-0.160659490901403,0.0353405090985974
"47",1.69338677354709,0.0438689928715705,-1.75350701402806,-0.160659490901403,0.0353405090985974
"48",2.11422845691383,0.291147258376715,-1.75350701402806,-0.160659490901403,0.0353405090985974
"49",4.65931863727455,0.751110428475261,-1.75350701402806,-0.160659490901403,0.0353405090985974
"50",5,0.666056308087253,-1.75350701402806,-0.160659490901403,0.0353405090985974
