"","x","yplot","target","ftrue","fwrong"
"1",-4.59919839679359,0.570152358568028,3.97795591182365,-0.0961539139340102,0.0998460860659898
"2",-4.53907815631263,0.906432579467104,3.97795591182365,-0.0961539139340102,0.0998460860659898
"3",-4.27855711422846,0.449755199699831,3.97795591182365,-0.0961539139340102,0.0998460860659898
"4",-3.8376753507014,0.428095945000268,3.97795591182365,-0.0961539139340102,0.0998460860659898
"5",-3.53707414829659,0.142393659433861,3.97795591182365,-0.0961539139340102,0.0998460860659898
"6",-2.89579158316633,-0.126588449892612,3.97795591182365,-0.0961539139340102,0.0998460860659898
"7",-2.77555110220441,-0.0502005370387493,3.97795591182365,-0.0961539139340102,0.0998460860659898
"8",-2.69539078156313,-0.13091339761199,3.97795591182365,-0.0961539139340102,0.0998460860659898
"9",-2.29458917835671,0.128604906964325,3.97795591182365,-0.0961539139340102,0.0998460860659898
"10",-2.23446893787575,-0.15663479719177,3.97795591182365,-0.0961539139340102,0.0998460860659898
"11",-2.07414829659319,-0.0365009874170851,3.97795591182365,-0.0961539139340102,0.0998460860659898
"12",-1.29258517034068,0.199071178845659,3.97795591182365,-0.0961539139340102,0.0998460860659898
"13",-0.91182364729459,0.686769584774329,3.97795591182365,-0.0961539139340102,0.0998460860659898
"14",-0.751503006012024,0.328343510399199,3.97795591182365,-0.0961539139340102,0.0998460860659898
"15",0.0100200400801604,1.0912007483579,3.97795591182365,-0.0961539139340102,0.0998460860659898
"16",0.290581162324649,0.680235130676854,3.97795591182365,-0.0961539139340102,0.0998460860659898
"17",0.651302605210421,0.65868625460448,3.97795591182365,-0.0961539139340102,0.0998460860659898
"18",0.711422845691382,0.656807302063958,3.97795591182365,-0.0961539139340102,0.0998460860659898
"19",1.29258517034068,0.453230927008574,3.97795591182365,-0.0961539139340102,0.0998460860659898
"20",2.5751503006012,-0.308955941260204,3.97795591182365,-0.0961539139340102,0.0998460860659898
"21",2.67535070140281,-0.507007324378455,3.97795591182365,-0.0961539139340102,0.0998460860659898
"22",3.55711422845691,-0.320418454323796,3.97795591182365,-0.0961539139340102,0.0998460860659898
"23",3.6372745490982,-0.323644206835536,3.97795591182365,-0.0961539139340102,0.0998460860659898
"24",3.93787575150301,-0.0397626077663172,3.97795591182365,-0.0961539139340102,0.0998460860659898
"25",3.99799599198397,-0.0740316328008627,3.97795591182365,-0.0961539139340102,0.0998460860659898
"26",4.27855711422846,0.0715964978677862,3.97795591182365,-0.0961539139340102,0.0998460860659898
"27",4.35871743486974,0.146612387303003,3.97795591182365,-0.0961539139340102,0.0998460860659898
"28",4.67935871743487,0.303343299230818,3.97795591182365,-0.0961539139340102,0.0998460860659898
"29",4.77955911823647,0.190607705263492,3.97795591182365,-0.0961539139340102,0.0998460860659898
"30",4.79959919839679,0.275337878941309,3.97795591182365,-0.0961539139340102,0.0998460860659898
