"","x","yplot","target","ftrue","fwrong"
"1",-4.57915831663327,-0.12204450454694,0.230460921843687,-0.642431038390695,-0.446431038390695
"2",-2.05410821643287,-0.767536756849158,0.230460921843687,-0.642431038390695,-0.446431038390695
"3",-0.571142284569138,-0.69938150210575,0.230460921843687,-0.642431038390695,-0.446431038390695
"4",-0.511022044088176,-0.628998140232584,0.230460921843687,-0.642431038390695,-0.446431038390695
"5",-0.490981963927856,-0.793871869082016,0.230460921843687,-0.642431038390695,-0.446431038390695
"6",0.130260521042084,-0.652953649935319,0.230460921843687,-0.642431038390695,-0.446431038390695
"7",0.811623246492986,-0.580566360646555,0.230460921843687,-0.642431038390695,-0.446431038390695
"8",0.891783567134269,-0.40843492406775,0.230460921843687,-0.642431038390695,-0.446431038390695
"9",0.971943887775551,-0.394683109026328,0.230460921843687,-0.642431038390695,-0.446431038390695
"10",4.83967935871743,0.57146649561646,0.230460921843687,-0.642431038390695,-0.446431038390695
