"","x","yplot","target","ftrue","fwrong"
"1",-5,0.792672697593824,-4.75951903807615,0.865921442561582,0.669921442561582
"2",-4.95991983967936,0.83814977398626,-4.75951903807615,0.865921442561582,0.669921442561582
"3",-4.93987975951904,1.10001645124092,-4.75951903807615,0.865921442561582,0.669921442561582
"4",-4.8997995991984,0.808282840810873,-4.75951903807615,0.865921442561582,0.669921442561582
"5",-4.87975951903808,0.955480295118208,-4.75951903807615,0.865921442561582,0.669921442561582
"6",-4.85971943887776,0.962496356254121,-4.75951903807615,0.865921442561582,0.669921442561582
"7",-4.83967935871743,0.850807160707409,-4.75951903807615,0.865921442561582,0.669921442561582
"8",-4.81963927855711,0.899895042582679,-4.75951903807615,0.865921442561582,0.669921442561582
"9",-4.79959919839679,0.878460866214886,-4.75951903807615,0.865921442561582,0.669921442561582
"10",-4.77955911823647,0.812497458984892,-4.75951903807615,0.865921442561582,0.669921442561582
"11",-4.75951903807615,0.984362380318318,-4.75951903807615,0.865921442561582,0.669921442561582
"12",-4.71943887775551,1.12504517837232,-4.75951903807615,0.865921442561582,0.669921442561582
"13",-4.67935871743487,0.833561293414155,-4.75951903807615,0.865921442561582,0.669921442561582
"14",-4.61923847695391,1.06754829424413,-4.75951903807615,0.865921442561582,0.669921442561582
"15",-4.59919839679359,0.738774478330706,-4.75951903807615,0.865921442561582,0.669921442561582
"16",-4.53907815631263,1.00827928891171,-4.75951903807615,0.865921442561582,0.669921442561582
"17",-4.51903807615231,0.789782558598982,-4.75951903807615,0.865921442561582,0.669921442561582
"18",-4.49899799599198,0.921405095923137,-4.75951903807615,0.865921442561582,0.669921442561582
"19",-4.47895791583166,0.658899843238917,-4.75951903807615,0.865921442561582,0.669921442561582
"20",-4.45891783567134,0.760204857988484,-4.75951903807615,0.865921442561582,0.669921442561582
"21",-4.43887775551102,0.833946910996417,-4.75951903807615,0.865921442561582,0.669921442561582
"22",-4.4188376753507,0.863644767866259,-4.75951903807615,0.865921442561582,0.669921442561582
"23",-4.33867735470942,0.905017527444103,-4.75951903807615,0.865921442561582,0.669921442561582
"24",-4.29859719438878,0.725777310334336,-4.75951903807615,0.865921442561582,0.669921442561582
"25",-4.25851703406814,0.711324259099799,-4.75951903807615,0.865921442561582,0.669921442561582
"26",-4.23847695390782,0.730474191028377,-4.75951903807615,0.865921442561582,0.669921442561582
"27",-4.13827655310621,0.775502342180759,-4.75951903807615,0.865921442561582,0.669921442561582
"28",-4.09819639278557,0.763631659644279,-4.75951903807615,0.865921442561582,0.669921442561582
"29",-4.07815631262525,0.881877553036933,-4.75951903807615,0.865921442561582,0.669921442561582
"30",-4.05811623246493,0.781135272872894,-4.75951903807615,0.865921442561582,0.669921442561582
"31",-4.03807615230461,0.690858654462532,-4.75951903807615,0.865921442561582,0.669921442561582
"32",-4.01803607214429,0.862216800676406,-4.75951903807615,0.865921442561582,0.669921442561582
"33",-3.89779559118236,0.75962045303739,-4.75951903807615,0.865921442561582,0.669921442561582
"34",-3.87775551102204,0.77770672565171,-4.75951903807615,0.865921442561582,0.669921442561582
"35",-3.79759519038076,0.749909099923198,-4.75951903807615,0.865921442561582,0.669921442561582
"36",-3.6372745490982,0.90478162323666,-4.75951903807615,0.865921442561582,0.669921442561582
"37",-2.81563126252505,0.549834340760472,-4.75951903807615,0.865921442561582,0.669921442561582
"38",-2.69539078156313,0.586179618510626,-4.75951903807615,0.865921442561582,0.669921442561582
"39",-2.45490981963928,0.422575261060665,-4.75951903807615,0.865921442561582,0.669921442561582
"40",-0.751503006012024,0.154623831034311,-4.75951903807615,0.865921442561582,0.669921442561582
"41",0.130260521042084,0.101017373948767,-4.75951903807615,0.865921442561582,0.669921442561582
"42",0.851703406813627,-0.191416238216904,-4.75951903807615,0.865921442561582,0.669921442561582
"43",0.93186372745491,-0.236339892470604,-4.75951903807615,0.865921442561582,0.669921442561582
"44",1.4128256513026,-0.206734317353295,-4.75951903807615,0.865921442561582,0.669921442561582
"45",1.51302605210421,-0.316010289779246,-4.75951903807615,0.865921442561582,0.669921442561582
"46",1.55310621242485,-0.148044403171042,-4.75951903807615,0.865921442561582,0.669921442561582
"47",1.57314629258517,-0.345009206719634,-4.75951903807615,0.865921442561582,0.669921442561582
"48",1.87374749498998,-0.285580355192046,-4.75951903807615,0.865921442561582,0.669921442561582
"49",3.11623246492986,-0.402605428356278,-4.75951903807615,0.865921442561582,0.669921442561582
"50",3.17635270541082,-0.45648095475182,-4.75951903807615,0.865921442561582,0.669921442561582
