"","x","yplot","target","ftrue","fwrong"
"1",-4.85971943887776,0.695663637465762,3.53707414829659,-0.332880809745225,-0.528880809745225
"2",-4.45891783567134,0.879086080751543,3.53707414829659,-0.332880809745225,-0.528880809745225
"3",-3.99799599198397,0.677617251853172,3.53707414829659,-0.332880809745225,-0.528880809745225
"4",-3.55711422845691,0.781421774724782,3.53707414829659,-0.332880809745225,-0.528880809745225
"5",-3.2565130260521,0.725393105285486,3.53707414829659,-0.332880809745225,-0.528880809745225
"6",-3.1563126252505,0.798369297683563,3.53707414829659,-0.332880809745225,-0.528880809745225
"7",-3.13627254509018,0.78916787007123,3.53707414829659,-0.332880809745225,-0.528880809745225
"8",-2.71543086172345,0.62672098996668,3.53707414829659,-0.332880809745225,-0.528880809745225
"9",-2.29458917835671,0.520138162808872,3.53707414829659,-0.332880809745225,-0.528880809745225
"10",-2.25450901803607,0.551863824067157,3.53707414829659,-0.332880809745225,-0.528880809745225
"11",-2.17434869739479,0.537991933435346,3.53707414829659,-0.332880809745225,-0.528880809745225
"12",-2.09418837675351,0.672169663335852,3.53707414829659,-0.332880809745225,-0.528880809745225
"13",-1.65330661322645,0.415028092819539,3.53707414829659,-0.332880809745225,-0.528880809745225
"14",-0.991983967935872,0.259767722291807,3.53707414829659,-0.332880809745225,-0.528880809745225
"15",-0.671342685370742,0.362035928025335,3.53707414829659,-0.332880809745225,-0.528880809745225
"16",-0.551102204408818,0.251653506289507,3.53707414829659,-0.332880809745225,-0.528880809745225
"17",-0.450901803607215,0.278589498170492,3.53707414829659,-0.332880809745225,-0.528880809745225
"18",-0.0901803607214431,0.0332857070813318,3.53707414829659,-0.332880809745225,-0.528880809745225
"19",0.0701402805611222,0.116118515109288,3.53707414829659,-0.332880809745225,-0.528880809745225
"20",0.150300601202405,0.0823651048267995,3.53707414829659,-0.332880809745225,-0.528880809745225
"21",0.33066132264529,0.141072285967907,3.53707414829659,-0.332880809745225,-0.528880809745225
"22",0.450901803607215,0.0289537155312127,3.53707414829659,-0.332880809745225,-0.528880809745225
"23",0.531062124248497,0.0804235608162391,3.53707414829659,-0.332880809745225,-0.528880809745225
"24",0.6312625250501,-0.0656939028376717,3.53707414829659,-0.332880809745225,-0.528880809745225
"25",1.13226452905812,-0.0104962669983807,3.53707414829659,-0.332880809745225,-0.528880809745225
"26",1.35270541082164,-0.230793934700643,3.53707414829659,-0.332880809745225,-0.528880809745225
"27",1.59318637274549,-0.169192228232122,3.53707414829659,-0.332880809745225,-0.528880809745225
"28",1.71342685370741,-0.187056579973412,3.53707414829659,-0.332880809745225,-0.528880809745225
"29",1.77354709418838,-0.146731335483008,3.53707414829659,-0.332880809745225,-0.528880809745225
"30",2.01402805611222,-0.426135380557118,3.53707414829659,-0.332880809745225,-0.528880809745225
"31",2.21442885771543,-0.296370599314268,3.53707414829659,-0.332880809745225,-0.528880809745225
"32",2.23446893787575,-0.392406980795351,3.53707414829659,-0.332880809745225,-0.528880809745225
"33",2.61523046092184,-0.29759822294474,3.53707414829659,-0.332880809745225,-0.528880809745225
"34",3.11623246492986,-0.426844597595281,3.53707414829659,-0.332880809745225,-0.528880809745225
"35",3.23647294589178,-0.389197470020014,3.53707414829659,-0.332880809745225,-0.528880809745225
"36",3.27655310621243,-0.352368047056891,3.53707414829659,-0.332880809745225,-0.528880809745225
"37",3.33667334669339,-0.471279627039798,3.53707414829659,-0.332880809745225,-0.528880809745225
"38",3.35671342685371,-0.323376345778603,3.53707414829659,-0.332880809745225,-0.528880809745225
"39",3.43687374749499,-0.353811362781053,3.53707414829659,-0.332880809745225,-0.528880809745225
"40",3.8376753507014,-0.285661386875306,3.53707414829659,-0.332880809745225,-0.528880809745225
"41",3.91783567134268,-0.203241982086614,3.53707414829659,-0.332880809745225,-0.528880809745225
"42",4.03807615230461,-0.195812611063737,3.53707414829659,-0.332880809745225,-0.528880809745225
"43",4.25851703406814,-0.434917397163711,3.53707414829659,-0.332880809745225,-0.528880809745225
"44",4.3186372745491,-0.301265137358862,3.53707414829659,-0.332880809745225,-0.528880809745225
"45",4.35871743486974,-0.280745655334871,3.53707414829659,-0.332880809745225,-0.528880809745225
"46",4.4188376753507,-0.178937906349208,3.53707414829659,-0.332880809745225,-0.528880809745225
"47",4.47895791583166,-0.466375496313657,3.53707414829659,-0.332880809745225,-0.528880809745225
"48",4.53907815631263,-0.209278424684908,3.53707414829659,-0.332880809745225,-0.528880809745225
"49",4.83967935871743,-0.0641007403152252,3.53707414829659,-0.332880809745225,-0.528880809745225
"50",4.95991983967936,-0.25727519078204,3.53707414829659,-0.332880809745225,-0.528880809745225
