"","x","yplot","target","ftrue","fwrong"
"1",-4.95991983967936,0.630219384632438,4.11823647294589,-0.519898317961425,-0.715898317961425
"2",-4.93987975951904,0.498617780298248,4.11823647294589,-0.519898317961425,-0.715898317961425
"3",-4.33867735470942,0.714509850574586,4.11823647294589,-0.519898317961425,-0.715898317961425
"4",-4.11823647294589,0.749375960620291,4.11823647294589,-0.519898317961425,-0.715898317961425
"5",-3.93787575150301,0.621281181588215,4.11823647294589,-0.519898317961425,-0.715898317961425
"6",-3.91783567134269,0.646058391605863,4.11823647294589,-0.519898317961425,-0.715898317961425
"7",-3.6372745490982,0.480079624026187,4.11823647294589,-0.519898317961425,-0.715898317961425
"8",-3.31663326653307,0.581959995634288,4.11823647294589,-0.519898317961425,-0.715898317961425
"9",-2.87575150300601,0.496271580781655,4.11823647294589,-0.519898317961425,-0.715898317961425
"10",-2.374749498998,0.513865169498112,4.11823647294589,-0.519898317961425,-0.715898317961425
"11",-1.61322645290581,0.306826461598419,4.11823647294589,-0.519898317961425,-0.715898317961425
"12",-1.45290581162325,0.296481612242563,4.11823647294589,-0.519898317961425,-0.715898317961425
"13",-1.33266533066132,0.163960307732862,4.11823647294589,-0.519898317961425,-0.715898317961425
"14",-1.07214428857715,0.25877288103431,4.11823647294589,-0.519898317961425,-0.715898317961425
"15",-0.651302605210421,0.237716666458833,4.11823647294589,-0.519898317961425,-0.715898317961425
"16",-0.631262525050101,-0.00980767336244784,4.11823647294589,-0.519898317961425,-0.715898317961425
"17",-0.511022044088176,0.264546693434466,4.11823647294589,-0.519898317961425,-0.715898317961425
"18",-0.0501002004008022,-0.0926965003405386,4.11823647294589,-0.519898317961425,-0.715898317961425
"19",0.95190380761523,-0.140347951736418,4.11823647294589,-0.519898317961425,-0.715898317961425
"20",1.27254509018036,-0.188856205473753,4.11823647294589,-0.519898317961425,-0.715898317961425
"21",1.39278557114228,-0.150746743042892,4.11823647294589,-0.519898317961425,-0.715898317961425
"22",1.57314629258517,-0.26159842509203,4.11823647294589,-0.519898317961425,-0.715898317961425
"23",1.7935871743487,-0.40656924165795,4.11823647294589,-0.519898317961425,-0.715898317961425
"24",1.9939879759519,-0.214749805884785,4.11823647294589,-0.519898317961425,-0.715898317961425
"25",2.05410821643287,-0.213878487665039,4.11823647294589,-0.519898317961425,-0.715898317961425
"26",2.19438877755511,-0.270629109663472,4.11823647294589,-0.519898317961425,-0.715898317961425
"27",3.09619238476954,-0.536068101166461,4.11823647294589,-0.519898317961425,-0.715898317961425
"28",3.11623246492986,-0.533533694399973,4.11823647294589,-0.519898317961425,-0.715898317961425
"29",3.29659318637274,-0.352792021336692,4.11823647294589,-0.519898317961425,-0.715898317961425
"30",3.31663326653307,-0.14617867773107,4.11823647294589,-0.519898317961425,-0.715898317961425
"31",3.35671342685371,-0.321969617235274,4.11823647294589,-0.519898317961425,-0.715898317961425
"32",3.45691382765531,-0.677985530121752,4.11823647294589,-0.519898317961425,-0.715898317961425
"33",3.71743486973948,-0.576990639296834,4.11823647294589,-0.519898317961425,-0.715898317961425
"34",3.75751503006012,-0.529772716890713,4.11823647294589,-0.519898317961425,-0.715898317961425
"35",3.81763527054108,-0.552265475753437,4.11823647294589,-0.519898317961425,-0.715898317961425
"36",3.89779559118236,-0.350186035808694,4.11823647294589,-0.519898317961425,-0.715898317961425
"37",3.95791583166333,-0.397164313497666,4.11823647294589,-0.519898317961425,-0.715898317961425
"38",4.19839679358717,-0.586898729213383,4.11823647294589,-0.519898317961425,-0.715898317961425
"39",4.4188376753507,-0.517486471444901,4.11823647294589,-0.519898317961425,-0.715898317961425
"40",4.77955911823647,-0.646321446993561,4.11823647294589,-0.519898317961425,-0.715898317961425
