"","x","yplot","target","ftrue","fwrong"
"1",-3.95791583166333,-0.715609380781989,-2.75551102204409,-0.236302385167716,-0.040302385167716
"2",-3.93787575150301,-0.620085782041627,-2.75551102204409,-0.236302385167716,-0.040302385167716
"3",-3.61723446893788,-0.561450784963876,-2.75551102204409,-0.236302385167716,-0.040302385167716
"4",-3.51703406813627,-0.643701195498228,-2.75551102204409,-0.236302385167716,-0.040302385167716
"5",-3.35671342685371,-0.431246766506129,-2.75551102204409,-0.236302385167716,-0.040302385167716
"6",-3.29659318637275,-0.550493060914625,-2.75551102204409,-0.236302385167716,-0.040302385167716
"7",-3.27655310621242,-0.51340765774154,-2.75551102204409,-0.236302385167716,-0.040302385167716
"8",-3.2565130260521,-0.387747623004213,-2.75551102204409,-0.236302385167716,-0.040302385167716
"9",-3.13627254509018,-0.435978964552842,-2.75551102204409,-0.236302385167716,-0.040302385167716
"10",-3.11623246492986,-0.224307750266634,-2.75551102204409,-0.236302385167716,-0.040302385167716
"11",-3.0561122244489,-0.445281154717747,-2.75551102204409,-0.236302385167716,-0.040302385167716
"12",-3.01603206412826,-0.360686896314641,-2.75551102204409,-0.236302385167716,-0.040302385167716
"13",-2.99599198396794,-0.290611364841268,-2.75551102204409,-0.236302385167716,-0.040302385167716
"14",-2.91583166332665,-0.377026797506914,-2.75551102204409,-0.236302385167716,-0.040302385167716
"15",-2.89579158316633,-0.333175627078871,-2.75551102204409,-0.236302385167716,-0.040302385167716
"16",-2.87575150300601,-0.352014527727802,-2.75551102204409,-0.236302385167716,-0.040302385167716
"17",-2.85571142284569,-0.345773861313909,-2.75551102204409,-0.236302385167716,-0.040302385167716
"18",-2.81563126252505,-0.410962607134365,-2.75551102204409,-0.236302385167716,-0.040302385167716
"19",-2.79559118236473,-0.284192871661519,-2.75551102204409,-0.236302385167716,-0.040302385167716
"20",-2.77555110220441,-0.416521414228046,-2.75551102204409,-0.236302385167716,-0.040302385167716
"21",-2.75551102204409,-0.12635712481892,-2.75551102204409,-0.236302385167716,-0.040302385167716
"22",-2.73547094188377,-0.32923684145495,-2.75551102204409,-0.236302385167716,-0.040302385167716
"23",-2.59519038076152,-0.0850198291207323,-2.75551102204409,-0.236302385167716,-0.040302385167716
"24",-2.49498997995992,-0.0863381058920182,-2.75551102204409,-0.236302385167716,-0.040302385167716
"25",-2.41482965931864,0.194497206404378,-2.75551102204409,-0.236302385167716,-0.040302385167716
"26",-2.25450901803607,-0.0893542500999057,-2.75551102204409,-0.236302385167716,-0.040302385167716
"27",-2.19438877755511,0.109002022625203,-2.75551102204409,-0.236302385167716,-0.040302385167716
"28",-2.17434869739479,0.260471218290985,-2.75551102204409,-0.236302385167716,-0.040302385167716
"29",-2.11422845691383,0.088012262802793,-2.75551102204409,-0.236302385167716,-0.040302385167716
"30",-2.09418837675351,0.137229254907425,-2.75551102204409,-0.236302385167716,-0.040302385167716
"31",-0.891783567134269,0.442815419498984,-2.75551102204409,-0.236302385167716,-0.040302385167716
"32",-0.731462925851703,0.480599241089217,-2.75551102204409,-0.236302385167716,-0.040302385167716
"33",0.511022044088176,-0.483959286963723,-2.75551102204409,-0.236302385167716,-0.040302385167716
"34",0.971943887775551,-0.409399962140053,-2.75551102204409,-0.236302385167716,-0.040302385167716
"35",0.991983967935871,-0.58489374814801,-2.75551102204409,-0.236302385167716,-0.040302385167716
"36",1.57314629258517,-0.529884486731122,-2.75551102204409,-0.236302385167716,-0.040302385167716
"37",2.07414829659319,-0.42343047728325,-2.75551102204409,-0.236302385167716,-0.040302385167716
"38",3.45691382765531,-0.303078292798685,-2.75551102204409,-0.236302385167716,-0.040302385167716
"39",4.05811623246493,-0.367428946524719,-2.75551102204409,-0.236302385167716,-0.040302385167716
"40",4.11823647294589,-0.37824953058813,-2.75551102204409,-0.236302385167716,-0.040302385167716
