"","x","yplot","target","ftrue","fwrong"
"1",-4.49899799599198,-0.230114655942856,-4.19839679358717,-0.186600578637543,0.00939942136245667
"2",-4.33867735470942,-0.256911866368296,-4.19839679358717,-0.186600578637543,0.00939942136245667
"3",-4.19839679358717,-0.147902383164195,-4.19839679358717,-0.186600578637543,0.00939942136245667
"4",-4.17835671342685,-0.253669271478942,-4.19839679358717,-0.186600578637543,0.00939942136245667
"5",-3.59719438877756,-0.0392640698747768,-4.19839679358717,-0.186600578637543,0.00939942136245667
"6",-3.57715430861723,-0.00141715121115384,-4.19839679358717,-0.186600578637543,0.00939942136245667
"7",-3.53707414829659,-0.115884929673996,-4.19839679358717,-0.186600578637543,0.00939942136245667
"8",-3.23647294589178,0.0567871359312586,-4.19839679358717,-0.186600578637543,0.00939942136245667
"9",-3.21643286573146,-0.00106106563988856,-4.19839679358717,-0.186600578637543,0.00939942136245667
"10",-2.85571142284569,0.301399124644635,-4.19839679358717,-0.186600578637543,0.00939942136245667
"11",-2.63527054108216,0.407989626365025,-4.19839679358717,-0.186600578637543,0.00939942136245667
"12",-2.4749498997996,0.379506866960338,-4.19839679358717,-0.186600578637543,0.00939942136245667
"13",-2.25450901803607,0.189504137138922,-4.19839679358717,-0.186600578637543,0.00939942136245667
"14",-1.81362725450902,0.440751436138488,-4.19839679358717,-0.186600578637543,0.00939942136245667
"15",-1.63326653306613,0.553228850026705,-4.19839679358717,-0.186600578637543,0.00939942136245667
"16",-0.91182364729459,0.615628059324978,-4.19839679358717,-0.186600578637543,0.00939942136245667
"17",-0.811623246492986,0.741167555766514,-4.19839679358717,-0.186600578637543,0.00939942136245667
"18",0.210420841683367,0.73193619768448,-4.19839679358717,-0.186600578637543,0.00939942136245667
"19",1.05210420841683,1.03061495439689,-4.19839679358717,-0.186600578637543,0.00939942136245667
"20",1.13226452905812,1.00617255989201,-4.19839679358717,-0.186600578637543,0.00939942136245667
"21",1.23246492985972,1.02395051937403,-4.19839679358717,-0.186600578637543,0.00939942136245667
"22",1.25250501002004,1.02220967916193,-4.19839679358717,-0.186600578637543,0.00939942136245667
"23",1.37274549098196,0.807257175784278,-4.19839679358717,-0.186600578637543,0.00939942136245667
"24",2.21442885771543,0.836565533478238,-4.19839679358717,-0.186600578637543,0.00939942136245667
"25",2.23446893787575,0.823946173795677,-4.19839679358717,-0.186600578637543,0.00939942136245667
"26",2.29458917835671,0.995113307187136,-4.19839679358717,-0.186600578637543,0.00939942136245667
"27",2.93587174348697,0.911594119151556,-4.19839679358717,-0.186600578637543,0.00939942136245667
"28",3.51703406813627,0.817200000446984,-4.19839679358717,-0.186600578637543,0.00939942136245667
"29",3.57715430861723,0.830473135830963,-4.19839679358717,-0.186600578637543,0.00939942136245667
"30",4.53907815631263,0.636260702080019,-4.19839679358717,-0.186600578637543,0.00939942136245667
