"","x","yplot","target","ftrue","fwrong"
"1",-3.95791583166333,-0.312207730204318,0.270541082164328,-0.802988699390584,-0.606988699390584
"2",-3.7374749498998,-0.538393046790455,0.270541082164328,-0.802988699390584,-0.606988699390584
"3",-1.83366733466934,-0.703259160542955,0.270541082164328,-0.802988699390584,-0.606988699390584
"4",-1.47294589178357,-0.866215421907067,0.270541082164328,-0.802988699390584,-0.606988699390584
"5",-1.35270541082164,-0.90016894320642,0.270541082164328,-0.802988699390584,-0.606988699390584
"6",-0.61122244488978,-0.938335741509987,0.270541082164328,-0.802988699390584,-0.606988699390584
"7",-0.450901803607215,-0.918728499510377,0.270541082164328,-0.802988699390584,-0.606988699390584
"8",-0.390781563126253,-0.85543953154617,0.270541082164328,-0.802988699390584,-0.606988699390584
"9",-0.350701402805611,-0.783765309564043,0.270541082164328,-0.802988699390584,-0.606988699390584
"10",-0.290581162324649,-0.922068782022541,0.270541082164328,-0.802988699390584,-0.606988699390584
"11",-0.230460921843687,-0.804789775727481,0.270541082164328,-0.802988699390584,-0.606988699390584
"12",0.0501002004008013,-0.772497795755703,0.270541082164328,-0.802988699390584,-0.606988699390584
"13",0.0901803607214431,-0.68932825336823,0.270541082164328,-0.802988699390584,-0.606988699390584
"14",0.430861723446894,-0.828930558900369,0.270541082164328,-0.802988699390584,-0.606988699390584
"15",0.711422845691382,-0.845575838492276,0.270541082164328,-0.802988699390584,-0.606988699390584
"16",0.771543086172344,-0.607383667228233,0.270541082164328,-0.802988699390584,-0.606988699390584
"17",0.851703406813627,-0.812894816714382,0.270541082164328,-0.802988699390584,-0.606988699390584
"18",0.93186372745491,-0.804181532113005,0.270541082164328,-0.802988699390584,-0.606988699390584
"19",0.95190380761523,-0.770937863493077,0.270541082164328,-0.802988699390584,-0.606988699390584
"20",1.03206412825651,-0.73105166572361,0.270541082164328,-0.802988699390584,-0.606988699390584
"21",1.07214428857715,-0.560062757398531,0.270541082164328,-0.802988699390584,-0.606988699390584
"22",1.09218436873747,-0.688177149886434,0.270541082164328,-0.802988699390584,-0.606988699390584
"23",1.1122244488978,-0.779361814280103,0.270541082164328,-0.802988699390584,-0.606988699390584
"24",1.15230460921844,-0.705016207551668,0.270541082164328,-0.802988699390584,-0.606988699390584
"25",1.23246492985972,-0.874840813866022,0.270541082164328,-0.802988699390584,-0.606988699390584
"26",1.25250501002004,-0.756690357750622,0.270541082164328,-0.802988699390584,-0.606988699390584
"27",1.55310621242485,-0.660556041998006,0.270541082164328,-0.802988699390584,-0.606988699390584
"28",2.17434869739479,-0.408834092403835,0.270541082164328,-0.802988699390584,-0.606988699390584
"29",2.95591182364729,-0.110391945912367,0.270541082164328,-0.802988699390584,-0.606988699390584
"30",3.13627254509018,-0.125389629416419,0.270541082164328,-0.802988699390584,-0.606988699390584
