"","x","yplot","target","ftrue","fwrong"
"1",-3.61723446893788,0.90366402744384,-2.05410821643287,0.469653069294706,0.665653069294706
"2",-3.07615230460922,0.689328351629297,-2.05410821643287,0.469653069294706,0.665653069294706
"3",-2.69539078156313,0.652466827273041,-2.05410821643287,0.469653069294706,0.665653069294706
"4",-2.41482965931864,0.457958582616224,-2.05410821643287,0.469653069294706,0.665653069294706
"5",-2.01402805611222,0.445426318794209,-2.05410821643287,0.469653069294706,0.665653069294706
"6",-1.9939879759519,0.568768857885483,-2.05410821643287,0.469653069294706,0.665653069294706
"7",-1.43286573146293,0.235781364252903,-2.05410821643287,0.469653069294706,0.665653069294706
"8",-1.41282565130261,0.427158563712092,-2.05410821643287,0.469653069294706,0.665653069294706
"9",-1.37274549098196,0.256878014732866,-2.05410821643287,0.469653069294706,0.665653069294706
"10",3.37675350701403,-0.261245125213218,-2.05410821643287,0.469653069294706,0.665653069294706
