"","x","yplot","target","ftrue","fwrong"
"1",-4.85971943887776,-1.05288760690649,4.8997995991984,0.844010204127824,1.04001020412782
"2",-4.23847695390782,-1.03954507891883,4.8997995991984,0.844010204127824,1.04001020412782
"3",-4.09819639278557,-0.832583187742046,4.8997995991984,0.844010204127824,1.04001020412782
"4",-4.07815631262525,-0.849219683504369,4.8997995991984,0.844010204127824,1.04001020412782
"5",-3.7374749498998,-0.817562341376327,4.8997995991984,0.844010204127824,1.04001020412782
"6",-3.71743486973948,-0.761819342456855,4.8997995991984,0.844010204127824,1.04001020412782
"7",-3.49699398797595,-0.788155953732003,4.8997995991984,0.844010204127824,1.04001020412782
"8",-3.27655310621242,-0.769664414729949,4.8997995991984,0.844010204127824,1.04001020412782
"9",-2.77555110220441,-0.615873292471622,4.8997995991984,0.844010204127824,1.04001020412782
"10",-2.71543086172345,-0.668111071121656,4.8997995991984,0.844010204127824,1.04001020412782
"11",-2.67535070140281,-0.644292247664644,4.8997995991984,0.844010204127824,1.04001020412782
"12",-2.25450901803607,-0.763445631715516,4.8997995991984,0.844010204127824,1.04001020412782
"13",-1.93386773547094,-0.604219361066276,4.8997995991984,0.844010204127824,1.04001020412782
"14",-1.8937875751503,-0.545817554884373,4.8997995991984,0.844010204127824,1.04001020412782
"15",-1.45290581162325,-0.462362017505226,4.8997995991984,0.844010204127824,1.04001020412782
"16",-1.27254509018036,-0.363324013036393,4.8997995991984,0.844010204127824,1.04001020412782
"17",-1.13226452905812,-0.336958013395459,4.8997995991984,0.844010204127824,1.04001020412782
"18",-0.490981963927856,-0.203772611764877,4.8997995991984,0.844010204127824,1.04001020412782
"19",-0.250501002004008,-0.234702816964618,4.8997995991984,0.844010204127824,1.04001020412782
"20",-0.130260521042084,-0.378887060381739,4.8997995991984,0.844010204127824,1.04001020412782
"21",-0.0501002004008022,-0.368894559598612,4.8997995991984,0.844010204127824,1.04001020412782
"22",0.130260521042084,-0.233636481181089,4.8997995991984,0.844010204127824,1.04001020412782
"23",0.290581162324649,-0.197073218881343,4.8997995991984,0.844010204127824,1.04001020412782
"24",1.37274549098196,-0.0777205778930432,4.8997995991984,0.844010204127824,1.04001020412782
"25",1.43286573146293,-0.119963168242632,4.8997995991984,0.844010204127824,1.04001020412782
"26",1.7935871743487,0.149083838043235,4.8997995991984,0.844010204127824,1.04001020412782
"27",2.19438877755511,0.0795551951339635,4.8997995991984,0.844010204127824,1.04001020412782
"28",2.51503006012024,0.176137648137553,4.8997995991984,0.844010204127824,1.04001020412782
"29",2.63527054108216,0.311828784715122,4.8997995991984,0.844010204127824,1.04001020412782
"30",3.01603206412826,0.577233675928654,4.8997995991984,0.844010204127824,1.04001020412782
"31",3.09619238476954,0.269168021868465,4.8997995991984,0.844010204127824,1.04001020412782
"32",3.13627254509018,0.156611185937489,4.8997995991984,0.844010204127824,1.04001020412782
"33",3.19639278557114,0.294772956996857,4.8997995991984,0.844010204127824,1.04001020412782
"34",3.31663326653307,0.347750679088123,4.8997995991984,0.844010204127824,1.04001020412782
"35",3.59719438877755,0.550946487175789,4.8997995991984,0.844010204127824,1.04001020412782
"36",3.93787575150301,0.569645396061033,4.8997995991984,0.844010204127824,1.04001020412782
"37",3.97795591182365,0.704473749971104,4.8997995991984,0.844010204127824,1.04001020412782
"38",4.13827655310621,0.55849997473641,4.8997995991984,0.844010204127824,1.04001020412782
"39",4.15831663326653,0.605930943534452,4.8997995991984,0.844010204127824,1.04001020412782
"40",4.23847695390782,0.517284482451922,4.8997995991984,0.844010204127824,1.04001020412782
"41",4.25851703406814,0.879917792074593,4.8997995991984,0.844010204127824,1.04001020412782
"42",4.39879759519038,0.544881767358307,4.8997995991984,0.844010204127824,1.04001020412782
"43",4.49899799599198,0.619614312158135,4.8997995991984,0.844010204127824,1.04001020412782
"44",4.59919839679359,0.709750637221694,4.8997995991984,0.844010204127824,1.04001020412782
"45",4.63927855711423,0.921545438060695,4.8997995991984,0.844010204127824,1.04001020412782
"46",4.65931863727455,0.603017189987368,4.8997995991984,0.844010204127824,1.04001020412782
"47",4.69939879759519,0.711838673713474,4.8997995991984,0.844010204127824,1.04001020412782
"48",4.83967935871743,0.837356417238964,4.8997995991984,0.844010204127824,1.04001020412782
"49",4.85971943887776,0.797978930788684,4.8997995991984,0.844010204127824,1.04001020412782
"50",4.87975951903808,0.850567347209281,4.8997995991984,0.844010204127824,1.04001020412782
