"","x","yplot","target","ftrue","fwrong"
"1",-5,-0.573270973819637,-4.87975951903808,-0.573345749288059,-0.769345749288059
"2",-4.87975951903808,-0.593933866182465,-4.87975951903808,-0.573345749288059,-0.769345749288059
"3",-4.85971943887776,-0.552175182580129,-4.87975951903808,-0.573345749288059,-0.769345749288059
"4",-4.79959919839679,-0.482385272771732,-4.87975951903808,-0.573345749288059,-0.769345749288059
"5",-4.77955911823647,-0.818014311295364,-4.87975951903808,-0.573345749288059,-0.769345749288059
"6",-4.63927855711423,-0.510082970624896,-4.87975951903808,-0.573345749288059,-0.769345749288059
"7",-4.59919839679359,-0.721539527560061,-4.87975951903808,-0.573345749288059,-0.769345749288059
"8",-4.57915831663327,-0.605149112337288,-4.87975951903808,-0.573345749288059,-0.769345749288059
"9",-4.39879759519038,-0.682962999713405,-4.87975951903808,-0.573345749288059,-0.769345749288059
"10",-4.33867735470942,-0.696139359903047,-4.87975951903808,-0.573345749288059,-0.769345749288059
"11",-4.27855711422846,-0.874587609695177,-4.87975951903808,-0.573345749288059,-0.769345749288059
"12",-4.17835671342685,-0.862313675782223,-4.87975951903808,-0.573345749288059,-0.769345749288059
"13",-4.09819639278557,-0.884579839129316,-4.87975951903808,-0.573345749288059,-0.769345749288059
"14",-4.03807615230461,-0.782599711926233,-4.87975951903808,-0.573345749288059,-0.769345749288059
"15",-0.711422845691383,-1.01237402926281,-4.87975951903808,-0.573345749288059,-0.769345749288059
"16",0.971943887775551,-0.497521089075435,-4.87975951903808,-0.573345749288059,-0.769345749288059
"17",1.35270541082164,-0.404402332415857,-4.87975951903808,-0.573345749288059,-0.769345749288059
"18",3.35671342685371,-0.0605320090211857,-4.87975951903808,-0.573345749288059,-0.769345749288059
"19",4.07815631262525,-0.0369072401562184,-4.87975951903808,-0.573345749288059,-0.769345749288059
"20",4.33867735470942,0.210599604511298,-4.87975951903808,-0.573345749288059,-0.769345749288059
