"","x","yplot","target","ftrue","fwrong"
"1",-4.65931863727455,0.554352762330319,0.93186372745491,-0.447430455754617,-0.251430455754617
"2",-3.85771543086172,0.355863140496366,0.93186372745491,-0.447430455754617,-0.251430455754617
"3",-3.35671342685371,0.637096977208894,0.93186372745491,-0.447430455754617,-0.251430455754617
"4",-3.13627254509018,0.433582557700793,0.93186372745491,-0.447430455754617,-0.251430455754617
"5",-2.69539078156313,0.517585385383792,0.93186372745491,-0.447430455754617,-0.251430455754617
"6",-1.77354709418838,0.185688524329914,0.93186372745491,-0.447430455754617,-0.251430455754617
"7",-1.59318637274549,0.267730071385519,0.93186372745491,-0.447430455754617,-0.251430455754617
"8",-1.51302605210421,0.143358812804397,0.93186372745491,-0.447430455754617,-0.251430455754617
"9",-1.47294589178357,0.224748750224247,0.93186372745491,-0.447430455754617,-0.251430455754617
"10",-1.19238476953908,0.135409863198907,0.93186372745491,-0.447430455754617,-0.251430455754617
"11",-0.430861723446894,-0.168155693293221,0.93186372745491,-0.447430455754617,-0.251430455754617
"12",-0.0901803607214431,-0.265828212952293,0.93186372745491,-0.447430455754617,-0.251430455754617
"13",-0.0701402805611222,-0.179273706443704,0.93186372745491,-0.447430455754617,-0.251430455754617
"14",-0.0300601202404813,-0.244032913943191,0.93186372745491,-0.447430455754617,-0.251430455754617
"15",0.290581162324649,-0.327261367980304,0.93186372745491,-0.447430455754617,-0.251430455754617
"16",0.31062124248497,-0.420895583550556,0.93186372745491,-0.447430455754617,-0.251430455754617
"17",0.470941883767535,-0.316800988306002,0.93186372745491,-0.447430455754617,-0.251430455754617
"18",0.691382765531062,-0.357941973384748,0.93186372745491,-0.447430455754617,-0.251430455754617
"19",0.891783567134269,-0.648824218943237,0.93186372745491,-0.447430455754617,-0.251430455754617
"20",1.39278557114228,-0.124631301043648,0.93186372745491,-0.447430455754617,-0.251430455754617
"21",1.65330661322645,-0.622952548926788,0.93186372745491,-0.447430455754617,-0.251430455754617
"22",1.91382765531062,-0.604741813392946,0.93186372745491,-0.447430455754617,-0.251430455754617
"23",2.23446893787575,-0.744591748019865,0.93186372745491,-0.447430455754617,-0.251430455754617
"24",2.27454909819639,-0.613653894606738,0.93186372745491,-0.447430455754617,-0.251430455754617
"25",2.87575150300601,-0.62722471453717,0.93186372745491,-0.447430455754617,-0.251430455754617
"26",4.13827655310621,-0.66911119754639,0.93186372745491,-0.447430455754617,-0.251430455754617
"27",4.17835671342685,-0.553086248826506,0.93186372745491,-0.447430455754617,-0.251430455754617
"28",4.21843687374749,-0.693348311831887,0.93186372745491,-0.447430455754617,-0.251430455754617
"29",4.4188376753507,-0.635357731084973,0.93186372745491,-0.447430455754617,-0.251430455754617
"30",4.45891783567134,-0.67149876488213,0.93186372745491,-0.447430455754617,-0.251430455754617
