"","x","yplot","target","ftrue","fwrong"
"1",-3.47695390781563,0.328279042843193,-1.53306613226453,0.518975272833824,0.322975272833824
"2",-2.35470941883768,0.662173839186043,-1.53306613226453,0.518975272833824,0.322975272833824
"3",-2.27454909819639,0.37736837303455,-1.53306613226453,0.518975272833824,0.322975272833824
"4",-1.87374749498998,0.328717523465884,-1.53306613226453,0.518975272833824,0.322975272833824
"5",-1.7935871743487,0.416324948560507,-1.53306613226453,0.518975272833824,0.322975272833824
"6",-1.47294589178357,0.646549569228669,-1.53306613226453,0.518975272833824,0.322975272833824
"7",-1.17234468937876,0.388934393957766,-1.53306613226453,0.518975272833824,0.322975272833824
"8",-0.691382765531062,0.599203256052467,-1.53306613226453,0.518975272833824,0.322975272833824
"9",2.83567134268537,0.121502386324739,-1.53306613226453,0.518975272833824,0.322975272833824
"10",3.0561122244489,0.209144184083842,-1.53306613226453,0.518975272833824,0.322975272833824
