"","x","yplot","target","ftrue","fwrong"
"1",-1.67334669338677,-0.726409019108641,1.13226452905812,-0.10568107672326,0.0903189232767403
"2",-1.45290581162325,-0.71069560751737,1.13226452905812,-0.10568107672326,0.0903189232767403
"3",-1.27254509018036,-0.714147175275232,1.13226452905812,-0.10568107672326,0.0903189232767403
"4",-0.711422845691383,-0.79106762208766,1.13226452905812,-0.10568107672326,0.0903189232767403
"5",-0.490981963927856,-0.640927636730275,1.13226452905812,-0.10568107672326,0.0903189232767403
"6",0.170340681362725,-0.438646078368674,1.13226452905812,-0.10568107672326,0.0903189232767403
"7",0.250501002004007,-0.524145317757458,1.13226452905812,-0.10568107672326,0.0903189232767403
"8",0.270541082164328,-0.51840697908752,1.13226452905812,-0.10568107672326,0.0903189232767403
"9",0.31062124248497,-0.54278489975122,1.13226452905812,-0.10568107672326,0.0903189232767403
"10",0.33066132264529,-0.446380045304131,1.13226452905812,-0.10568107672326,0.0903189232767403
"11",0.350701402805611,-0.3623578864538,1.13226452905812,-0.10568107672326,0.0903189232767403
"12",0.490981963927855,-0.413492898892363,1.13226452905812,-0.10568107672326,0.0903189232767403
"13",0.731462925851703,-0.344854925726324,1.13226452905812,-0.10568107672326,0.0903189232767403
"14",1.01202404809619,-0.154960844867423,1.13226452905812,-0.10568107672326,0.0903189232767403
"15",1.05210420841683,-0.0408870879613135,1.13226452905812,-0.10568107672326,0.0903189232767403
"16",1.07214428857715,-0.0773501624564616,1.13226452905812,-0.10568107672326,0.0903189232767403
"17",1.17234468937876,-0.279465524325674,1.13226452905812,-0.10568107672326,0.0903189232767403
"18",1.25250501002004,-0.00477804828457411,1.13226452905812,-0.10568107672326,0.0903189232767403
"19",1.33266533066132,-0.164705112096209,1.13226452905812,-0.10568107672326,0.0903189232767403
"20",1.37274549098196,-0.022759298877319,1.13226452905812,-0.10568107672326,0.0903189232767403
"21",1.45290581162325,-0.0432782056778977,1.13226452905812,-0.10568107672326,0.0903189232767403
"22",1.49298597194389,0.120166158839979,1.13226452905812,-0.10568107672326,0.0903189232767403
"23",1.53306613226453,0.0230668014712175,1.13226452905812,-0.10568107672326,0.0903189232767403
"24",1.55310621242485,0.00032083230320426,1.13226452905812,-0.10568107672326,0.0903189232767403
"25",1.59318637274549,0.00823436231959919,1.13226452905812,-0.10568107672326,0.0903189232767403
"26",1.67334669338677,0.0779093619905591,1.13226452905812,-0.10568107672326,0.0903189232767403
"27",1.69338677354709,-0.0560817876743492,1.13226452905812,-0.10568107672326,0.0903189232767403
"28",1.7935871743487,0.219273518288036,1.13226452905812,-0.10568107672326,0.0903189232767403
"29",1.93386773547094,0.138629635430504,1.13226452905812,-0.10568107672326,0.0903189232767403
"30",1.9939879759519,0.216843258227318,1.13226452905812,-0.10568107672326,0.0903189232767403
"31",2.03406813627254,0.226474649398735,1.13226452905812,-0.10568107672326,0.0903189232767403
"32",2.07414829659319,0.21349787488331,1.13226452905812,-0.10568107672326,0.0903189232767403
"33",2.11422845691383,0.215865435438332,1.13226452905812,-0.10568107672326,0.0903189232767403
"34",2.29458917835671,0.071968595675461,1.13226452905812,-0.10568107672326,0.0903189232767403
"35",2.51503006012024,0.285266307016948,1.13226452905812,-0.10568107672326,0.0903189232767403
"36",2.63527054108216,0.243213097789735,1.13226452905812,-0.10568107672326,0.0903189232767403
"37",2.79559118236473,0.180361980780279,1.13226452905812,-0.10568107672326,0.0903189232767403
"38",3.59719438877755,0.283809921135744,1.13226452905812,-0.10568107672326,0.0903189232767403
"39",3.77755511022044,0.414572580538112,1.13226452905812,-0.10568107672326,0.0903189232767403
"40",4.5190380761523,0.558950019171223,1.13226452905812,-0.10568107672326,0.0903189232767403
