"","x","yplot","target","ftrue","fwrong"
"1",-4.8997995991984,0.476653441651814,4.85971943887776,-0.929595493771089,-0.733595493771089
"2",-4.3186372745491,0.628330240915925,4.85971943887776,-0.929595493771089,-0.733595493771089
"3",-3.97795591182365,0.474882903585859,4.85971943887776,-0.929595493771089,-0.733595493771089
"4",-3.8376753507014,0.44308127184893,4.85971943887776,-0.929595493771089,-0.733595493771089
"5",-3.53707414829659,0.586029774620605,4.85971943887776,-0.929595493771089,-0.733595493771089
"6",-3.51703406813627,0.477533359615386,4.85971943887776,-0.929595493771089,-0.733595493771089
"7",-3.49699398797595,0.542567338974312,4.85971943887776,-0.929595493771089,-0.733595493771089
"8",-3.29659318637275,0.481159091859399,4.85971943887776,-0.929595493771089,-0.733595493771089
"9",-2.91583166332665,0.367555315931284,4.85971943887776,-0.929595493771089,-0.733595493771089
"10",-2.17434869739479,0.149027052726869,4.85971943887776,-0.929595493771089,-0.733595493771089
"11",-1.97394789579158,0.253526742324081,4.85971943887776,-0.929595493771089,-0.733595493771089
"12",-1.83366733466934,0.0935590157387122,4.85971943887776,-0.929595493771089,-0.733595493771089
"13",-1.47294589178357,0.06125935605169,4.85971943887776,-0.929595493771089,-0.733595493771089
"14",-1.07214428857715,-0.0121243321570162,4.85971943887776,-0.929595493771089,-0.733595493771089
"15",-1.05210420841683,-0.110318490109901,4.85971943887776,-0.929595493771089,-0.733595493771089
"16",-0.991983967935872,0.0226130904007746,4.85971943887776,-0.929595493771089,-0.733595493771089
"17",-0.871743486973948,-0.146334513487154,4.85971943887776,-0.929595493771089,-0.733595493771089
"18",-0.591182364729459,-0.0868744045001524,4.85971943887776,-0.929595493771089,-0.733595493771089
"19",-0.410821643286574,-0.014981548752439,4.85971943887776,-0.929595493771089,-0.733595493771089
"20",0.350701402805611,-0.594911778964012,4.85971943887776,-0.929595493771089,-0.733595493771089
"21",0.831663326653306,-0.486728050893015,4.85971943887776,-0.929595493771089,-0.733595493771089
"22",0.971943887775551,-0.585275954878086,4.85971943887776,-0.929595493771089,-0.733595493771089
"23",1.07214428857715,-0.530542904047001,4.85971943887776,-0.929595493771089,-0.733595493771089
"24",1.17234468937876,-0.574771969685411,4.85971943887776,-0.929595493771089,-0.733595493771089
"25",1.23246492985972,-0.682101763917579,4.85971943887776,-0.929595493771089,-0.733595493771089
"26",1.35270541082164,-0.678447543346652,4.85971943887776,-0.929595493771089,-0.733595493771089
"27",1.45290581162325,-0.714415573294537,4.85971943887776,-0.929595493771089,-0.733595493771089
"28",1.63326653306613,-0.832055638189113,4.85971943887776,-0.929595493771089,-0.733595493771089
"29",1.65330661322645,-0.618245902039489,4.85971943887776,-0.929595493771089,-0.733595493771089
"30",1.73346693386774,-0.788172578571849,4.85971943887776,-0.929595493771089,-0.733595493771089
"31",1.93386773547094,-0.829328955551079,4.85971943887776,-0.929595493771089,-0.733595493771089
"32",2.23446893787575,-0.760846450159904,4.85971943887776,-0.929595493771089,-0.733595493771089
"33",3.07615230460922,-0.868127940932788,4.85971943887776,-0.929595493771089,-0.733595493771089
"34",3.31663326653307,-0.882852822008912,4.85971943887776,-0.929595493771089,-0.733595493771089
"35",3.59719438877755,-1.05036080009364,4.85971943887776,-0.929595493771089,-0.733595493771089
"36",3.95791583166333,-0.918249389919299,4.85971943887776,-0.929595493771089,-0.733595493771089
"37",4.05811623246493,-1.05985762542108,4.85971943887776,-0.929595493771089,-0.733595493771089
"38",4.11823647294589,-0.945233465811887,4.85971943887776,-0.929595493771089,-0.733595493771089
"39",4.13827655310621,-0.878500718348598,4.85971943887776,-0.929595493771089,-0.733595493771089
"40",4.17835671342685,-0.86526473356315,4.85971943887776,-0.929595493771089,-0.733595493771089
"41",4.21843687374749,-0.955825744834545,4.85971943887776,-0.929595493771089,-0.733595493771089
"42",4.25851703406814,-0.972722666600645,4.85971943887776,-0.929595493771089,-0.733595493771089
"43",4.47895791583166,-0.845376809172838,4.85971943887776,-0.929595493771089,-0.733595493771089
"44",4.49899799599198,-0.795328125710767,4.85971943887776,-0.929595493771089,-0.733595493771089
"45",4.55911823647295,-0.906921169815615,4.85971943887776,-0.929595493771089,-0.733595493771089
"46",4.71943887775551,-0.965351024335518,4.85971943887776,-0.929595493771089,-0.733595493771089
"47",4.73947895791583,-1.0899421027714,4.85971943887776,-0.929595493771089,-0.733595493771089
"48",4.77955911823647,-0.862954424274999,4.85971943887776,-0.929595493771089,-0.733595493771089
"49",4.85971943887776,-0.874068927707378,4.85971943887776,-0.929595493771089,-0.733595493771089
"50",4.91983967935872,-0.939081745210108,4.85971943887776,-0.929595493771089,-0.733595493771089
