"","x","yplot","target","ftrue","fwrong"
"1",-5,-0.489448693705272,-4.81963927855711,-0.370845791858455,-0.566845791858455
"2",-4.8997995991984,-0.437253994169406,-4.81963927855711,-0.370845791858455,-0.566845791858455
"3",-4.87975951903808,-0.507650065463722,-4.81963927855711,-0.370845791858455,-0.566845791858455
"4",-4.81963927855711,-0.478241156015382,-4.81963927855711,-0.370845791858455,-0.566845791858455
"5",-4.73947895791583,-0.526646130595166,-4.81963927855711,-0.370845791858455,-0.566845791858455
"6",-4.67935871743487,-0.400900238015784,-4.81963927855711,-0.370845791858455,-0.566845791858455
"7",-4.57915831663327,-0.357341756060477,-4.81963927855711,-0.370845791858455,-0.566845791858455
"8",-4.49899799599198,-0.363758394989015,-4.81963927855711,-0.370845791858455,-0.566845791858455
"9",-4.27855711422846,-0.385634439553553,-4.81963927855711,-0.370845791858455,-0.566845791858455
"10",-4.15831663326653,-0.426748997190051,-4.81963927855711,-0.370845791858455,-0.566845791858455
"11",-4.07815631262525,-0.303028858144013,-4.81963927855711,-0.370845791858455,-0.566845791858455
"12",-3.99799599198397,-0.447982994626065,-4.81963927855711,-0.370845791858455,-0.566845791858455
"13",-3.93787575150301,-0.446595742486918,-4.81963927855711,-0.370845791858455,-0.566845791858455
"14",-3.87775551102204,-0.393731406066721,-4.81963927855711,-0.370845791858455,-0.566845791858455
"15",-3.85771543086172,-0.419493160917765,-4.81963927855711,-0.370845791858455,-0.566845791858455
"16",-3.71743486973948,-0.565480429405734,-4.81963927855711,-0.370845791858455,-0.566845791858455
"17",-3.03607214428858,-0.389551245881671,-4.81963927855711,-0.370845791858455,-0.566845791858455
"18",-2.77555110220441,-0.44608284221242,-4.81963927855711,-0.370845791858455,-0.566845791858455
"19",-2.73547094188377,-0.331254838120147,-4.81963927855711,-0.370845791858455,-0.566845791858455
"20",-1.71342685370742,-0.419646035500249,-4.81963927855711,-0.370845791858455,-0.566845791858455
"21",-1.63326653306613,-0.764726055014597,-4.81963927855711,-0.370845791858455,-0.566845791858455
"22",-1.25250501002004,-0.505139504677373,-4.81963927855711,-0.370845791858455,-0.566845791858455
"23",-0.751503006012024,-0.37453166554385,-4.81963927855711,-0.370845791858455,-0.566845791858455
"24",-0.711422845691383,-0.377279900025578,-4.81963927855711,-0.370845791858455,-0.566845791858455
"25",-0.591182364729459,-0.219624086519638,-4.81963927855711,-0.370845791858455,-0.566845791858455
"26",-0.290581162324649,-0.282673356395767,-4.81963927855711,-0.370845791858455,-0.566845791858455
"27",-0.0901803607214431,-0.398299979354232,-4.81963927855711,-0.370845791858455,-0.566845791858455
"28",0.150300601202405,-0.479032739519326,-4.81963927855711,-0.370845791858455,-0.566845791858455
"29",0.170340681362725,-0.374451889083018,-4.81963927855711,-0.370845791858455,-0.566845791858455
"30",0.230460921843687,-0.362547212983611,-4.81963927855711,-0.370845791858455,-0.566845791858455
"31",0.350701402805611,-0.337175278173373,-4.81963927855711,-0.370845791858455,-0.566845791858455
"32",0.430861723446894,0.0388385743805368,-4.81963927855711,-0.370845791858455,-0.566845791858455
"33",0.490981963927855,-0.424068484138005,-4.81963927855711,-0.370845791858455,-0.566845791858455
"34",0.791583166332665,-0.229211199081741,-4.81963927855711,-0.370845791858455,-0.566845791858455
"35",1.05210420841683,-0.0534437986380418,-4.81963927855711,-0.370845791858455,-0.566845791858455
"36",1.07214428857715,-0.0909338823605515,-4.81963927855711,-0.370845791858455,-0.566845791858455
"37",1.55310621242485,-0.0383350936747662,-4.81963927855711,-0.370845791858455,-0.566845791858455
"38",1.83366733466934,0.0159790376859191,-4.81963927855711,-0.370845791858455,-0.566845791858455
"39",1.95390781563126,-0.0377642396505821,-4.81963927855711,-0.370845791858455,-0.566845791858455
"40",2.07414829659319,0.0719199185452983,-4.81963927855711,-0.370845791858455,-0.566845791858455
"41",2.13426853707415,-0.192799468871711,-4.81963927855711,-0.370845791858455,-0.566845791858455
"42",2.15430861723447,0.12180155890025,-4.81963927855711,-0.370845791858455,-0.566845791858455
"43",2.87575150300601,0.410085979014782,-4.81963927855711,-0.370845791858455,-0.566845791858455
"44",3.07615230460922,0.511194077130869,-4.81963927855711,-0.370845791858455,-0.566845791858455
"45",3.19639278557114,0.288326374282621,-4.81963927855711,-0.370845791858455,-0.566845791858455
"46",3.55711422845691,0.392163164302949,-4.81963927855711,-0.370845791858455,-0.566845791858455
"47",3.99799599198397,0.624595413869524,-4.81963927855711,-0.370845791858455,-0.566845791858455
"48",4.53907815631263,0.896228532140265,-4.81963927855711,-0.370845791858455,-0.566845791858455
"49",4.75951903807615,0.774204730483826,-4.81963927855711,-0.370845791858455,-0.566845791858455
"50",4.8997995991984,1.06189707040065,-4.81963927855711,-0.370845791858455,-0.566845791858455
