"","x","yplot","target","ftrue","fwrong"
"1",-1.83366733466934,-0.0794194712907104,3.95791583166333,-0.458617916653431,-0.654617916653431
"2",-0.0701402805611222,-0.308674125644737,3.95791583166333,-0.458617916653431,-0.654617916653431
"3",0.571142284569138,-0.494455116731754,3.95791583166333,-0.458617916653431,-0.654617916653431
"4",3.23647294589178,-0.466085114292896,3.95791583166333,-0.458617916653431,-0.654617916653431
"5",3.39679358717435,-0.788746343375293,3.95791583166333,-0.458617916653431,-0.654617916653431
"6",3.85771543086172,-0.401905167826724,3.95791583166333,-0.458617916653431,-0.654617916653431
"7",4.05811623246493,-0.446704531613887,3.95791583166333,-0.458617916653431,-0.654617916653431
"8",4.13827655310621,-0.408821193318912,3.95791583166333,-0.458617916653431,-0.654617916653431
"9",4.21843687374749,-0.636887452223725,3.95791583166333,-0.458617916653431,-0.654617916653431
"10",4.65931863727455,-0.54618815733375,3.95791583166333,-0.458617916653431,-0.654617916653431
