"","x","yplot","target","ftrue","fwrong"
"1",-4.71943887775551,0.636145284482513,-1.91382765531062,0.0372250870492665,-0.158774912950734
"2",-4.65931863727455,0.334323777578358,-1.91382765531062,0.0372250870492665,-0.158774912950734
"3",-4.61923847695391,0.614030503568147,-1.91382765531062,0.0372250870492665,-0.158774912950734
"4",-3.71743486973948,0.393394238171883,-1.91382765531062,0.0372250870492665,-0.158774912950734
"5",-2.81563126252505,0.175585332853545,-1.91382765531062,0.0372250870492665,-0.158774912950734
"6",-2.75551102204409,0.24210632455792,-1.91382765531062,0.0372250870492665,-0.158774912950734
"7",-2.73547094188377,0.198916165012123,-1.91382765531062,0.0372250870492665,-0.158774912950734
"8",-2.67535070140281,0.100249483617524,-1.91382765531062,0.0372250870492665,-0.158774912950734
"9",-2.4749498997996,-0.00164809221502613,-1.91382765531062,0.0372250870492665,-0.158774912950734
"10",-2.45490981963928,-0.019864331378985,-1.91382765531062,0.0372250870492665,-0.158774912950734
"11",-2.43486973947896,0.0768014162989879,-1.91382765531062,0.0372250870492665,-0.158774912950734
"12",-2.374749498998,0.25349173829276,-1.91382765531062,0.0372250870492665,-0.158774912950734
"13",-2.21442885771543,0.0696947275713823,-1.91382765531062,0.0372250870492665,-0.158774912950734
"14",-2.19438877755511,0.22098078079944,-1.91382765531062,0.0372250870492665,-0.158774912950734
"15",-2.07414829659319,0.0225492404626053,-1.91382765531062,0.0372250870492665,-0.158774912950734
"16",-1.97394789579158,-0.0493615293766621,-1.91382765531062,0.0372250870492665,-0.158774912950734
"17",-1.93386773547094,-0.0424531621370014,-1.91382765531062,0.0372250870492665,-0.158774912950734
"18",-1.83366733466934,0.0869449011331731,-1.91382765531062,0.0372250870492665,-0.158774912950734
"19",-1.7935871743487,-0.0118127997511368,-1.91382765531062,0.0372250870492665,-0.158774912950734
"20",-1.75350701402806,-0.116006250162661,-1.91382765531062,0.0372250870492665,-0.158774912950734
"21",-1.67334669338677,0.103466159457664,-1.91382765531062,0.0372250870492665,-0.158774912950734
"22",-1.63326653306613,-0.0233296154056482,-1.91382765531062,0.0372250870492665,-0.158774912950734
"23",-1.59318637274549,-0.170906719508057,-1.91382765531062,0.0372250870492665,-0.158774912950734
"24",-1.57314629258517,0.159253508137262,-1.91382765531062,0.0372250870492665,-0.158774912950734
"25",-1.49298597194389,0.00891237542089371,-1.91382765531062,0.0372250870492665,-0.158774912950734
"26",-1.47294589178357,-0.22309915536759,-1.91382765531062,0.0372250870492665,-0.158774912950734
"27",-1.43286573146293,-0.168802047126141,-1.91382765531062,0.0372250870492665,-0.158774912950734
"28",-1.39278557114228,-0.171368065249816,-1.91382765531062,0.0372250870492665,-0.158774912950734
"29",-1.37274549098196,0.0338086573070407,-1.91382765531062,0.0372250870492665,-0.158774912950734
"30",-1.35270541082164,-0.214511375885472,-1.91382765531062,0.0372250870492665,-0.158774912950734
"31",-1.29258517034068,0.0146276059345373,-1.91382765531062,0.0372250870492665,-0.158774912950734
"32",-1.2124248496994,-0.180704145540346,-1.91382765531062,0.0372250870492665,-0.158774912950734
"33",-1.19238476953908,-0.119875645272807,-1.91382765531062,0.0372250870492665,-0.158774912950734
"34",-1.17234468937876,-0.00810155273860963,-1.91382765531062,0.0372250870492665,-0.158774912950734
"35",-1.13226452905812,-0.210446985327472,-1.91382765531062,0.0372250870492665,-0.158774912950734
"36",-1.09218436873748,-0.2140616736695,-1.91382765531062,0.0372250870492665,-0.158774912950734
"37",-1.05210420841683,-0.160275424101244,-1.91382765531062,0.0372250870492665,-0.158774912950734
"38",-1.03206412825651,-0.328114993960272,-1.91382765531062,0.0372250870492665,-0.158774912950734
"39",-0.95190380761523,-0.213344983706501,-1.91382765531062,0.0372250870492665,-0.158774912950734
"40",-0.531062124248497,-0.426094843681474,-1.91382765531062,0.0372250870492665,-0.158774912950734
"41",-0.390781563126253,-0.23635249047857,-1.91382765531062,0.0372250870492665,-0.158774912950734
"42",-0.0701402805611222,-0.499264477738832,-1.91382765531062,0.0372250870492665,-0.158774912950734
"43",0.0100200400801604,-0.510803460639611,-1.91382765531062,0.0372250870492665,-0.158774912950734
"44",0.531062124248497,-0.551207442477754,-1.91382765531062,0.0372250870492665,-0.158774912950734
"45",0.93186372745491,-0.655370468064387,-1.91382765531062,0.0372250870492665,-0.158774912950734
"46",2.13426853707415,-0.815903440766644,-1.91382765531062,0.0372250870492665,-0.158774912950734
"47",2.35470941883768,-0.966430376975887,-1.91382765531062,0.0372250870492665,-0.158774912950734
"48",2.91583166332665,-0.904381079488967,-1.91382765531062,0.0372250870492665,-0.158774912950734
"49",3.89779559118236,-0.687409230445168,-1.91382765531062,0.0372250870492665,-0.158774912950734
"50",4.39879759519038,-0.746709454412583,-1.91382765531062,0.0372250870492665,-0.158774912950734
