"","x","yplot","target","ftrue","fwrong"
"1",-3.57715430861723,-0.214671936024041,-2.71543086172345,-0.39448940821005,-0.19848940821005
"2",-3.41683366733467,-0.381713503487408,-2.71543086172345,-0.39448940821005,-0.19848940821005
"3",-3.37675350701403,-0.259844923013223,-2.71543086172345,-0.39448940821005,-0.19848940821005
"4",-3.33667334669339,-0.427157363340258,-2.71543086172345,-0.39448940821005,-0.19848940821005
"5",-3.19639278557114,-0.413946023539307,-2.71543086172345,-0.39448940821005,-0.19848940821005
"6",-2.95591182364729,-0.337571579831065,-2.71543086172345,-0.39448940821005,-0.19848940821005
"7",-2.93587174348697,-0.35839683268503,-2.71543086172345,-0.39448940821005,-0.19848940821005
"8",-2.81563126252505,-0.453395798325171,-2.71543086172345,-0.39448940821005,-0.19848940821005
"9",-2.79559118236473,-0.396604169678966,-2.71543086172345,-0.39448940821005,-0.19848940821005
"10",-2.73547094188377,-0.115848967567534,-2.71543086172345,-0.39448940821005,-0.19848940821005
"11",-2.4749498997996,-0.511165332385549,-2.71543086172345,-0.39448940821005,-0.19848940821005
"12",-2.43486973947896,-0.352570198100678,-2.71543086172345,-0.39448940821005,-0.19848940821005
"13",-2.39478957915832,-0.514052413514159,-2.71543086172345,-0.39448940821005,-0.19848940821005
"14",-2.31462925851703,-0.475607339136877,-2.71543086172345,-0.39448940821005,-0.19848940821005
"15",-2.23446893787575,-0.437237485073491,-2.71543086172345,-0.39448940821005,-0.19848940821005
"16",-2.19438877755511,-0.256028516645985,-2.71543086172345,-0.39448940821005,-0.19848940821005
"17",-2.13426853707415,-0.5905710422789,-2.71543086172345,-0.39448940821005,-0.19848940821005
"18",-2.01402805611222,-0.4718993591522,-2.71543086172345,-0.39448940821005,-0.19848940821005
"19",-1.93386773547094,-0.620897936634786,-2.71543086172345,-0.39448940821005,-0.19848940821005
"20",-1.91382765531062,-0.4872914092062,-2.71543086172345,-0.39448940821005,-0.19848940821005
"21",-1.77354709418838,-0.478349528566016,-2.71543086172345,-0.39448940821005,-0.19848940821005
"22",-1.15230460921844,-0.710711632316466,-2.71543086172345,-0.39448940821005,-0.19848940821005
"23",-1.13226452905812,-0.486743711734187,-2.71543086172345,-0.39448940821005,-0.19848940821005
"24",-0.691382765531062,-0.619266933021254,-2.71543086172345,-0.39448940821005,-0.19848940821005
"25",0.0100200400801604,-0.645000817389243,-2.71543086172345,-0.39448940821005,-0.19848940821005
"26",0.831663326653306,-0.312269033684659,-2.71543086172345,-0.39448940821005,-0.19848940821005
"27",1.55310621242485,-0.312463536830532,-2.71543086172345,-0.39448940821005,-0.19848940821005
"28",1.63326653306613,-0.494346815144592,-2.71543086172345,-0.39448940821005,-0.19848940821005
"29",3.09619238476954,0.371450136645392,-2.71543086172345,-0.39448940821005,-0.19848940821005
"30",3.2565130260521,0.283529381945792,-2.71543086172345,-0.39448940821005,-0.19848940821005
