"","x","yplot","target","ftrue","fwrong"
"1",-4.49899799599198,0.539804869735604,-2.07414829659319,0.184987249480439,0.380987249480439
"2",-3.8376753507014,0.624543358694702,-2.07414829659319,0.184987249480439,0.380987249480439
"3",-3.45691382765531,0.507573003122035,-2.07414829659319,0.184987249480439,0.380987249480439
"4",-3.39679358717435,0.290818863516108,-2.07414829659319,0.184987249480439,0.380987249480439
"5",-3.0561122244489,0.339944902235604,-2.07414829659319,0.184987249480439,0.380987249480439
"6",-2.99599198396794,0.396930548363061,-2.07414829659319,0.184987249480439,0.380987249480439
"7",-2.95591182364729,0.19854489115854,-2.07414829659319,0.184987249480439,0.380987249480439
"8",-2.91583166332665,0.305599276958173,-2.07414829659319,0.184987249480439,0.380987249480439
"9",-2.89579158316633,0.556286860356476,-2.07414829659319,0.184987249480439,0.380987249480439
"10",-2.87575150300601,0.140747046390571,-2.07414829659319,0.184987249480439,0.380987249480439
"11",-2.69539078156313,0.127291887219149,-2.07414829659319,0.184987249480439,0.380987249480439
"12",-2.63527054108216,0.291194793803419,-2.07414829659319,0.184987249480439,0.380987249480439
"13",-2.55511022044088,0.263965821314837,-2.07414829659319,0.184987249480439,0.380987249480439
"14",-2.53507014028056,0.153409598076701,-2.07414829659319,0.184987249480439,0.380987249480439
"15",-2.4749498997996,0.157661953788506,-2.07414829659319,0.184987249480439,0.380987249480439
"16",-2.43486973947896,0.137817830731677,-2.07414829659319,0.184987249480439,0.380987249480439
"17",-2.33466933867735,0.174226646787904,-2.07414829659319,0.184987249480439,0.380987249480439
"18",-2.31462925851703,0.281734038846505,-2.07414829659319,0.184987249480439,0.380987249480439
"19",-2.29458917835671,0.129778495938977,-2.07414829659319,0.184987249480439,0.380987249480439
"20",-2.25450901803607,0.303871307423116,-2.07414829659319,0.184987249480439,0.380987249480439
"21",-2.19438877755511,-0.0150947648265725,-2.07414829659319,0.184987249480439,0.380987249480439
"22",-2.13426853707415,0.268936118689857,-2.07414829659319,0.184987249480439,0.380987249480439
"23",-2.05410821643287,0.161362051604199,-2.07414829659319,0.184987249480439,0.380987249480439
"24",-2.03406813627255,0.226935498259886,-2.07414829659319,0.184987249480439,0.380987249480439
"25",-1.9939879759519,0.0628880163075479,-2.07414829659319,0.184987249480439,0.380987249480439
"26",-1.91382765531062,0.153620938203629,-2.07414829659319,0.184987249480439,0.380987249480439
"27",-1.81362725450902,0.119110461140109,-2.07414829659319,0.184987249480439,0.380987249480439
"28",-1.73346693386774,0.352911464267549,-2.07414829659319,0.184987249480439,0.380987249480439
"29",-1.71342685370742,0.0636966175538852,-2.07414829659319,0.184987249480439,0.380987249480439
"30",-1.69338677354709,0.0101242720606281,-2.07414829659319,0.184987249480439,0.380987249480439
"31",-1.63326653306613,0.121926526485748,-2.07414829659319,0.184987249480439,0.380987249480439
"32",-1.57314629258517,0.167139144024811,-2.07414829659319,0.184987249480439,0.380987249480439
"33",-1.49298597194389,-0.0390524183101158,-2.07414829659319,0.184987249480439,0.380987249480439
"34",-1.45290581162325,0.0240426300904224,-2.07414829659319,0.184987249480439,0.380987249480439
"35",-1.43286573146293,0.0555926766450513,-2.07414829659319,0.184987249480439,0.380987249480439
"36",-1.312625250501,-0.0521990099817239,-2.07414829659319,0.184987249480439,0.380987249480439
"37",-1.29258517034068,0.0382310288927708,-2.07414829659319,0.184987249480439,0.380987249480439
"38",-1.23246492985972,-0.0188779048929695,-2.07414829659319,0.184987249480439,0.380987249480439
"39",-1.2124248496994,-0.00222272984433766,-2.07414829659319,0.184987249480439,0.380987249480439
"40",-0.851703406813628,0.0060224482676129,-2.07414829659319,0.184987249480439,0.380987249480439
"41",-0.61122244488978,-0.0196694476012008,-2.07414829659319,0.184987249480439,0.380987249480439
"42",0.130260521042084,-0.0153654841192054,-2.07414829659319,0.184987249480439,0.380987249480439
"43",0.831663326653306,-0.377309893457574,-2.07414829659319,0.184987249480439,0.380987249480439
"44",1.45290581162325,-0.847891565763633,-2.07414829659319,0.184987249480439,0.380987249480439
"45",1.55310621242485,-0.639142986941154,-2.07414829659319,0.184987249480439,0.380987249480439
"46",2.87575150300601,-0.410019345089678,-2.07414829659319,0.184987249480439,0.380987249480439
"47",3.2565130260521,-0.500075867396974,-2.07414829659319,0.184987249480439,0.380987249480439
"48",3.29659318637274,-0.30071780502221,-2.07414829659319,0.184987249480439,0.380987249480439
"49",3.93787575150301,0.087972581635239,-2.07414829659319,0.184987249480439,0.380987249480439
"50",4.5190380761523,0.717209777869852,-2.07414829659319,0.184987249480439,0.380987249480439
