"","x","yplot","target","ftrue","fwrong"
"1",-4.95991983967936,-0.430375150735493,4.23847695390782,-0.706285142722852,-0.510285142722852
"2",-4.75951903807615,-0.545053514122784,4.23847695390782,-0.706285142722852,-0.510285142722852
"3",-4.55911823647295,-0.563949366634866,4.23847695390782,-0.706285142722852,-0.510285142722852
"4",-4.45891783567134,-0.698327419720316,4.23847695390782,-0.706285142722852,-0.510285142722852
"5",-4.29859719438878,-0.682405468092247,4.23847695390782,-0.706285142722852,-0.510285142722852
"6",-4.17835671342685,-0.866831572257704,4.23847695390782,-0.706285142722852,-0.510285142722852
"7",-4.13827655310621,-0.82476641385425,4.23847695390782,-0.706285142722852,-0.510285142722852
"8",-3.97795591182365,-0.868961143026401,4.23847695390782,-0.706285142722852,-0.510285142722852
"9",-3.45691382765531,-0.952573690468597,4.23847695390782,-0.706285142722852,-0.510285142722852
"10",-3.33667334669339,-0.776767352807542,4.23847695390782,-0.706285142722852,-0.510285142722852
"11",-3.29659318637275,-0.845533198527942,4.23847695390782,-0.706285142722852,-0.510285142722852
"12",-3.13627254509018,-0.980348470940038,4.23847695390782,-0.706285142722852,-0.510285142722852
"13",-2.87575150300601,-0.815235640114998,4.23847695390782,-0.706285142722852,-0.510285142722852
"14",-2.53507014028056,-0.313170484328467,4.23847695390782,-0.706285142722852,-0.510285142722852
"15",-2.31462925851703,-0.0737977189361569,4.23847695390782,-0.706285142722852,-0.510285142722852
"16",-2.13426853707415,0.00661501396829179,4.23847695390782,-0.706285142722852,-0.510285142722852
"17",-0.691382765531062,0.719258688156081,4.23847695390782,-0.706285142722852,-0.510285142722852
"18",-0.470941883767535,0.656501376160477,4.23847695390782,-0.706285142722852,-0.510285142722852
"19",-0.410821643286574,0.568254347490503,4.23847695390782,-0.706285142722852,-0.510285142722852
"20",-0.230460921843687,0.308096709377789,4.23847695390782,-0.706285142722852,-0.510285142722852
"21",0.0501002004008013,0.256245715462391,4.23847695390782,-0.706285142722852,-0.510285142722852
"22",0.270541082164328,0.405282415593815,4.23847695390782,-0.706285142722852,-0.510285142722852
"23",0.390781563126252,0.147782554828279,4.23847695390782,-0.706285142722852,-0.510285142722852
"24",0.731462925851703,-0.166228243787236,4.23847695390782,-0.706285142722852,-0.510285142722852
"25",0.751503006012024,-0.0604730042122575,4.23847695390782,-0.706285142722852,-0.510285142722852
"26",0.871743486973948,-0.234527154306852,4.23847695390782,-0.706285142722852,-0.510285142722852
"27",1.43286573146293,-0.569225860751771,4.23847695390782,-0.706285142722852,-0.510285142722852
"28",1.69338677354709,-0.737817973374406,4.23847695390782,-0.706285142722852,-0.510285142722852
"29",1.75350701402806,-0.949007437765444,4.23847695390782,-0.706285142722852,-0.510285142722852
"30",2.45490981963928,-0.941008615282503,4.23847695390782,-0.706285142722852,-0.510285142722852
"31",2.55511022044088,-0.737477922321,4.23847695390782,-0.706285142722852,-0.510285142722852
"32",2.73547094188377,-0.913894757938241,4.23847695390782,-0.706285142722852,-0.510285142722852
"33",2.75551102204409,-0.897773011307944,4.23847695390782,-0.706285142722852,-0.510285142722852
"34",2.97595190380761,-0.915456688773794,4.23847695390782,-0.706285142722852,-0.510285142722852
"35",3.07615230460922,-0.722918411562359,4.23847695390782,-0.706285142722852,-0.510285142722852
"36",3.2565130260521,-0.716492369112047,4.23847695390782,-0.706285142722852,-0.510285142722852
"37",3.35671342685371,-0.732030467330185,4.23847695390782,-0.706285142722852,-0.510285142722852
"38",3.41683366733467,-0.553654587127672,4.23847695390782,-0.706285142722852,-0.510285142722852
"39",3.51703406813627,-0.766388076307771,4.23847695390782,-0.706285142722852,-0.510285142722852
"40",3.71743486973948,-0.717728006518461,4.23847695390782,-0.706285142722852,-0.510285142722852
"41",3.75751503006012,-0.727624505825163,4.23847695390782,-0.706285142722852,-0.510285142722852
"42",3.91783567134268,-0.664170174198191,4.23847695390782,-0.706285142722852,-0.510285142722852
"43",4.01803607214429,-0.600633253876264,4.23847695390782,-0.706285142722852,-0.510285142722852
"44",4.3186372745491,-0.788038728686097,4.23847695390782,-0.706285142722852,-0.510285142722852
"45",4.37875751503006,-0.561729037044197,4.23847695390782,-0.706285142722852,-0.510285142722852
"46",4.57915831663327,-0.763962122142523,4.23847695390782,-0.706285142722852,-0.510285142722852
"47",4.85971943887776,-0.829145879754797,4.23847695390782,-0.706285142722852,-0.510285142722852
"48",4.87975951903808,-0.859971690461528,4.23847695390782,-0.706285142722852,-0.510285142722852
"49",4.91983967935872,-0.929058120229368,4.23847695390782,-0.706285142722852,-0.510285142722852
"50",4.97995991983968,-0.846857927337854,4.23847695390782,-0.706285142722852,-0.510285142722852
