"","x","yplot","target","ftrue","fwrong"
"1",-4.67935871743487,0.489466316621126,4.03807615230461,0.162955123441251,0.358955123441251
"2",-4.57915831663327,0.509246244369408,4.03807615230461,0.162955123441251,0.358955123441251
"3",-3.99799599198397,0.361109455240732,4.03807615230461,0.162955123441251,0.358955123441251
"4",-3.67735470941884,0.65560453990262,4.03807615230461,0.162955123441251,0.358955123441251
"5",-2.59519038076152,-0.000441293929835551,4.03807615230461,0.162955123441251,0.358955123441251
"6",-2.45490981963928,0.147156613048779,4.03807615230461,0.162955123441251,0.358955123441251
"7",-1.75350701402806,0.159825857170935,4.03807615230461,0.162955123441251,0.358955123441251
"8",-1.29258517034068,0.171322312033294,4.03807615230461,0.162955123441251,0.358955123441251
"9",-0.691382765531062,0.281718172492638,4.03807615230461,0.162955123441251,0.358955123441251
"10",-0.591182364729459,-0.0430406891992566,4.03807615230461,0.162955123441251,0.358955123441251
"11",0.0100200400801604,0.0326869899698907,4.03807615230461,0.162955123441251,0.358955123441251
"12",0.470941883767535,0.0477204597807776,4.03807615230461,0.162955123441251,0.358955123441251
"13",3.07615230460922,0.794959861161376,4.03807615230461,0.162955123441251,0.358955123441251
"14",3.09619238476954,0.732752049142365,4.03807615230461,0.162955123441251,0.358955123441251
"15",3.11623246492986,0.666657064547218,4.03807615230461,0.162955123441251,0.358955123441251
"16",3.21643286573146,0.714218860807989,4.03807615230461,0.162955123441251,0.358955123441251
"17",3.29659318637274,0.743701950158051,4.03807615230461,0.162955123441251,0.358955123441251
"18",3.31663326653307,0.741816609222793,4.03807615230461,0.162955123441251,0.358955123441251
"19",3.47695390781563,0.617441774764896,4.03807615230461,0.162955123441251,0.358955123441251
"20",3.53707414829659,0.520339352879819,4.03807615230461,0.162955123441251,0.358955123441251
"21",3.61723446893788,0.313895190504174,4.03807615230461,0.162955123441251,0.358955123441251
"22",3.65731462925852,0.501575884470724,4.03807615230461,0.162955123441251,0.358955123441251
"23",3.79759519038076,0.181168366928888,4.03807615230461,0.162955123441251,0.358955123441251
"24",3.8376753507014,0.242769976724066,4.03807615230461,0.162955123441251,0.358955123441251
"25",3.91783567134268,0.299054987674641,4.03807615230461,0.162955123441251,0.358955123441251
"26",3.99799599198397,0.267164148441464,4.03807615230461,0.162955123441251,0.358955123441251
"27",4.01803607214429,0.209033724423331,4.03807615230461,0.162955123441251,0.358955123441251
"28",4.07815631262525,0.201358729283734,4.03807615230461,0.162955123441251,0.358955123441251
"29",4.09819639278557,0.120166772274878,4.03807615230461,0.162955123441251,0.358955123441251
"30",4.15831663326653,-0.0244910262021839,4.03807615230461,0.162955123441251,0.358955123441251
"31",4.25851703406814,-0.140499683313596,4.03807615230461,0.162955123441251,0.358955123441251
"32",4.39879759519038,-0.11780466608341,4.03807615230461,0.162955123441251,0.358955123441251
"33",4.43887775551102,-0.122679033252457,4.03807615230461,0.162955123441251,0.358955123441251
"34",4.45891783567134,-0.256764343275845,4.03807615230461,0.162955123441251,0.358955123441251
"35",4.47895791583166,-0.153012859118203,4.03807615230461,0.162955123441251,0.358955123441251
"36",4.57915831663327,-0.369805827598377,4.03807615230461,0.162955123441251,0.358955123441251
"37",4.59919839679359,-0.28687535269945,4.03807615230461,0.162955123441251,0.358955123441251
"38",4.63927855711423,-0.315458086671168,4.03807615230461,0.162955123441251,0.358955123441251
"39",4.77955911823647,-0.252638051239106,4.03807615230461,0.162955123441251,0.358955123441251
"40",4.8997995991984,-0.662872004532343,4.03807615230461,0.162955123441251,0.358955123441251
