"","x","yplot","target","ftrue","fwrong"
"1",-4.75951903807615,0.163101764163451,-2.45490981963928,0.445969843391006,0.641969843391006
"2",-4.51903807615231,0.241299097314264,-2.45490981963928,0.445969843391006,0.641969843391006
"3",-4.43887775551102,0.11305062660232,-2.45490981963928,0.445969843391006,0.641969843391006
"4",-4.03807615230461,0.410924824448305,-2.45490981963928,0.445969843391006,0.641969843391006
"5",-3.85771543086172,0.454257488343242,-2.45490981963928,0.445969843391006,0.641969843391006
"6",-3.6372745490982,0.3807320316315,-2.45490981963928,0.445969843391006,0.641969843391006
"7",-3.53707414829659,0.276044546401306,-2.45490981963928,0.445969843391006,0.641969843391006
"8",-3.41683366733467,0.0995958419500107,-2.45490981963928,0.445969843391006,0.641969843391006
"9",-3.35671342685371,0.245554215984172,-2.45490981963928,0.445969843391006,0.641969843391006
"10",-3.2565130260521,0.484786782748785,-2.45490981963928,0.445969843391006,0.641969843391006
"11",-3.17635270541082,0.431905818626598,-2.45490981963928,0.445969843391006,0.641969843391006
"12",-3.01603206412826,0.57286745593599,-2.45490981963928,0.445969843391006,0.641969843391006
"13",-2.81563126252505,0.57968790510191,-2.45490981963928,0.445969843391006,0.641969843391006
"14",-2.73547094188377,0.464073674579631,-2.45490981963928,0.445969843391006,0.641969843391006
"15",-2.5751503006012,0.59353457785559,-2.45490981963928,0.445969843391006,0.641969843391006
"16",-2.35470941883768,0.376057564660155,-2.45490981963928,0.445969843391006,0.641969843391006
"17",-2.33466933867735,0.421532717735474,-2.45490981963928,0.445969843391006,0.641969843391006
"18",-2.13426853707415,0.476075148355272,-2.45490981963928,0.445969843391006,0.641969843391006
"19",-2.05410821643287,0.653758959467237,-2.45490981963928,0.445969843391006,0.641969843391006
"20",-1.8937875751503,0.469442392738632,-2.45490981963928,0.445969843391006,0.641969843391006
"21",-1.55310621242485,0.47783507945607,-2.45490981963928,0.445969843391006,0.641969843391006
"22",-1.47294589178357,0.708816768403394,-2.45490981963928,0.445969843391006,0.641969843391006
"23",-1.19238476953908,0.712662876242233,-2.45490981963928,0.445969843391006,0.641969843391006
"24",-0.971943887775551,0.594302013643984,-2.45490981963928,0.445969843391006,0.641969843391006
"25",-0.95190380761523,0.866589249637087,-2.45490981963928,0.445969843391006,0.641969843391006
"26",-0.61122244488978,0.958716213272073,-2.45490981963928,0.445969843391006,0.641969843391006
"27",-0.591182364729459,0.90167202744025,-2.45490981963928,0.445969843391006,0.641969843391006
"28",-0.531062124248497,0.823241332831969,-2.45490981963928,0.445969843391006,0.641969843391006
"29",-0.410821643286574,0.811327195232293,-2.45490981963928,0.445969843391006,0.641969843391006
"30",-0.210420841683367,0.966893773294652,-2.45490981963928,0.445969843391006,0.641969843391006
"31",-0.0501002004008022,0.982698127939475,-2.45490981963928,0.445969843391006,0.641969843391006
"32",0.370741482965932,0.90983088697994,-2.45490981963928,0.445969843391006,0.641969843391006
"33",0.430861723446894,0.785877737121216,-2.45490981963928,0.445969843391006,0.641969843391006
"34",0.651302605210421,0.653774700402404,-2.45490981963928,0.445969843391006,0.641969843391006
"35",0.711422845691382,0.661932815043298,-2.45490981963928,0.445969843391006,0.641969843391006
"36",1.07214428857715,0.842157816125843,-2.45490981963928,0.445969843391006,0.641969843391006
"37",1.09218436873747,0.490718281991981,-2.45490981963928,0.445969843391006,0.641969843391006
"38",1.2124248496994,0.583505713741194,-2.45490981963928,0.445969843391006,0.641969843391006
"39",1.27254509018036,0.542134869889704,-2.45490981963928,0.445969843391006,0.641969843391006
"40",1.53306613226453,0.462331208615345,-2.45490981963928,0.445969843391006,0.641969843391006
"41",1.81362725450902,0.450295490398066,-2.45490981963928,0.445969843391006,0.641969843391006
"42",1.97394789579158,0.472867778013993,-2.45490981963928,0.445969843391006,0.641969843391006
"43",2.23446893787575,0.349578369573621,-2.45490981963928,0.445969843391006,0.641969843391006
"44",2.93587174348697,0.27816933227943,-2.45490981963928,0.445969843391006,0.641969843391006
"45",2.97595190380761,0.551722366549676,-2.45490981963928,0.445969843391006,0.641969843391006
"46",3.67735470941884,0.298904620332678,-2.45490981963928,0.445969843391006,0.641969843391006
"47",4.43887775551102,0.0164016819822818,-2.45490981963928,0.445969843391006,0.641969843391006
"48",4.45891783567134,-0.0120217817507809,-2.45490981963928,0.445969843391006,0.641969843391006
"49",4.75951903807615,-0.20933453763174,-2.45490981963928,0.445969843391006,0.641969843391006
"50",4.91983967935872,-0.381160081045076,-2.45490981963928,0.445969843391006,0.641969843391006
