"","x","yplot","target","ftrue","fwrong"
"1",-4.61923847695391,-1.10895967832538,4.81963927855711,-0.395041783549769,-0.591041783549769
"2",-4.27855711422846,-0.768095975206021,4.81963927855711,-0.395041783549769,-0.591041783549769
"3",-3.61723446893788,-0.837316345520437,4.81963927855711,-0.395041783549769,-0.591041783549769
"4",-2.33466933867735,-0.0945368886602727,4.81963927855711,-0.395041783549769,-0.591041783549769
"5",-1.71342685370742,-0.0347769559828645,4.81963927855711,-0.395041783549769,-0.591041783549769
"6",-0.531062124248497,0.644298357901497,4.81963927855711,-0.395041783549769,-0.591041783549769
"7",-0.450901803607215,0.632116418206943,4.81963927855711,-0.395041783549769,-0.591041783549769
"8",-0.110220440881764,0.688013893770195,4.81963927855711,-0.395041783549769,-0.591041783549769
"9",-0.0300601202404813,0.793316110074167,4.81963927855711,-0.395041783549769,-0.591041783549769
"10",0.450901803607215,0.772342972692439,4.81963927855711,-0.395041783549769,-0.591041783549769
"11",0.711422845691382,0.801699565457751,4.81963927855711,-0.395041783549769,-0.591041783549769
"12",1.61322645290581,0.161949051745376,4.81963927855711,-0.395041783549769,-0.591041783549769
"13",3.8376753507014,-0.81418068396293,4.81963927855711,-0.395041783549769,-0.591041783549769
"14",3.87775551102204,-1.02916780196564,4.81963927855711,-0.395041783549769,-0.591041783549769
"15",3.97795591182365,-0.606809594893212,4.81963927855711,-0.395041783549769,-0.591041783549769
"16",4.15831663326653,-0.495019910704621,4.81963927855711,-0.395041783549769,-0.591041783549769
"17",4.17835671342685,-0.825429532299881,4.81963927855711,-0.395041783549769,-0.591041783549769
"18",4.19839679358717,-0.725287431945198,4.81963927855711,-0.395041783549769,-0.591041783549769
"19",4.23847695390782,-0.839790210731441,4.81963927855711,-0.395041783549769,-0.591041783549769
"20",4.25851703406814,-0.889802378831509,4.81963927855711,-0.395041783549769,-0.591041783549769
"21",4.27855711422846,-0.800634234785672,4.81963927855711,-0.395041783549769,-0.591041783549769
"22",4.3186372745491,-0.665933078762498,4.81963927855711,-0.395041783549769,-0.591041783549769
"23",4.35871743486974,-0.559618452771093,4.81963927855711,-0.395041783549769,-0.591041783549769
"24",4.39879759519038,-0.629256163649125,4.81963927855711,-0.395041783549769,-0.591041783549769
"25",4.43887775551102,-0.372148344773881,4.81963927855711,-0.395041783549769,-0.591041783549769
"26",4.45891783567134,-0.650425314781864,4.81963927855711,-0.395041783549769,-0.591041783549769
"27",4.53907815631263,-0.584401146380005,4.81963927855711,-0.395041783549769,-0.591041783549769
"28",4.55911823647295,-0.420679195825823,4.81963927855711,-0.395041783549769,-0.591041783549769
"29",4.59919839679359,-0.414885207368522,4.81963927855711,-0.395041783549769,-0.591041783549769
"30",4.61923847695391,-0.666493170887306,4.81963927855711,-0.395041783549769,-0.591041783549769
"31",4.65931863727455,-0.692673141127719,4.81963927855711,-0.395041783549769,-0.591041783549769
"32",4.67935871743487,-0.58069774885631,4.81963927855711,-0.395041783549769,-0.591041783549769
"33",4.69939879759519,-0.537139033979063,4.81963927855711,-0.395041783549769,-0.591041783549769
"34",4.71943887775551,-0.40374935955968,4.81963927855711,-0.395041783549769,-0.591041783549769
"35",4.73947895791583,-0.422999386150671,4.81963927855711,-0.395041783549769,-0.591041783549769
"36",4.77955911823647,-0.381784865024872,4.81963927855711,-0.395041783549769,-0.591041783549769
"37",4.87975951903808,-0.27569116656442,4.81963927855711,-0.395041783549769,-0.591041783549769
"38",4.8997995991984,-0.314668246061135,4.81963927855711,-0.395041783549769,-0.591041783549769
"39",4.91983967935872,-0.414379864415102,4.81963927855711,-0.395041783549769,-0.591041783549769
"40",5,-0.279285783289158,4.81963927855711,-0.395041783549769,-0.591041783549769
