"","x","yplot","target","ftrue","fwrong"
"1",-3.6372745490982,0.228510846019264,-2.83567134268537,0.713881987350094,0.909881987350094
"2",-3.51703406813627,0.200291876585775,-2.83567134268537,0.713881987350094,0.909881987350094
"3",-3.03607214428858,0.416413105520356,-2.83567134268537,0.713881987350094,0.909881987350094
"4",-2.95591182364729,0.54099383804019,-2.83567134268537,0.713881987350094,0.909881987350094
"5",-2.75551102204409,0.787557540387171,-2.83567134268537,0.713881987350094,0.909881987350094
"6",-2.53507014028056,0.757553010499826,-2.83567134268537,0.713881987350094,0.909881987350094
"7",-2.13426853707415,0.748778149806693,-2.83567134268537,0.713881987350094,0.909881987350094
"8",-1.87374749498998,0.744841872676146,-2.83567134268537,0.713881987350094,0.909881987350094
"9",-1.85370741482966,0.767016731637577,-2.83567134268537,0.713881987350094,0.909881987350094
"10",-1.73346693386774,0.675465097069203,-2.83567134268537,0.713881987350094,0.909881987350094
"11",-1.61322645290581,0.564789013458344,-2.83567134268537,0.713881987350094,0.909881987350094
"12",-1.19238476953908,0.500016125216625,-2.83567134268537,0.713881987350094,0.909881987350094
"13",-1.01202404809619,0.551561059535393,-2.83567134268537,0.713881987350094,0.909881987350094
"14",-0.91182364729459,0.396558743232848,-2.83567134268537,0.713881987350094,0.909881987350094
"15",-0.711422845691383,0.4546239895214,-2.83567134268537,0.713881987350094,0.909881987350094
"16",-0.490981963927856,0.166630653836989,-2.83567134268537,0.713881987350094,0.909881987350094
"17",0.150300601202405,-0.0328615822202162,-2.83567134268537,0.713881987350094,0.909881987350094
"18",0.450901803607215,-0.189069181646272,-2.83567134268537,0.713881987350094,0.909881987350094
"19",0.911823647294589,-0.489729616407899,-2.83567134268537,0.713881987350094,0.909881987350094
"20",1.4128256513026,-0.457929355053339,-2.83567134268537,0.713881987350094,0.909881987350094
"21",1.67334669338677,-0.371954699472802,-2.83567134268537,0.713881987350094,0.909881987350094
"22",1.75350701402806,-0.427874590091997,-2.83567134268537,0.713881987350094,0.909881987350094
"23",1.85370741482966,-0.466268466009851,-2.83567134268537,0.713881987350094,0.909881987350094
"24",2.19438877755511,-0.590747739679452,-2.83567134268537,0.713881987350094,0.909881987350094
"25",2.25450901803607,-0.750166591665565,-2.83567134268537,0.713881987350094,0.909881987350094
"26",2.67535070140281,-0.393909984321942,-2.83567134268537,0.713881987350094,0.909881987350094
"27",3.37675350701403,0.0965824688974515,-2.83567134268537,0.713881987350094,0.909881987350094
"28",4.49899799599198,0.659163960748347,-2.83567134268537,0.713881987350094,0.909881987350094
"29",4.65931863727455,0.92629360169264,-2.83567134268537,0.713881987350094,0.909881987350094
"30",4.91983967935872,0.909929126316022,-2.83567134268537,0.713881987350094,0.909881987350094
