"","x","yplot","target","ftrue","fwrong"
"1",-4.3186372745491,0.155403251993755,-2.87575150300601,-0.840363400690943,-0.644363400690943
"2",-4.19839679358717,-0.039988271999262,-2.87575150300601,-0.840363400690943,-0.644363400690943
"3",-3.85771543086172,-0.329919766851904,-2.87575150300601,-0.840363400690943,-0.644363400690943
"4",-3.81763527054108,-0.309529062546226,-2.87575150300601,-0.840363400690943,-0.644363400690943
"5",-3.43687374749499,-0.490497543624893,-2.87575150300601,-0.840363400690943,-0.644363400690943
"6",-3.41683366733467,-0.533290921342145,-2.87575150300601,-0.840363400690943,-0.644363400690943
"7",-3.09619238476954,-0.638049863028065,-2.87575150300601,-0.840363400690943,-0.644363400690943
"8",-2.79559118236473,-0.822771122701639,-2.87575150300601,-0.840363400690943,-0.644363400690943
"9",-2.61523046092184,-0.847330190782351,-2.87575150300601,-0.840363400690943,-0.644363400690943
"10",-2.25450901803607,-0.721108475486715,-2.87575150300601,-0.840363400690943,-0.644363400690943
"11",-2.23446893787575,-0.928373503944331,-2.87575150300601,-0.840363400690943,-0.644363400690943
"12",-1.67334669338677,-0.719346343260806,-2.87575150300601,-0.840363400690943,-0.644363400690943
"13",-1.03206412825651,-0.508405342505249,-2.87575150300601,-0.840363400690943,-0.644363400690943
"14",-0.490981963927856,-0.212984893840383,-2.87575150300601,-0.840363400690943,-0.644363400690943
"15",-0.0901803607214431,-0.338453117218766,-2.87575150300601,-0.840363400690943,-0.644363400690943
"16",0.0300601202404804,-0.301522074648306,-2.87575150300601,-0.840363400690943,-0.644363400690943
"17",0.210420841683367,-0.17009946690297,-2.87575150300601,-0.840363400690943,-0.644363400690943
"18",0.490981963927855,-0.170784095887612,-2.87575150300601,-0.840363400690943,-0.644363400690943
"19",1.9939879759519,-0.0442487130233181,-2.87575150300601,-0.840363400690943,-0.644363400690943
"20",2.11422845691383,-0.0355374182521026,-2.87575150300601,-0.840363400690943,-0.644363400690943
"21",2.19438877755511,0.156168450359891,-2.87575150300601,-0.840363400690943,-0.644363400690943
"22",2.33466933867735,0.136978720513659,-2.87575150300601,-0.840363400690943,-0.644363400690943
"23",2.67535070140281,0.212739647316941,-2.87575150300601,-0.840363400690943,-0.644363400690943
"24",3.03607214428858,0.247330856984527,-2.87575150300601,-0.840363400690943,-0.644363400690943
"25",3.23647294589178,0.241984626139505,-2.87575150300601,-0.840363400690943,-0.644363400690943
"26",3.67735470941884,0.143110775846717,-2.87575150300601,-0.840363400690943,-0.644363400690943
"27",4.05811623246493,0.0283748827399363,-2.87575150300601,-0.840363400690943,-0.644363400690943
"28",4.17835671342685,-0.0726921229430004,-2.87575150300601,-0.840363400690943,-0.644363400690943
"29",4.5190380761523,-0.203612717782049,-2.87575150300601,-0.840363400690943,-0.644363400690943
"30",4.69939879759519,-0.588510529574191,-2.87575150300601,-0.840363400690943,-0.644363400690943
