"","x","yplot","target","ftrue","fwrong"
"1",-4.61923847695391,-0.185663361910396,3.69739478957916,0.949512495712818,1.14551249571282
"2",-4.55911823647295,-0.144200284494835,3.69739478957916,0.949512495712818,1.14551249571282
"3",-2.09418837675351,0.356321649823282,3.69739478957916,0.949512495712818,1.14551249571282
"4",-1.61322645290581,0.431211886416605,3.69739478957916,0.949512495712818,1.14551249571282
"5",-0.711422845691383,0.73230555596067,3.69739478957916,0.949512495712818,1.14551249571282
"6",-0.230460921843687,0.817862272371997,3.69739478957916,0.949512495712818,1.14551249571282
"7",1.95390781563126,0.951209467738702,3.69739478957916,0.949512495712818,1.14551249571282
"8",2.45490981963928,1.09365535284696,3.69739478957916,0.949512495712818,1.14551249571282
"9",3.0561122244489,0.843174389484375,3.69739478957916,0.949512495712818,1.14551249571282
"10",3.17635270541082,0.726567646110491,3.69739478957916,0.949512495712818,1.14551249571282
"11",3.23647294589178,0.922796605480438,3.69739478957916,0.949512495712818,1.14551249571282
"12",3.37675350701403,1.02056793813404,3.69739478957916,0.949512495712818,1.14551249571282
"13",3.39679358717435,1.031945015145,3.69739478957916,0.949512495712818,1.14551249571282
"14",3.45691382765531,0.899949080696706,3.69739478957916,0.949512495712818,1.14551249571282
"15",3.7374749498998,0.914391320109589,3.69739478957916,0.949512495712818,1.14551249571282
"16",3.75751503006012,0.880392807868403,3.69739478957916,0.949512495712818,1.14551249571282
"17",3.81763527054108,0.884764883119994,3.69739478957916,0.949512495712818,1.14551249571282
"18",3.85771543086172,0.854492552384801,3.69739478957916,0.949512495712818,1.14551249571282
"19",3.95791583166333,0.830352578052918,3.69739478957916,0.949512495712818,1.14551249571282
"20",4.01803607214429,0.952326660787151,3.69739478957916,0.949512495712818,1.14551249571282
"21",4.03807615230461,0.872883749634782,3.69739478957916,0.949512495712818,1.14551249571282
"22",4.07815631262525,0.959182272791536,3.69739478957916,0.949512495712818,1.14551249571282
"23",4.09819639278557,0.870505490110152,3.69739478957916,0.949512495712818,1.14551249571282
"24",4.11823647294589,0.964325077112483,3.69739478957916,0.949512495712818,1.14551249571282
"25",4.23847695390782,0.904357294000146,3.69739478957916,0.949512495712818,1.14551249571282
"26",4.29859719438878,0.95699131755854,3.69739478957916,0.949512495712818,1.14551249571282
"27",4.39879759519038,0.972388569525635,3.69739478957916,0.949512495712818,1.14551249571282
"28",4.63927855711423,1.02723409548964,3.69739478957916,0.949512495712818,1.14551249571282
"29",4.65931863727455,0.945189109012171,3.69739478957916,0.949512495712818,1.14551249571282
"30",4.97995991983968,0.882369772466975,3.69739478957916,0.949512495712818,1.14551249571282
