"","x","yplot","target","ftrue","fwrong"
"1",-4.73947895791583,0.566439463531372,-1.27254509018036,-0.121722019393158,-0.317722019393158
"2",-3.69739478957916,0.197543544585208,-1.27254509018036,-0.121722019393158,-0.317722019393158
"3",-2.79559118236473,-0.0414867542042341,-1.27254509018036,-0.121722019393158,-0.317722019393158
"4",-2.23446893787575,0.148725656987631,-1.27254509018036,-0.121722019393158,-0.317722019393158
"5",-2.21442885771543,0.193752664784251,-1.27254509018036,-0.121722019393158,-0.317722019393158
"6",-2.19438877755511,0.183669034704828,-1.27254509018036,-0.121722019393158,-0.317722019393158
"7",-2.11422845691383,0.0584063432720361,-1.27254509018036,-0.121722019393158,-0.317722019393158
"8",-1.49298597194389,-0.140944146596015,-1.27254509018036,-0.121722019393158,-0.317722019393158
"9",-1.1122244488978,-0.220147792646173,-1.27254509018036,-0.121722019393158,-0.317722019393158
"10",-1.07214428857715,-0.0433344610740411,-1.27254509018036,-0.121722019393158,-0.317722019393158
"11",-0.93186372745491,-0.351785854245127,-1.27254509018036,-0.121722019393158,-0.317722019393158
"12",-0.751503006012024,-0.307488296528682,-1.27254509018036,-0.121722019393158,-0.317722019393158
"13",-0.711422845691383,-0.275506437590115,-1.27254509018036,-0.121722019393158,-0.317722019393158
"14",-0.551102204408818,-0.0808534649511949,-1.27254509018036,-0.121722019393158,-0.317722019393158
"15",-0.450901803607215,-0.0470412247564801,-1.27254509018036,-0.121722019393158,-0.317722019393158
"16",-0.430861723446894,-0.231673990904637,-1.27254509018036,-0.121722019393158,-0.317722019393158
"17",-0.31062124248497,-0.31407897679629,-1.27254509018036,-0.121722019393158,-0.317722019393158
"18",-0.230460921843687,-0.315421508993216,-1.27254509018036,-0.121722019393158,-0.317722019393158
"19",1.1122244488978,-0.795704036752875,-1.27254509018036,-0.121722019393158,-0.317722019393158
"20",4.45891783567134,-0.878575581554153,-1.27254509018036,-0.121722019393158,-0.317722019393158
