"","x","yplot","target","ftrue","fwrong"
"1",-4.77955911823647,0.163097410962523,-3.11623246492986,0.585449717003096,0.389449717003096
"2",-4.55911823647295,0.0757341364285895,-3.11623246492986,0.585449717003096,0.389449717003096
"3",-4.13827655310621,0.690842100944422,-3.11623246492986,0.585449717003096,0.389449717003096
"4",-4.09819639278557,0.489965625207545,-3.11623246492986,0.585449717003096,0.389449717003096
"5",-4.03807615230461,0.638672925461093,-3.11623246492986,0.585449717003096,0.389449717003096
"6",-3.91783567134269,0.570321761669578,-3.11623246492986,0.585449717003096,0.389449717003096
"7",-3.59719438877756,0.495125327523285,-3.11623246492986,0.585449717003096,0.389449717003096
"8",-3.53707414829659,0.61266062396578,-3.11623246492986,0.585449717003096,0.389449717003096
"9",-3.49699398797595,0.679157618674461,-3.11623246492986,0.585449717003096,0.389449717003096
"10",-3.45691382765531,0.482297440679898,-3.11623246492986,0.585449717003096,0.389449717003096
"11",-3.41683366733467,0.60269347415999,-3.11623246492986,0.585449717003096,0.389449717003096
"12",-3.33667334669339,0.603136701691905,-3.11623246492986,0.585449717003096,0.389449717003096
"13",-3.31663326653307,0.696902705567313,-3.11623246492986,0.585449717003096,0.389449717003096
"14",-3.01603206412826,0.660979701026675,-3.11623246492986,0.585449717003096,0.389449717003096
"15",-2.97595190380762,0.506702850131985,-3.11623246492986,0.585449717003096,0.389449717003096
"16",-2.93587174348697,0.521966496114304,-3.11623246492986,0.585449717003096,0.389449717003096
"17",-2.31462925851703,0.293741831139992,-3.11623246492986,0.585449717003096,0.389449717003096
"18",-2.13426853707415,0.18164153987192,-3.11623246492986,0.585449717003096,0.389449717003096
"19",-2.03406813627255,0.24702518813689,-3.11623246492986,0.585449717003096,0.389449717003096
"20",-1.93386773547094,0.289515176642314,-3.11623246492986,0.585449717003096,0.389449717003096
"21",-1.57314629258517,0.209723769645155,-3.11623246492986,0.585449717003096,0.389449717003096
"22",-1.01202404809619,0.0270078112679214,-3.11623246492986,0.585449717003096,0.389449717003096
"23",-0.651302605210421,-0.0768299592490126,-3.11623246492986,0.585449717003096,0.389449717003096
"24",-0.511022044088176,-0.192692010667899,-3.11623246492986,0.585449717003096,0.389449717003096
"25",-0.250501002004008,-0.219846989782256,-3.11623246492986,0.585449717003096,0.389449717003096
"26",-0.150300601202405,-0.219414819039687,-3.11623246492986,0.585449717003096,0.389449717003096
"27",0.150300601202405,-0.151994228994479,-3.11623246492986,0.585449717003096,0.389449717003096
"28",0.470941883767535,-0.248767550016837,-3.11623246492986,0.585449717003096,0.389449717003096
"29",0.751503006012024,-0.495535377491732,-3.11623246492986,0.585449717003096,0.389449717003096
"30",0.831663326653306,-0.574687641960598,-3.11623246492986,0.585449717003096,0.389449717003096
"31",0.851703406813627,-0.568393594477481,-3.11623246492986,0.585449717003096,0.389449717003096
"32",0.891783567134269,-0.361204103509967,-3.11623246492986,0.585449717003096,0.389449717003096
"33",1.37274549098196,-0.551206637377038,-3.11623246492986,0.585449717003096,0.389449717003096
"34",1.71342685370741,-0.434736796714055,-3.11623246492986,0.585449717003096,0.389449717003096
"35",1.81362725450902,-0.236222063345034,-3.11623246492986,0.585449717003096,0.389449717003096
"36",2.03406813627254,-0.395433223543706,-3.11623246492986,0.585449717003096,0.389449717003096
"37",2.49498997995992,-0.67174374800159,-3.11623246492986,0.585449717003096,0.389449717003096
"38",2.5751503006012,-0.453521631078345,-3.11623246492986,0.585449717003096,0.389449717003096
"39",2.89579158316633,-0.505022750218744,-3.11623246492986,0.585449717003096,0.389449717003096
"40",2.97595190380761,-0.572929602401319,-3.11623246492986,0.585449717003096,0.389449717003096
"41",3.19639278557114,-0.573958726303693,-3.11623246492986,0.585449717003096,0.389449717003096
"42",3.47695390781563,-0.432112742552532,-3.11623246492986,0.585449717003096,0.389449717003096
"43",3.53707414829659,-0.657147062986155,-3.11623246492986,0.585449717003096,0.389449717003096
"44",3.77755511022044,-0.428414117822248,-3.11623246492986,0.585449717003096,0.389449717003096
"45",4.23847695390782,-0.240902886951655,-3.11623246492986,0.585449717003096,0.389449717003096
"46",4.35871743486974,-0.121773788265707,-3.11623246492986,0.585449717003096,0.389449717003096
"47",4.47895791583166,0.148730505495123,-3.11623246492986,0.585449717003096,0.389449717003096
"48",4.59919839679359,0.00914143597810077,-3.11623246492986,0.585449717003096,0.389449717003096
"49",4.77955911823647,0.230108369719506,-3.11623246492986,0.585449717003096,0.389449717003096
"50",4.79959919839679,0.178090038553578,-3.11623246492986,0.585449717003096,0.389449717003096
