"","x","yplot","target","ftrue","fwrong"
"1",-3.51703406813627,0.0981847473289845,-2.59519038076152,-0.27751113262681,-0.47351113262681
"2",-3.19639278557114,-0.114114796156749,-2.59519038076152,-0.27751113262681,-0.47351113262681
"3",-3.17635270541082,0.0963282536811643,-2.59519038076152,-0.27751113262681,-0.47351113262681
"4",-0.751503006012024,-0.701138520578838,-2.59519038076152,-0.27751113262681,-0.47351113262681
"5",0.0901803607214431,-0.645062786740101,-2.59519038076152,-0.27751113262681,-0.47351113262681
"6",1.87374749498998,-0.757817322459168,-2.59519038076152,-0.27751113262681,-0.47351113262681
"7",1.97394789579158,-0.697124679851193,-2.59519038076152,-0.27751113262681,-0.47351113262681
"8",2.89579158316633,-0.694911218070365,-2.59519038076152,-0.27751113262681,-0.47351113262681
"9",4.37875751503006,-0.183339586528418,-2.59519038076152,-0.27751113262681,-0.47351113262681
"10",5,-0.111019086197151,-2.59519038076152,-0.27751113262681,-0.47351113262681
