"","x","yplot","target","ftrue","fwrong"
"1",-4.4188376753507,-0.77707799838497,0.731462925851703,-0.582570376999254,-0.386570376999254
"2",-4.13827655310621,-0.497554339873086,0.731462925851703,-0.582570376999254,-0.386570376999254
"3",-4.07815631262525,-0.465069498451977,0.731462925851703,-0.582570376999254,-0.386570376999254
"4",-3.89779559118236,-0.589443217311675,0.731462925851703,-0.582570376999254,-0.386570376999254
"5",-3.81763527054108,-0.40311020864624,0.731462925851703,-0.582570376999254,-0.386570376999254
"6",-3.67735470941884,-0.351208651809645,0.731462925851703,-0.582570376999254,-0.386570376999254
"7",-3.65731462925852,-0.383901652807206,0.731462925851703,-0.582570376999254,-0.386570376999254
"8",-2.91583166332665,0.0975972456891731,0.731462925851703,-0.582570376999254,-0.386570376999254
"9",-2.49498997995992,0.387300228349163,0.731462925851703,-0.582570376999254,-0.386570376999254
"10",-2.07414829659319,0.619870605514372,0.731462925851703,-0.582570376999254,-0.386570376999254
"11",-1.91382765531062,0.394910510461757,0.731462925851703,-0.582570376999254,-0.386570376999254
"12",-1.77354709418838,0.346026056389554,0.731462925851703,-0.582570376999254,-0.386570376999254
"13",-1.65330661322645,0.582799197823544,0.731462925851703,-0.582570376999254,-0.386570376999254
"14",-1.25250501002004,0.409239078466512,0.731462925851703,-0.582570376999254,-0.386570376999254
"15",-0.110220440881764,-0.202303042612792,0.731462925851703,-0.582570376999254,-0.386570376999254
"16",0.170340681362725,-0.174265960802847,0.731462925851703,-0.582570376999254,-0.386570376999254
"17",0.450901803607215,-0.441824735872975,0.731462925851703,-0.582570376999254,-0.386570376999254
"18",0.470941883767535,-0.464187851544081,0.731462925851703,-0.582570376999254,-0.386570376999254
"19",0.531062124248497,-0.664255753055529,0.731462925851703,-0.582570376999254,-0.386570376999254
"20",0.771543086172344,-0.63008388459388,0.731462925851703,-0.582570376999254,-0.386570376999254
"21",0.811623246492986,-0.512690364019182,0.731462925851703,-0.582570376999254,-0.386570376999254
"22",0.871743486973948,-0.864141744130412,0.731462925851703,-0.582570376999254,-0.386570376999254
"23",1.03206412825651,-0.800928418757989,0.731462925851703,-0.582570376999254,-0.386570376999254
"24",1.19238476953908,-0.871202169563893,0.731462925851703,-0.582570376999254,-0.386570376999254
"25",1.25250501002004,-0.629644515658516,0.731462925851703,-0.582570376999254,-0.386570376999254
"26",1.67334669338677,-0.770222513201139,0.731462925851703,-0.582570376999254,-0.386570376999254
"27",2.03406813627254,-0.637330804204737,0.731462925851703,-0.582570376999254,-0.386570376999254
"28",2.27454909819639,-0.682689099670767,0.731462925851703,-0.582570376999254,-0.386570376999254
"29",2.29458917835671,-0.651431273026399,0.731462925851703,-0.582570376999254,-0.386570376999254
"30",2.63527054108216,-0.568661534249863,0.731462925851703,-0.582570376999254,-0.386570376999254
"31",2.73547094188377,-0.52461753335449,0.731462925851703,-0.582570376999254,-0.386570376999254
"32",3.21643286573146,-0.229237026519255,0.731462925851703,-0.582570376999254,-0.386570376999254
"33",3.37675350701403,-0.281786471286124,0.731462925851703,-0.582570376999254,-0.386570376999254
"34",3.49699398797595,-0.225935579048515,0.731462925851703,-0.582570376999254,-0.386570376999254
"35",3.57715430861723,-0.0992876316106007,0.731462925851703,-0.582570376999254,-0.386570376999254
"36",3.65731462925852,-0.0302178170093609,0.731462925851703,-0.582570376999254,-0.386570376999254
"37",3.87775551102204,-0.124743582377372,0.731462925851703,-0.582570376999254,-0.386570376999254
"38",4.05811623246493,-0.270315752329902,0.731462925851703,-0.582570376999254,-0.386570376999254
"39",4.67935871743487,0.155559104492192,0.731462925851703,-0.582570376999254,-0.386570376999254
"40",5,-0.0275010123574766,0.731462925851703,-0.582570376999254,-0.386570376999254
