"","x","yplot","target","ftrue","fwrong"
"1",-4.95991983967936,-0.901133797320631,-1.51302605210421,-0.0628200293301959,-0.258820029330196
"2",-4.35871743486974,-0.743629485496778,-1.51302605210421,-0.0628200293301959,-0.258820029330196
"3",-4.15831663326653,-0.603229962385697,-1.51302605210421,-0.0628200293301959,-0.258820029330196
"4",-3.85771543086172,-0.607583651313542,-1.51302605210421,-0.0628200293301959,-0.258820029330196
"5",-3.55711422845691,-0.333366201582342,-1.51302605210421,-0.0628200293301959,-0.258820029330196
"6",-3.17635270541082,-0.289514001195511,-1.51302605210421,-0.0628200293301959,-0.258820029330196
"7",-2.85571142284569,-0.235364354925382,-1.51302605210421,-0.0628200293301959,-0.258820029330196
"8",-2.45490981963928,-0.116001344730299,-1.51302605210421,-0.0628200293301959,-0.258820029330196
"9",-2.11422845691383,-0.284819692924539,-1.51302605210421,-0.0628200293301959,-0.258820029330196
"10",-1.97394789579158,-0.017421276111478,-1.51302605210421,-0.0628200293301959,-0.258820029330196
"11",-1.83366733466934,0.0730995714508187,-1.51302605210421,-0.0628200293301959,-0.258820029330196
"12",-1.63326653306613,-0.0109003140783763,-1.51302605210421,-0.0628200293301959,-0.258820029330196
"13",-1.59318637274549,-0.20719392618408,-1.51302605210421,-0.0628200293301959,-0.258820029330196
"14",-1.43286573146293,-0.153246992147424,-1.51302605210421,-0.0628200293301959,-0.258820029330196
"15",-1.37274549098196,-0.0148974713577845,-1.51302605210421,-0.0628200293301959,-0.258820029330196
"16",-1.13226452905812,0.175032851926517,-1.51302605210421,-0.0628200293301959,-0.258820029330196
"17",-1.07214428857715,0.0640317620734179,-1.51302605210421,-0.0628200293301959,-0.258820029330196
"18",-0.61122244488978,0.145174109890398,-1.51302605210421,-0.0628200293301959,-0.258820029330196
"19",-0.551102204408818,0.0718200252448291,-1.51302605210421,-0.0628200293301959,-0.258820029330196
"20",-0.511022044088176,0.130524191855598,-1.51302605210421,-0.0628200293301959,-0.258820029330196
"21",-0.450901803607215,-0.0263655620569596,-1.51302605210421,-0.0628200293301959,-0.258820029330196
"22",-0.390781563126253,0.0188095136496927,-1.51302605210421,-0.0628200293301959,-0.258820029330196
"23",-0.370741482965932,0.365887965021178,-1.51302605210421,-0.0628200293301959,-0.258820029330196
"24",-0.130260521042084,0.184464898571799,-1.51302605210421,-0.0628200293301959,-0.258820029330196
"25",0.31062124248497,0.286926375428308,-1.51302605210421,-0.0628200293301959,-0.258820029330196
"26",0.430861723446894,0.423908307116098,-1.51302605210421,-0.0628200293301959,-0.258820029330196
"27",0.490981963927855,0.136606864933191,-1.51302605210421,-0.0628200293301959,-0.258820029330196
"28",0.551102204408817,0.323139230164915,-1.51302605210421,-0.0628200293301959,-0.258820029330196
"29",0.811623246492986,0.390667121322882,-1.51302605210421,-0.0628200293301959,-0.258820029330196
"30",0.911823647294589,0.409400493798633,-1.51302605210421,-0.0628200293301959,-0.258820029330196
"31",0.95190380761523,0.292949271919579,-1.51302605210421,-0.0628200293301959,-0.258820029330196
"32",1.37274549098196,0.403501473613475,-1.51302605210421,-0.0628200293301959,-0.258820029330196
"33",1.59318637274549,0.213934938579857,-1.51302605210421,-0.0628200293301959,-0.258820029330196
"34",2.23446893787575,0.672082552409474,-1.51302605210421,-0.0628200293301959,-0.258820029330196
"35",3.27655310621243,0.56305824845102,-1.51302605210421,-0.0628200293301959,-0.258820029330196
"36",3.29659318637274,0.460792937800746,-1.51302605210421,-0.0628200293301959,-0.258820029330196
"37",3.65731462925852,0.558466177418614,-1.51302605210421,-0.0628200293301959,-0.258820029330196
"38",4.3186372745491,0.354150685022173,-1.51302605210421,-0.0628200293301959,-0.258820029330196
"39",4.53907815631263,0.363402014860492,-1.51302605210421,-0.0628200293301959,-0.258820029330196
"40",4.91983967935872,0.263875020048528,-1.51302605210421,-0.0628200293301959,-0.258820029330196
