"","x","yplot","target","ftrue","fwrong"
"1",-4.87975951903808,0.75488058482381,-3.39679358717435,0.581332794539235,0.777332794539235
"2",-4.19839679358717,0.929613981874974,-3.39679358717435,0.581332794539235,0.777332794539235
"3",-3.65731462925852,0.631061444507908,-3.39679358717435,0.581332794539235,0.777332794539235
"4",-3.57715430861723,0.729423087985503,-3.39679358717435,0.581332794539235,0.777332794539235
"5",-3.03607214428858,0.382905948819704,-3.39679358717435,0.581332794539235,0.777332794539235
"6",-2.97595190380762,0.300278226840959,-3.39679358717435,0.581332794539235,0.777332794539235
"7",-2.59519038076152,0.111504720636724,-3.39679358717435,0.581332794539235,0.777332794539235
"8",-2.49498997995992,0.0618759380704239,-3.39679358717435,0.581332794539235,0.777332794539235
"9",-1.97394789579158,-0.247358937161742,-3.39679358717435,0.581332794539235,0.777332794539235
"10",2.93587174348697,-0.167864803364767,-3.39679358717435,0.581332794539235,0.777332794539235
