"","x","yplot","target","ftrue","fwrong"
"1",-4.11823647294589,0.111826585308332,-1.01202404809619,0.788271789992054,0.984271789992054
"2",-3.59719438877756,0.383216164978216,-1.01202404809619,0.788271789992054,0.984271789992054
"3",-3.07615230460922,0.717016984650121,-1.01202404809619,0.788271789992054,0.984271789992054
"4",-2.4749498997996,0.808977492736949,-1.01202404809619,0.788271789992054,0.984271789992054
"5",-2.03406813627255,0.888498255264264,-1.01202404809619,0.788271789992054,0.984271789992054
"6",-1.95390781563126,1.06661967609223,-1.01202404809619,0.788271789992054,0.984271789992054
"7",-1.93386773547094,1.02592142260433,-1.01202404809619,0.788271789992054,0.984271789992054
"8",-1.71342685370742,0.96031416086534,-1.01202404809619,0.788271789992054,0.984271789992054
"9",-1.67334669338677,1.00298177856918,-1.01202404809619,0.788271789992054,0.984271789992054
"10",-1.55310621242485,1.19880154582233,-1.01202404809619,0.788271789992054,0.984271789992054
"11",-1.51302605210421,0.985534889237006,-1.01202404809619,0.788271789992054,0.984271789992054
"12",-1.47294589178357,0.784114284071216,-1.01202404809619,0.788271789992054,0.984271789992054
"13",-1.43286573146293,0.885830700056504,-1.01202404809619,0.788271789992054,0.984271789992054
"14",-1.29258517034068,0.885270059065874,-1.01202404809619,0.788271789992054,0.984271789992054
"15",-1.19238476953908,0.78927752320651,-1.01202404809619,0.788271789992054,0.984271789992054
"16",-1.1122244488978,0.919328140124266,-1.01202404809619,0.788271789992054,0.984271789992054
"17",-1.05210420841683,0.745166807463831,-1.01202404809619,0.788271789992054,0.984271789992054
"18",-1.01202404809619,0.661240427721115,-1.01202404809619,0.788271789992054,0.984271789992054
"19",-0.91182364729459,0.774649186100236,-1.01202404809619,0.788271789992054,0.984271789992054
"20",-0.871743486973948,0.613995390119592,-1.01202404809619,0.788271789992054,0.984271789992054
"21",-0.811623246492986,0.750657711619651,-1.01202404809619,0.788271789992054,0.984271789992054
"22",-0.791583166332665,0.810453290398164,-1.01202404809619,0.788271789992054,0.984271789992054
"23",-0.691382765531062,0.600658517740874,-1.01202404809619,0.788271789992054,0.984271789992054
"24",-0.470941883767535,0.473090484473666,-1.01202404809619,0.788271789992054,0.984271789992054
"25",-0.410821643286574,0.500211366788116,-1.01202404809619,0.788271789992054,0.984271789992054
"26",-0.0901803607214431,0.489839367829464,-1.01202404809619,0.788271789992054,0.984271789992054
"27",0.0901803607214431,0.438135808849435,-1.01202404809619,0.788271789992054,0.984271789992054
"28",1.07214428857715,-0.0558298635677056,-1.01202404809619,0.788271789992054,0.984271789992054
"29",2.59519038076152,0.425244639904155,-1.01202404809619,0.788271789992054,0.984271789992054
"30",3.8376753507014,0.179142142788022,-1.01202404809619,0.788271789992054,0.984271789992054
