"","x","yplot","target","ftrue","fwrong"
"1",-3.19639278557114,0.484462078766081,1.05210420841683,-0.614232766852053,-0.810232766852053
"2",-3.1563126252505,0.468111534106636,1.05210420841683,-0.614232766852053,-0.810232766852053
"3",-2.87575150300601,0.377735428204233,1.05210420841683,-0.614232766852053,-0.810232766852053
"4",0.290581162324649,-0.73298531262772,1.05210420841683,-0.614232766852053,-0.810232766852053
"5",0.390781563126252,-0.51466407485779,1.05210420841683,-0.614232766852053,-0.810232766852053
"6",0.571142284569138,-0.553769510283104,1.05210420841683,-0.614232766852053,-0.810232766852053
"7",0.95190380761523,-0.619493029933946,1.05210420841683,-0.614232766852053,-0.810232766852053
"8",0.971943887775551,-0.753748159664553,1.05210420841683,-0.614232766852053,-0.810232766852053
"9",1.77354709418838,-0.681102113224372,1.05210420841683,-0.614232766852053,-0.810232766852053
"10",2.01402805611222,-0.618479765072519,1.05210420841683,-0.614232766852053,-0.810232766852053
